0.6494	0.0000	0.0000	0.0000	0.0000	0.0000	0.0000	0.0000	0.0000	0.0000	0.0000	0.0000	0.0000	0.0000	0.0000	0.0000	0.0000
0.3916	0.5249	0.0000	0.0000	0.0000	0.0000	0.0000	0.0000	0.0000	0.0000	0.0000	0.0000	0.0000	0.0000	0.0000	0.0000	0.0000
0.3499	0.1916	0.6984	0.0000	0.0000	0.0000	0.0000	0.0000	0.0000	0.0000	0.0000	0.0000	0.0000	0.0000	0.0000	0.0000	0.0000
0.0000	0.0157	0.1935	0.8030	0.0000	0.0000	0.0000	0.0000	0.0000	0.0000	0.0000	0.0000	0.0000	0.0000	0.0000	0.0000	0.0000
0.0000	0.0125	0.0864	0.6551	0.5122	0.0000	0.0000	0.0000	0.0000	0.0000	0.0000	0.0000	0.0000	0.0000	0.0000	0.0000	0.0000
0.1844	0.0747	0.1959	0.1827	0.1290	0.0732	0.0000	0.0000	0.0000	0.0000	0.0000	0.0000	0.0000	0.0000	0.0000	0.0000	0.0000
0.0000	0.0800	0.0998	0.1290	0.1290	0.1026	0.2747	0.0000	0.0000	0.0000	0.0000	0.0000	0.0000	0.0000	0.0000	0.0000	0.0000
0.0218	0.0980	0.0998	0.0880	0.1030	0.1290	0.2747	0.6461	0.0000	0.0000	0.0000	0.0000	0.0000	0.0000	0.0000	0.0000	0.0000
0.1324	0.0794	0.1147	0.0000	0.0000	0.0732	0.1232	0.1827	0.5359	0.0000	0.0000	0.0000	0.0000	0.0000	0.0000	0.0000	0.0000
0.1802	0.0515	0.0998	0.0192	0.0000	0.0716	0.1232	0.1827	0.4023	0.2453	0.0000	0.0000	0.0000	0.0000	0.0000	0.0000	0.0000
0.1084	0.0900	0.0963	0.0907	0.2099	0.0846	0.1645	0.1931	0.3457	0.2750	0.5323	0.0000	0.0000	0.0000	0.0000	0.0000	0.0000
0.1191	0.0382	0.0864	0.1202	0.1541	0.0155	0.1232	0.1559	0.1997	0.2903	0.5480	0.5837	0.0000	0.0000	0.0000	0.0000	0.0000
0.1296	0.0809	0.0998	0.0769	0.0000	0.0690	0.1232	0.2199	0.1844	0.2037	0.1290	0.1516	0.7003	0.0000	0.0000	0.0000	0.0000
0.1355	0.0531	0.1054	0.0509	0.0526	0.0696	0.2246	0.3623	0.5873	0.3219	0.3579	0.2476	0.5616	0.7426	0.0000	0.0000	0.0000
0.1632	0.0578	0.1262	0.0769	0.0598	0.0743	0.1232	0.2027	0.1846	0.2037	0.1290	0.1290	0.3333	0.3565	0.5843	0.0000	0.0000
0.1179	0.0661	0.3096	0.0407	0.0028	0.0657	0.1232	0.1039	0.2246	0.2037	0.1714	0.1290	0.3793	0.4248	0.4229	0.7138	0.0000
0.1398	0.0984	0.3434	0.0000	0.0112	0.0643	0.1232	0.1080	0.1930	0.2565	0.1290	0.1290	0.3333	0.1148	0.2329	0.3715	0.6882
