0.6700	0.0000	0.0000	0.0000	0.0000	0.0000	0.0000	0.0000	0.0000	0.0000	0.0000	0.0000	0.0000	0.0000	0.0000	0.0000	0.0000
0.5250	0.5227	0.0000	0.0000	0.0000	0.0000	0.0000	0.0000	0.0000	0.0000	0.0000	0.0000	0.0000	0.0000	0.0000	0.0000	0.0000
0.5225	0.3250	0.7420	0.0000	0.0000	0.0000	0.0000	0.0000	0.0000	0.0000	0.0000	0.0000	0.0000	0.0000	0.0000	0.0000	0.0000
0.0000	0.0114	0.2340	0.8100	0.0000	0.0000	0.0000	0.0000	0.0000	0.0000	0.0000	0.0000	0.0000	0.0000	0.0000	0.0000	0.0000
0.0000	0.0091	0.1460	0.6850	0.5950	0.0000	0.0000	0.0000	0.0000	0.0000	0.0000	0.0000	0.0000	0.0000	0.0000	0.0000	0.0000
0.3825	0.2295	0.4160	0.3775	0.2400	0.2241	0.0000	0.0000	0.0000	0.0000	0.0000	0.0000	0.0000	0.0000	0.0000	0.0000	0.0000
0.0000	0.2500	0.1760	0.2400	0.2400	0.3448	0.7010	0.0000	0.0000	0.0000	0.0000	0.0000	0.0000	0.0000	0.0000	0.0000	0.0000
0.0475	0.2568	0.1760	0.1050	0.2375	0.3103	0.7010	0.6625	0.0000	0.0000	0.0000	0.0000	0.0000	0.0000	0.0000	0.0000	0.0000
0.2200	0.2477	0.1740	0.0000	0.0000	0.2241	0.2268	0.3775	0.5825	0.0000	0.0000	0.0000	0.0000	0.0000	0.0000	0.0000	0.0000
0.2100	0.1477	0.1760	0.0275	0.0000	0.2069	0.2268	0.3775	0.5275	0.4100	0.0000	0.0000	0.0000	0.0000	0.0000	0.0000	0.0000
0.1275	0.1136	0.1580	0.1375	0.3125	0.1379	0.2577	0.3625	0.4825	0.4000	0.5550	0.0000	0.0000	0.0000	0.0000	0.0000	0.0000
0.1600	0.0886	0.1680	0.2175	0.2025	0.0345	0.2268	0.2700	0.3175	0.4000	0.5625	0.5850	0.0000	0.0000	0.0000	0.0000	0.0000
0.2400	0.1614	0.1760	0.1100	0.0000	0.1724	0.2268	0.3275	0.3825	0.4400	0.2400	0.2525	0.7021	0.0000	0.0000	0.0000	0.0000
0.1525	0.1477	0.1620	0.0700	0.1025	0.2069	0.3299	0.4625	0.5900	0.4300	0.4250	0.3100	0.5624	0.7575	0.0000	0.0000	0.0000
0.2000	0.1477	0.1880	0.0625	0.0475	0.2241	0.2268	0.3825	0.2600	0.4400	0.2400	0.2400	0.5000	0.4825	0.6075	0.0000	0.0000
0.1825	0.1568	0.3900	0.0600	0.0025	0.1897	0.2268	0.1400	0.2700	0.4400	0.2600	0.2400	0.4894	0.5250	0.5375	0.7200	0.0000
0.1800	0.2500	0.4240	0.0000	0.0125	0.1897	0.2268	0.1400	0.3300	0.4300	0.2400	0.2400	0.5000	0.1225	0.3100	0.4375	0.6950
