0.7883	0.0000	0.0000	0.0000	0.0000	0.0000	0.0000	0.0000	0.0000	0.0000	0.0000	0.0000	0.0000	0.0000	0.0000	0.0000	0.0000
1.0887	1.2474	0.0000	0.0000	0.0000	0.0000	0.0000	0.0000	0.0000	0.0000	0.0000	0.0000	0.0000	0.0000	0.0000	0.0000	0.0000
1.0765	1.9143	0.7603	0.0000	0.0000	0.0000	0.0000	0.0000	0.0000	0.0000	0.0000	0.0000	0.0000	0.0000	0.0000	0.0000	0.0000
4.0975	5.0007	2.3637	0.6100	0.0000	0.0000	0.0000	0.0000	0.0000	0.0000	0.0000	0.0000	0.0000	0.0000	0.0000	0.0000	0.0000
5.3283	4.0165	2.7892	0.7770	0.8734	0.0000	0.0000	0.0000	0.0000	0.0000	0.0000	0.0000	0.0000	0.0000	0.0000	0.0000	0.0000
1.6013	1.9933	1.2454	2.0494	2.2271	1.5303	0.0000	0.0000	0.0000	0.0000	0.0000	0.0000	0.0000	0.0000	0.0000	0.0000	0.0000
2.7255	2.2952	3.1222	1.3072	2.5401	1.5817	0.8251	0.0000	0.0000	0.0000	0.0000	0.0000	0.0000	0.0000	0.0000	0.0000	0.0000
2.2097	1.9431	3.2742	2.4314	2.6971	1.6004	0.8697	0.8008	0.0000	0.0000	0.0000	0.0000	0.0000	0.0000	0.0000	0.0000	0.0000
1.8707	1.9590	2.3929	3.6537	3.7196	1.7248	1.6575	1.3047	0.8914	0.0000	0.0000	0.0000	0.0000	0.0000	0.0000	0.0000	0.0000
1.7292	2.1440	3.4410	3.7288	3.3767	1.7947	1.8292	1.3229	1.0414	1.0952	0.0000	0.0000	0.0000	0.0000	0.0000	0.0000	0.0000
3.4217	2.7960	4.7847	2.7795	2.1654	1.9844	1.5922	1.4119	1.4102	1.1823	0.9844	0.0000	0.0000	0.0000	0.0000	0.0000	0.0000
3.1245	2.8130	4.7404	2.6825	2.3408	2.0787	1.6202	1.7224	1.5874	1.2519	0.9476	0.9548	0.0000	0.0000	0.0000	0.0000	0.0000
1.8827	2.1401	3.0919	2.6912	3.6753	1.8422	1.3633	1.1481	1.2221	1.1477	1.6374	1.9734	0.5862	0.0000	0.0000	0.0000	0.0000
2.0419	2.1558	3.6122	3.2228	3.2003	1.7797	1.4811	1.0294	1.0296	1.2045	1.2009	1.4729	0.7367	0.7148	0.0000	0.0000	0.0000
1.4364	2.0755	1.9710	3.5049	4.0016	1.9052	1.7051	1.3689	1.2917	1.1236	1.6330	1.9986	1.0712	0.9919	0.8762	0.0000	0.0000
1.8945	2.1753	1.7215	3.1111	4.0187	1.9214	2.2053	1.7972	1.2534	1.2042	1.7654	2.0892	0.8925	1.3860	1.0641	0.7693	0.0000
1.4151	2.1352	2.1034	3.3434	4.2376	2.0492	2.2205	1.7768	1.2542	1.1141	1.9758	2.3564	1.1139	1.5442	1.1263	1.0245	0.8785
