0.1828	0.1177	0.0000	0.0000	0.0000	0.0000	0.0000	0.1827	0.0000	0.0000	0.1844	0.1290	0.0000	0.2576	0.1692	0.1844	0.0000
-0.0520	0.5972	0.0630	0.0000	0.0000	0.0000	0.1713	-0.0158	0.0340	0.0201	0.0086	-0.0337	0.0000	-0.0828	-0.1246	-0.0323	0.0000
-0.0344	-0.0815	0.6418	0.0402	0.0000	0.0000	0.0000	-0.0802	-0.0186	-0.0201	-0.0029	0.2551	0.0494	0.0742	0.0942	-0.0048	0.0000
0.0312	-0.2017	-0.1399	0.5649	0.0000	0.0000	-0.1648	-0.0053	-0.0089	0.0244	-0.0057	-0.2214	0.0497	-0.0899	0.0304	-0.0409	0.0000
-0.0237	-0.2174	-0.2177	-0.4655	0.7117	0.0000	-0.0015	0.1095	-0.0012	-0.0244	0.0000	-0.0249	-0.0809	0.1563	-0.0451	0.0038	0.0245
-0.0052	0.2356	-0.1306	0.0484	-0.2786	0.6780	-0.0050	-0.0596	-0.0053	0.0079	0.0291	0.0141	-0.0182	-0.0407	-0.0961	0.0206	-0.0245
0.0125	-0.0913	0.1062	0.1495	-0.0751	-0.2215	0.6649	0.0469	0.0000	-0.0079	-0.1131	0.0947	0.0041	-0.0688	0.0485	-0.1308	0.0203
-0.0524	-0.2150	-0.1851	-0.1519	0.0059	-0.0075	-0.0550	0.4972	0.0000	0.0000	-0.0073	0.0548	0.0016	-0.0901	0.0638	0.0000	-0.0112
0.0684	0.0835	0.0769	-0.0159	0.0487	-0.0591	-0.3366	-0.1633	0.5569	0.0000	0.1704	-0.1626	0.0237	0.0850	-0.0238	0.1451	-0.0091
-0.0152	-0.0924	-0.0870	-0.0045	-0.2012	-0.2095	-0.1846	-0.4869	-0.2677	0.4386	-0.1228	-0.0056	-0.0203	-0.0794	-0.1165	-0.0431	0.0000
-0.0094	-0.0142	0.0705	-0.0035	0.1221	0.0287	-0.0306	0.0405	-0.0651	-0.3723	0.4298	-0.0137	0.0754	-0.1143	0.0714	0.0357	0.0000
0.0000	0.0037	-0.0744	-0.0122	-0.0002	-0.0733	0.0539	0.0588	-0.0704	0.0494	-0.2285	0.5762	0.0045	0.0411	-0.0406	-0.0549	0.0000
0.0000	-0.0673	-0.0672	0.0994	0.0008	0.0094	-0.0698	0.0520	0.0073	-0.0568	0.0482	-0.2678	0.6234	-0.0482	0.1276	-0.0828	0.0000
0.0000	0.0721	0.0725	-0.1199	-0.0008	-0.0162	0.0868	-0.1765	0.0217	0.0211	-0.2058	-0.2098	-0.5165	0.2747	-0.1584	0.0000	0.0000
0.0000	0.0000	0.0000	0.0000	0.0044	0.0554	0.2410	0.1827	0.0000	-0.0059	0.0000	-0.0554	0.0000	0.0000	0.1692	0.0976	0.0000
0.0241	0.0000	0.0000	0.0000	0.0214	0.3984	-0.2521	-0.0053	0.0000	0.0527	0.0000	0.0531	0.0668	0.0000	0.0000	0.4191	0.0000
-0.0395	0.0771	0.0000	0.0000	-0.0258	-0.1928	0.0648	0.0053	0.0000	-0.0181	0.1950	-0.0531	0.0741	-0.0653	0.0012	-0.1087	0.6196
