0.4144	0.0051	0.0691	0.0241	0.1134	0.0129	0.0643	0.0082	0.1012	0.0725	0.1705	0.0896	0.0639	0.0048	0.0000	0.0129	0.1834
0.1876	0.7538	0.0000	0.0043	0.0992	0.0813	0.0698	0.0815	0.0094	0.1017	0.0000	0.0678	0.0427	0.0000	0.0000	0.0605	0.0151
0.0686	0.7828	0.8408	0.0000	0.1666	0.0000	0.0413	0.1844	0.1469	0.0000	0.0304	0.0448	0.1541	0.0000	0.0000	0.1290	0.1081
0.0686	0.0629	0.7171	0.4976	0.0000	0.0000	0.1844	0.1386	0.1258	0.0000	0.0000	0.1091	0.1428	0.0000	0.0217	0.1290	0.1844
0.0732	0.1844	0.1827	0.1290	0.3333	0.0000	0.0000	0.0000	0.0000	0.0800	0.0000	0.0000	0.1959	0.0000	0.1692	0.0000	0.0000
0.0000	0.1844	0.0000	0.0000	0.3333	0.1844	0.1290	0.1290	0.0000	0.0515	0.0000	0.0000	0.0000	0.0000	0.1692	0.1827	0.0000
0.0000	0.0000	0.0000	0.1844	0.3333	0.1290	0.1844	0.0000	0.1290	0.0515	0.0000	0.0000	0.1959	0.0000	0.0000	0.0000	0.1827
0.0686	0.1827	0.1290	0.1844	0.3333	0.1827	0.1827	0.1844	0.1290	0.0508	0.0000	0.0000	0.0000	0.0000	0.1692	0.1844	0.1827
0.0588	0.1827	0.1290	0.1290	0.0000	0.1827	0.1844	0.1827	0.1827	0.0800	0.0000	0.1827	0.0000	0.2747	0.0000	0.1844	0.0000
0.0000	0.0000	0.0000	0.0000	0.3333	0.1290	0.1844	0.1827	0.1844	0.0800	0.0000	0.1290	0.0000	0.0000	0.0000	0.1844	0.0000
0.0000	0.0000	0.0000	0.0000	0.3333	0.1290	0.1844	0.1827	0.1827	0.0800	0.1844	0.0000	0.0000	0.0000	0.0000	0.1844	0.0000
0.0588	0.1827	0.1844	0.0000	0.0000	0.1827	0.1844	0.1827	0.1844	0.0800	0.1844	0.1844	0.0000	0.2747	0.0000	0.1844	0.1844
0.0588	0.1290	0.1827	0.1290	0.3333	0.1290	0.1290	0.1290	0.1827	0.0515	0.1827	0.1827	0.1959	0.0000	0.0000	0.0000	0.1844
0.0000	0.0000	0.0000	0.1290	0.0000	0.0000	0.0000	0.0000	0.0000	0.0000	0.0000	0.1827	0.1959	0.2747	0.0000	0.0000	0.1844
0.0000	0.0000	0.0000	0.0000	0.0000	0.0000	0.0000	0.0000	0.0000	0.0000	0.0000	0.1844	0.1959	0.2747	0.1692	0.0000	0.0000
0.0000	0.1844	0.0000	0.0000	0.0000	0.1827	0.0000	0.0000	0.0000	0.0000	0.0000	0.1827	0.0000	0.2747	0.1692	0.1844	0.0000
0.0000	0.0000	0.0000	0.1290	0.0000	0.1844	0.0000	0.1290	0.0000	0.0000	0.0000	0.1827	0.0000	0.0449	0.2037	0.1827	0.1827
