1.5099	2.2250	2.0730	2.2219	1.7382	2.1819	2.0948	2.2364	2.0647	2.0868	1.9032	2.0137	2.0517	2.2071	2.1929	2.1739	1.9130
2.0427	0.7345	2.3869	2.1694	1.8777	1.9559	2.2468	2.1424	2.3047	2.0564	2.3954	2.0500	2.1144	2.4169	1.8963	2.0139	2.1551
1.8505	1.2210	0.5616	2.1847	1.9541	2.2303	2.0874	1.9612	1.9679	2.1829	2.0827	2.1195	2.0786	2.1567	2.2760	2.0986	1.8720
1.8790	1.7753	0.9921	0.9360	1.9848	2.2796	1.8433	2.1255	2.0564	2.1252	2.0969	1.9554	2.1067	2.0853	2.1710	2.0057	1.8500
1.9962	1.7781	1.9479	1.8679	0.6932	2.1145	2.2031	2.1568	2.3229	2.0117	2.1237	2.0291	1.9545	2.1838	1.8513	1.9048	2.1611
2.2891	1.8909	2.4702	2.3404	0.7342	1.0814	2.3008	2.0954	2.2073	2.0131	2.1047	2.1335	1.9381	2.4154	1.8874	1.9152	2.2927
2.1588	2.1097	2.0410	1.8651	1.0593	1.2263	1.0821	2.0807	2.0129	2.0891	2.1402	2.1829	1.8869	2.1791	2.1445	2.1771	2.0863
1.9802	1.9642	1.8046	1.9261	1.4702	1.3416	1.1410	1.0819	2.2255	2.1716	2.0859	2.0967	2.0306	2.2044	2.0767	2.0438	1.9093
1.9507	1.9471	1.8149	1.9979	2.2628	1.7885	1.2875	1.1785	1.0815	2.1275	2.0059	2.0124	2.2652	1.9729	2.3674	2.1486	1.8787
2.1178	1.9646	2.3701	2.0483	1.6543	1.6215	1.5718	1.4962	1.1418	1.5853	2.0907	1.9703	2.0120	2.4732	2.1807	2.0500	2.0460
2.0644	2.2578	2.1083	2.0460	1.5341	1.5847	1.6412	1.6626	1.2455	1.6360	1.0819	2.1102	2.2144	2.4081	2.2490	2.1062	2.2006
2.0534	1.9608	1.9523	1.9430	1.9719	1.7081	1.7563	1.7838	1.3400	1.6966	1.1473	1.0819	2.1549	1.9468	2.1607	2.1931	2.1086
2.0573	2.0387	1.6416	1.9157	1.4412	2.0303	1.8206	1.9841	1.8409	1.8197	1.6440	1.3510	1.1006	2.3231	2.2488	2.5006	1.9011
2.3051	2.2709	2.1267	2.1387	3.8690	2.9224	2.4902	2.5420	2.0819	2.4086	2.2555	1.6016	1.0814	0.8382	2.1476	2.6197	1.9533
2.5629	2.0517	2.7123	2.5394	4.6297	2.4528	2.7712	2.6769	2.6967	2.3530	3.1203	1.7302	1.5763	1.0149	1.0912	2.5604	2.4161
2.4528	1.8983	2.5169	2.1947	2.2646	1.6423	2.4689	2.1801	2.5150	2.2851	2.8769	1.8001	2.7439	1.4307	1.1840	1.0818	2.2653
2.2472	1.9087	2.4735	2.2558	3.7154	1.7865	2.5880	1.9053	2.2121	2.2583	2.5463	1.8104	2.2194	1.4810	1.2703	1.1195	1.0814
