0.4310	0.0050	0.0825	0.0475	0.4587	0.0100	0.0850	0.0100	0.2875	0.1205	0.3650	0.1025	0.1420	0.0103	0.0000	0.0175	0.3775
0.3448	0.7675	0.0000	0.0050	0.3928	0.1000	0.1100	0.3750	0.0125	0.1841	0.0000	0.1500	0.0700	0.0000	0.0000	0.1625	0.0150
0.2069	0.7925	0.8475	0.0000	0.4982	0.0000	0.0625	0.3825	0.2075	0.0000	0.0550	0.0975	0.1960	0.0000	0.0000	0.2400	0.2600
0.2069	0.1425	0.7600	0.6175	0.0000	0.0000	0.3825	0.3825	0.2325	0.0000	0.0000	0.1075	0.3820	0.0000	0.0100	0.2400	0.3825
0.2241	0.3825	0.3775	0.2400	0.5000	0.0000	0.0000	0.0000	0.0000	0.2500	0.0000	0.0000	0.4160	0.0000	0.3400	0.0000	0.0000
0.0000	0.3825	0.0000	0.0000	0.5000	0.3825	0.2400	0.2400	0.0000	0.1477	0.0000	0.0000	0.0000	0.0000	0.3400	0.3775	0.0000
0.0000	0.0000	0.0000	0.3825	0.5000	0.2400	0.3825	0.0000	0.2400	0.1477	0.0000	0.0000	0.4160	0.0000	0.0000	0.0000	0.3775
0.2069	0.3775	0.2400	0.3825	0.5000	0.3775	0.3775	0.3825	0.2400	0.1455	0.0000	0.0000	0.0000	0.0000	0.3400	0.3825	0.3775
0.1724	0.3775	0.2400	0.2400	0.0000	0.3775	0.3825	0.3775	0.3775	0.2500	0.0000	0.3775	0.0000	0.7010	0.0000	0.3825	0.0000
0.0000	0.0000	0.0000	0.0000	0.5000	0.2400	0.3825	0.3775	0.3825	0.2500	0.0000	0.2400	0.0000	0.0000	0.0000	0.3825	0.0000
0.0000	0.0000	0.0000	0.0000	0.5000	0.2400	0.3825	0.3775	0.3775	0.2500	0.3825	0.0000	0.0000	0.0000	0.0000	0.3825	0.0000
0.1724	0.3775	0.3825	0.0000	0.0000	0.3775	0.3825	0.3775	0.3825	0.2500	0.3825	0.3825	0.0000	0.7010	0.0000	0.3825	0.3825
0.1724	0.2400	0.3775	0.2400	0.5000	0.2400	0.2400	0.2400	0.3775	0.1477	0.3775	0.3775	0.4160	0.0000	0.0000	0.0000	0.3825
0.0000	0.0000	0.0000	0.2400	0.0000	0.0000	0.0000	0.0000	0.0000	0.0000	0.0000	0.3775	0.4160	0.7010	0.0000	0.0000	0.3825
0.0000	0.0000	0.0000	0.0000	0.0000	0.0000	0.0000	0.0000	0.0000	0.0000	0.0000	0.3825	0.4160	0.7010	0.3400	0.0000	0.0000
0.0000	0.3825	0.0000	0.0000	0.0000	0.3775	0.0000	0.0000	0.0000	0.0000	0.0000	0.3775	0.0000	0.7010	0.3400	0.3825	0.0000
0.0000	0.0000	0.0000	0.2400	0.0000	0.3825	0.0000	0.2400	0.0000	0.0000	0.0000	0.3775	0.0000	0.0722	0.4400	0.3775	0.3775
