0.4655	0.0075	0.0375	0.0475	0.0050	0.0375	0.0125	0.3675	0.0025	0.0795	0.0225	0.2675	0.0000	0.0000	0.4100	0.0050	0.1250
0.4483	0.7300	0.2000	0.0850	0.3597	0.2250	0.0100	0.3675	0.0400	0.1341	0.0225	0.3675	0.0720	0.0309	0.4100	0.0450	0.0525
0.4483	0.7125	0.7325	0.1100	0.1217	0.0350	0.0325	0.3400	0.0000	0.0591	0.2450	0.2725	0.0560	0.0000	0.3600	0.0125	0.0700
0.4483	0.6600	0.5775	0.3850	0.2396	0.0000	0.1875	0.3700	0.0000	0.0273	0.0125	0.1925	0.0340	0.0722	0.4300	0.0100	0.0125
0.4655	0.6525	0.5600	0.3850	0.7018	0.0000	0.1050	0.3850	0.0000	0.0068	0.0125	0.0625	0.0160	0.0825	0.4300	0.0200	0.0150
0.4138	0.7450	0.6950	0.4150	0.6913	0.7475	0.1625	0.2675	0.0000	0.0273	0.0225	0.1200	0.0500	0.0206	0.4400	0.0125	0.2450
0.4138	0.7100	0.7425	0.4475	0.6843	0.7275	0.7300	0.2675	0.0100	0.0500	0.1300	0.2625	0.0580	0.0000	0.4000	0.0200	0.2375
0.3966	0.6500	0.6725	0.4550	0.6889	0.6375	0.7175	0.7500	0.0000	0.0841	0.1300	0.3000	0.0400	0.0000	0.4300	0.0200	0.2900
0.4483	0.6975	0.7450	0.4575	0.6373	0.7100	0.7275	0.7250	0.7325	0.1045	0.1950	0.3200	0.0280	0.0000	0.4100	0.0550	0.1525
0.4483	0.6700	0.7300	0.5300	0.6750	0.6350	0.7000	0.6375	0.7300	0.5705	0.2475	0.2025	0.0260	0.0000	0.4200	0.1700	0.1875
0.4138	0.7075	0.7325	0.4475	0.6439	0.7125	0.7250	0.7025	0.7175	0.5523	0.6825	0.1700	0.0140	0.0000	0.4100	0.0700	0.0950
0.4310	0.7425	0.7300	0.4575	0.6326	0.7250	0.7250	0.7550	0.7125	0.5295	0.6850	0.6950	0.0480	0.0000	0.3900	0.1050	0.1150
0.4828	0.6425	0.6975	0.4475	0.6567	0.6550	0.6500	0.7350	0.7075	0.5318	0.6425	0.6875	0.6960	0.0000	0.3800	0.1450	0.1250
0.4655	0.5825	0.6650	0.4500	0.6145	0.6425	0.6575	0.7275	0.6875	0.5068	0.6300	0.7175	0.7500	0.7010	0.4200	0.2100	0.1475
0.4655	0.5525	0.6650	0.4575	0.6266	0.6450	0.6675	0.7200	0.6950	0.4455	0.6375	0.6975	0.7000	0.6907	0.4200	0.2000	0.1450
0.4310	0.6325	0.6500	0.4500	0.6016	0.6825	0.7025	0.7325	0.7025	0.4705	0.6800	0.6950	0.7000	0.6907	0.3800	0.7150	0.0900
0.3793	0.6425	0.7150	0.4700	0.6146	0.6900	0.7200	0.7375	0.7250	0.4864	0.7050	0.7000	0.6480	0.7010	0.4500	0.7350	0.7325
