0.3540	0.0483	0.0999	0.0029	0.0568	0.0259	0.1141	0.0415	0.0085	0.0494	0.0494	0.0350	0.0147	0.0544	0.0656	0.0568	0.1290
0.4497	0.8129	0.1290	0.0029	0.0624	0.0668	0.1025	0.0323	0.0108	0.0693	0.0860	0.0538	0.0285	0.0537	0.0590	0.0612	0.0470
0.4527	0.8188	0.8832	0.0106	0.0238	0.0292	0.0660	0.0212	0.0016	0.0841	0.0454	0.0459	0.0839	0.0041	0.1020	0.0911	0.0772
0.4885	0.8004	0.8787	0.8242	0.0086	0.0341	0.0505	0.0000	0.0000	0.0699	0.0063	0.0629	0.0075	0.0159	0.0340	0.0776	0.0735
0.3427	0.7498	0.8615	0.7793	0.6973	0.0620	0.0294	0.0838	0.0592	0.0857	0.0380	0.0260	0.0319	0.0103	0.0914	0.1106	0.1065
0.2672	0.6960	0.8344	0.7876	0.6814	0.7893	0.0205	0.0489	0.0693	0.0771	0.0761	0.0663	0.0063	0.0070	0.0270	0.0935	0.0649
0.3085	0.7134	0.8568	0.7819	0.6726	0.7920	0.7109	0.0601	0.0273	0.0886	0.0968	0.0835	0.0046	0.0000	0.0275	0.0725	0.0744
0.3896	0.7152	0.8563	0.7639	0.6666	0.7918	0.7137	0.7437	0.0185	0.0829	0.1049	0.1016	0.0108	0.0077	0.0224	0.0992	0.0779
0.3933	0.7290	0.8695	0.7271	0.6759	0.8056	0.7121	0.7571	0.7453	0.0954	0.1025	0.1497	0.0303	0.0068	0.0136	0.1201	0.0711
0.4482	0.7415	0.7623	0.6680	0.6841	0.7156	0.7346	0.5581	0.7105	0.7402	0.1148	0.0876	0.0677	0.0209	0.0133	0.1003	0.0902
0.4867	0.7218	0.7320	0.6969	0.6416	0.7427	0.7240	0.5982	0.7076	0.7159	0.7328	0.0850	0.0670	0.0165	0.0061	0.0765	0.1141
0.4904	0.7244	0.7595	0.6873	0.6478	0.7475	0.6951	0.6609	0.7435	0.7231	0.7317	0.7630	0.0441	0.0214	0.0240	0.0927	0.0818
0.3261	0.8164	0.8718	0.8025	0.6317	0.7986	0.7163	0.7002	0.7305	0.6834	0.7300	0.7373	0.8502	0.0317	0.0343	0.0899	0.0835
0.4733	0.7055	0.8202	0.6039	0.6669	0.7298	0.7237	0.6501	0.6849	0.7116	0.7290	0.7038	0.8598	0.4888	0.0579	0.0568	0.0550
0.3619	0.6831	0.7829	0.5164	0.6787	0.7037	0.7067	0.6836	0.3916	0.7110	0.7225	0.7357	0.8360	0.4444	0.2413	0.0383	0.0660
0.3745	0.6770	0.8175	0.6993	0.6519	0.6428	0.6501	0.5794	0.7315	0.6974	0.7278	0.6977	0.8622	0.4647	0.2635	0.7281	0.0505
0.4120	0.6907	0.8154	0.7288	0.6682	0.7265	0.6332	0.5792	0.7523	0.6964	0.7165	0.6960	0.8748	0.4713	0.3109	0.7165	0.7567
