1.2237	2.1478	2.0421	2.5251	2.0595	2.3031	1.8490	2.1116	2.2643	2.2995	2.2600	2.3630	2.3186	2.0819	2.1432	2.0640	2.1081
1.3382	0.5304	2.1591	2.5419	2.0016	2.3134	1.9212	2.1120	2.2411	2.1667	2.1159	2.1669	2.1670	2.0598	2.1363	2.0302	2.0865
1.4120	0.4990	0.3051	2.4743	2.0562	2.3669	2.0721	2.1867	2.3475	2.1480	2.1259	2.0853	2.1580	2.1275	2.0058	2.0294	2.0050
1.3817	0.5301	0.3173	0.4762	2.2303	2.1815	1.9829	2.4034	2.4037	2.1685	2.2045	2.1366	2.3266	2.1954	2.0442	2.0448	1.9810
1.5897	0.7610	0.4316	0.7518	0.5734	2.0462	2.1741	2.0686	2.1623	2.1347	2.1282	2.1204	2.1156	2.1005	2.0527	1.9799	2.0458
1.5972	0.7113	0.4104	0.5872	0.6177	0.5326	2.2191	2.2162	2.0097	2.1037	2.1657	2.1834	2.4052	2.2453	2.2919	1.9457	2.1018
1.6318	0.6784	0.3908	0.5939	0.6549	0.5770	0.6798	2.1931	2.2464	2.1203	2.0787	2.1553	2.4100	2.4099	2.2235	1.9870	2.2302
1.5466	0.6968	0.4283	0.6057	0.6583	0.5935	0.6800	0.6329	2.4032	2.1397	1.9278	2.0487	2.3968	2.2679	2.2668	1.9564	2.2241
1.5231	0.6402	0.3993	0.7068	0.6310	0.5360	0.6862	0.6327	0.6083	2.1082	2.0393	2.0200	2.2413	2.2571	2.3121	1.9012	2.2552
1.3082	0.7279	0.6845	0.8593	0.5936	0.7458	0.7517	0.9422	0.7873	0.9105	2.0100	2.0746	2.0322	2.2448	2.2884	1.9456	2.1126
1.2958	0.6982	0.7287	0.8012	0.6386	0.6577	0.6968	0.8340	0.7177	0.9747	0.6102	1.9710	2.0285	2.2733	2.2506	2.0305	2.0145
1.2762	0.6915	0.6591	0.8462	0.6356	0.6538	0.7474	0.8346	0.7130	0.9544	0.6504	0.6593	2.0824	2.2192	2.2521	2.0421	1.9785
1.2743	0.5410	0.3803	0.6730	0.6455	0.5767	0.7627	0.8312	0.7073	1.0700	0.6604	0.6127	0.3224	2.1377	2.1691	2.0853	1.9974
1.2665	0.6501	0.4694	0.8869	0.6060	0.7007	0.7386	0.8592	0.8419	0.9923	0.7584	0.7213	0.2959	0.7669	2.1843	2.1267	2.0748
1.3357	0.7205	0.5294	1.0375	0.5942	0.8352	0.9516	1.0123	1.1054	0.9553	0.8586	0.7455	0.3341	0.8031	1.1707	2.1723	2.0838
1.2982	0.7026	0.4758	0.7857	0.6215	0.8182	0.9682	1.0963	0.8614	0.9535	0.8023	0.7990	0.2941	0.7383	1.1336	0.6778	2.0870
1.2626	0.6945	0.4759	0.7133	0.6099	0.6791	0.9269	1.0858	0.7240	0.9936	0.7470	0.7812	0.2799	0.7564	1.1057	0.6851	0.6008
