0.4828	0.0825	0.1950	0.0025	0.1042	0.0175	0.3775	0.0825	0.0100	0.1545	0.1325	0.0800	0.0200	0.1649	0.1200	0.0625	0.2400
0.5345	0.8200	0.3250	0.0025	0.1519	0.2100	0.2725	0.0600	0.0150	0.1455	0.2550	0.0925	0.0380	0.1649	0.1900	0.0450	0.0875
0.5172	0.8250	0.8900	0.0100	0.0579	0.0750	0.2025	0.0400	0.0025	0.2205	0.0700	0.1100	0.1240	0.0103	0.2500	0.1075	0.1550
0.4828	0.8050	0.8850	0.8375	0.0162	0.0450	0.1600	0.0000	0.0000	0.1750	0.0100	0.1375	0.0100	0.0412	0.0400	0.1900	0.1800
0.3621	0.7550	0.8675	0.7900	0.6974	0.2450	0.0375	0.2050	0.2250	0.2091	0.0675	0.0425	0.0900	0.0309	0.2000	0.2300	0.2200
0.2931	0.7025	0.8400	0.7950	0.6862	0.7975	0.0400	0.0775	0.1725	0.2000	0.1275	0.2050	0.0080	0.0206	0.0500	0.2850	0.2350
0.3276	0.7250	0.8625	0.7900	0.6803	0.8025	0.7250	0.1350	0.0475	0.2091	0.1475	0.3075	0.0080	0.0000	0.0500	0.2150	0.2025
0.3621	0.7275	0.8625	0.7750	0.6763	0.8025	0.7250	0.7600	0.0275	0.2091	0.2425	0.3650	0.0200	0.0206	0.0400	0.2425	0.1925
0.3793	0.7375	0.8750	0.7400	0.6819	0.8150	0.7225	0.7650	0.7525	0.2568	0.2175	0.2950	0.0620	0.0206	0.0200	0.2550	0.1925
0.5345	0.7500	0.7750	0.6900	0.6850	0.7325	0.7450	0.5975	0.7275	0.7386	0.2175	0.2475	0.1240	0.0412	0.0100	0.2850	0.2200
0.5517	0.7350	0.7475	0.7125	0.6565	0.7575	0.7350	0.6225	0.7250	0.7136	0.7425	0.2225	0.1260	0.0206	0.0100	0.2300	0.2750
0.5345	0.7350	0.7725	0.7075	0.6600	0.7625	0.7100	0.6750	0.7550	0.7205	0.7400	0.7650	0.0780	0.0619	0.0500	0.1875	0.1950
0.4655	0.8225	0.8750	0.8100	0.6497	0.8100	0.7275	0.7100	0.7450	0.6841	0.7400	0.7450	0.8860	0.0619	0.0800	0.1700	0.2025
0.5517	0.7200	0.8275	0.6450	0.6719	0.7450	0.7350	0.6625	0.7000	0.7045	0.7325	0.7075	0.8960	0.7320	0.1500	0.0825	0.0975
0.5000	0.7025	0.7925	0.5950	0.6801	0.7225	0.7100	0.6875	0.6675	0.7023	0.7300	0.7425	0.8820	0.7113	0.3100	0.0525	0.0950
0.4828	0.7000	0.8250	0.7150	0.6627	0.6675	0.6500	0.6075	0.7425	0.6932	0.7325	0.7000	0.8960	0.7113	0.4300	0.7375	0.0625
0.4828	0.7100	0.8225	0.7425	0.6737	0.7375	0.6350	0.6050	0.7650	0.6932	0.7200	0.7000	0.9040	0.7113	0.4500	0.7250	0.7750
