0.2918	0.0459	0.0907	0.0362	0.1980	0.0455	0.1061	0.0339	0.0000	0.0322	0.0801	0.0000	0.0000	0.0000	0.0000	0.0518	0.0445
0.1026	0.1844	0.0000	0.0000	0.0000	0.0000	0.0000	0.0000	0.0000	0.0515	0.1290	0.0000	0.0000	0.0343	0.0000	0.1844	0.0000
0.1026	0.1827	0.1844	0.1844	0.0000	0.0000	0.0000	0.0000	0.0000	0.0515	0.0000	0.0000	0.0000	0.0449	0.1692	0.1844	0.0000
0.1026	0.1827	0.1290	0.1827	0.0000	0.0000	0.0000	0.0000	0.0000	0.0000	0.0000	0.0000	0.0000	0.0449	0.1692	0.1844	0.1290
0.0197	0.1844	0.1290	0.1844	0.3343	0.0000	0.0000	0.0000	0.0000	0.0000	0.0000	0.0000	0.1959	0.0000	0.0000	0.0000	0.0000
0.0000	0.1290	0.0000	0.0000	0.0000	0.1827	0.0000	0.1290	0.1827	0.0000	0.0000	0.1844	0.0998	0.2747	0.0000	0.1290	0.1827
0.0000	0.1827	0.0000	0.0000	0.0000	0.1827	0.1827	0.1290	0.0000	0.0000	0.0000	0.1844	0.0998	0.0205	0.0000	0.1290	0.0000
0.0000	0.1337	0.0000	0.0000	0.0000	0.1827	0.1844	0.1844	0.1827	0.0000	0.0000	0.1844	0.0998	0.0000	0.0000	0.1290	0.0000
0.0000	0.1290	0.0000	0.0000	0.0000	0.1827	0.1827	0.1827	0.1844	0.0000	0.0000	0.1844	0.0998	0.0000	0.0000	0.1290	0.0000
0.0000	0.0147	0.0000	0.0000	0.0000	0.2476	0.2797	0.1573	0.1827	0.1527	0.0000	0.1844	0.0661	0.0000	0.0000	0.0225	0.1403
0.0000	0.0000	0.0000	0.0000	0.0000	0.1844	0.1290	0.1290	0.1844	0.1030	0.1827	0.0000	0.0998	0.0000	0.0000	0.0000	0.0000
0.0000	0.0000	0.0000	0.0000	0.0000	0.0032	0.1290	0.1282	0.1844	0.0508	0.1827	0.1836	0.2142	0.0000	0.0000	0.0000	0.0000
0.0000	0.0000	0.0000	0.0000	0.0000	0.0000	0.1290	0.1440	0.1844	0.0508	0.1827	0.3882	0.2899	0.0000	0.0000	0.0000	0.0000
0.0000	0.0000	0.0000	0.0000	0.0000	0.1844	0.1290	0.1827	0.1844	0.0800	0.1827	0.1844	0.1959	0.2747	0.0000	0.0000	0.0000
0.0000	0.0000	0.0000	0.0000	0.0000	0.1844	0.1290	0.1290	0.1844	0.0508	0.1827	0.1844	0.1959	0.2747	0.1692	0.0000	0.0000
0.0000	0.0000	0.0000	0.0000	0.0000	0.1844	0.1290	0.1290	0.1844	0.0800	0.1827	0.1844	0.1959	0.2747	0.2037	0.1844	0.1844
0.0000	0.0000	0.0000	0.0000	0.0000	0.1844	0.1290	0.1290	0.1844	0.0800	0.1827	0.1290	0.0998	0.2747	0.2037	0.1827	0.1844
