1.4315	2.1813	2.3223	2.1641	2.0623	2.3144	2.1451	2.1212	2.2477	2.2154	2.4075	2.2449	2.2958	2.1625	2.2415	2.3007	2.4115
1.5335	1.0808	2.1215	2.2479	2.5740	2.0715	2.2417	2.2324	2.1166	2.1904	2.5099	2.1928	2.2816	2.1667	2.0419	2.0803	2.2520
1.5886	1.0891	1.0798	2.1236	2.7499	2.0641	2.3768	2.2124	2.2073	2.2657	2.4303	2.0899	2.3385	2.2180	1.9781	1.9403	2.2282
1.5866	1.0946	1.1127	1.0795	2.8678	2.1172	2.3788	2.1769	2.2046	2.2590	2.5092	2.0886	2.6229	2.2240	2.0205	2.0557	2.0758
1.9148	1.8865	2.1288	1.8371	0.6931	2.1525	2.2038	1.9746	2.2200	2.1426	2.1199	2.0781	1.9480	2.1999	2.0780	2.1665	2.2110
2.9523	1.3236	2.1787	2.5422	6.7005	1.0799	2.0336	1.9233	2.0078	2.2223	2.5180	2.0595	2.2586	1.6628	2.2789	1.8258	1.9213
3.7259	1.5187	3.1600	4.0169	9.1415	1.0834	1.0792	1.8396	2.0385	2.1958	2.4572	2.0121	2.2515	1.7590	2.2281	2.0070	2.0123
4.2033	1.5983	3.2088	4.3852	11.1406	1.0896	1.0887	1.0794	1.9842	2.2692	2.4728	2.0343	2.2246	1.8468	2.2206	2.0056	2.1071
4.1696	1.4914	3.1755	4.2355	10.9488	1.0870	1.0914	1.0869	1.0793	2.2388	2.4347	2.0854	2.2538	1.8578	2.2732	1.9777	2.0332
5.2936	3.8069	5.2545	6.2848	13.7515	1.1771	1.1148	1.1582	1.1162	1.5801	2.1817	1.9734	2.0407	1.9349	2.3892	2.1705	2.0673
5.5390	7.0862	7.9143	7.8538	9.7806	2.0761	1.5158	1.4019	1.5634	1.6688	1.0797	2.0645	1.8006	2.0892	2.3067	2.3186	2.2419
5.3702	7.3483	7.9999	7.8852	7.3449	2.5685	1.6469	1.4873	1.8411	1.7684	1.0810	1.0801	1.7731	2.1878	2.2548	2.4002	2.3187
5.5492	7.1001	7.9269	8.0369	6.2266	2.4218	1.5546	1.4779	1.7856	1.7664	1.0950	1.0665	1.1805	2.1767	2.2709	2.3491	2.3458
6.3072	6.3049	7.3425	7.9786	13.2934	1.5917	1.3602	1.2371	1.3453	1.6458	1.0839	1.1097	1.0939	0.8334	2.3718	2.3536	2.1706
5.9887	6.6365	7.8355	7.9633	9.9709	1.8751	1.4134	1.3259	1.4307	1.6499	1.0838	1.0823	1.1205	0.8221	1.0721	2.3609	2.2406
6.3840	4.2941	5.6041	6.7549	17.8436	1.2298	1.1943	1.2302	1.1450	1.6062	1.1110	1.1348	1.1231	0.8111	1.1103	1.0793	2.0588
6.1509	3.7941	5.1034	6.2062	18.5955	1.1876	1.1545	1.2344	1.1368	1.6061	1.1286	1.1917	1.1882	0.8089	1.1579	1.0852	1.0793
