1.3727	0.0000	0.0000	0.0000	0.0000	0.0000	0.0000	0.0000	0.0000	0.0000	0.0000	0.0000	0.0000	0.0000	0.0000	0.0000	0.0000
1.3632	0.6999	0.0000	0.0000	0.0000	0.0000	0.0000	0.0000	0.0000	0.0000	0.0000	0.0000	0.0000	0.0000	0.0000	0.0000	0.0000
1.3968	0.7755	0.7464	0.0000	0.0000	0.0000	0.0000	0.0000	0.0000	0.0000	0.0000	0.0000	0.0000	0.0000	0.0000	0.0000	0.0000
1.4799	0.7174	0.7494	0.7315	0.0000	0.0000	0.0000	0.0000	0.0000	0.0000	0.0000	0.0000	0.0000	0.0000	0.0000	0.0000	0.0000
1.5975	1.1130	1.0947	1.0341	0.5816	0.0000	0.0000	0.0000	0.0000	0.0000	0.0000	0.0000	0.0000	0.0000	0.0000	0.0000	0.0000
1.4986	0.8541	1.0193	0.9729	0.6246	0.7419	0.0000	0.0000	0.0000	0.0000	0.0000	0.0000	0.0000	0.0000	0.0000	0.0000	0.0000
1.4842	0.8297	1.0051	1.0684	0.6369	0.7304	0.7126	0.0000	0.0000	0.0000	0.0000	0.0000	0.0000	0.0000	0.0000	0.0000	0.0000
1.4721	0.8694	0.9783	1.0453	0.7305	0.8066	0.7465	0.6997	0.0000	0.0000	0.0000	0.0000	0.0000	0.0000	0.0000	0.0000	0.0000
1.4584	0.8356	0.9476	1.0339	0.6386	0.7580	0.7560	0.7423	0.7690	0.0000	0.0000	0.0000	0.0000	0.0000	0.0000	0.0000	0.0000
1.5024	1.0187	0.9404	1.0677	0.6374	0.9225	0.8898	0.9191	0.9778	1.1325	0.0000	0.0000	0.0000	0.0000	0.0000	0.0000	0.0000
1.4985	0.9393	0.8754	0.9534	0.6470	0.8370	0.8132	0.8865	0.9390	1.2062	0.7771	0.0000	0.0000	0.0000	0.0000	0.0000	0.0000
1.5188	0.8315	0.8054	0.9579	0.6802	0.8006	0.7904	0.7983	0.9393	1.2127	0.8003	0.7445	0.0000	0.0000	0.0000	0.0000	0.0000
1.4953	0.9599	0.7116	1.0094	0.6616	0.8543	0.8571	0.8536	0.9205	1.2069	0.8702	0.8542	0.7321	0.0000	0.0000	0.0000	0.0000
1.4932	0.9185	0.6832	0.9242	0.6350	0.8290	0.8595	0.8401	0.8847	1.3982	0.8638	0.8272	0.7120	0.7491	0.0000	0.0000	0.0000
1.4875	0.8558	0.6992	0.9431	0.6373	0.7828	0.8147	0.7907	0.8440	1.7601	0.8772	0.8056	0.7304	0.7327	1.0586	0.0000	0.0000
1.4831	0.7807	0.6560	0.8517	0.6386	0.7711	0.8360	0.7579	0.8034	1.8356	0.8358	0.8267	0.8035	0.7245	1.1128	0.7506	0.0000
1.4533	0.8292	0.6648	0.9454	0.6502	0.8203	0.9161	0.8233	0.8008	1.7671	0.8146	0.9373	0.9113	0.7445	1.0828	0.8012	0.6506
