0.4310	0.0000	0.0000	0.0000	0.0000	0.0000	0.0000	0.0000	0.0000	0.0000	0.0000	0.0000	0.0000	0.0000	0.0000	0.0000	0.0000
0.3966	0.6975	0.0000	0.0000	0.0000	0.0000	0.0000	0.0000	0.0000	0.0000	0.0000	0.0000	0.0000	0.0000	0.0000	0.0000	0.0000
0.4655	0.6925	0.6950	0.0000	0.0000	0.0000	0.0000	0.0000	0.0000	0.0000	0.0000	0.0000	0.0000	0.0000	0.0000	0.0000	0.0000
0.3793	0.6800	0.7025	0.7025	0.0000	0.0000	0.0000	0.0000	0.0000	0.0000	0.0000	0.0000	0.0000	0.0000	0.0000	0.0000	0.0000
0.3621	0.6350	0.5975	0.6925	0.6967	0.0000	0.0000	0.0000	0.0000	0.0000	0.0000	0.0000	0.0000	0.0000	0.0000	0.0000	0.0000
0.4310	0.6750	0.5550	0.5600	0.6918	0.6850	0.0000	0.0000	0.0000	0.0000	0.0000	0.0000	0.0000	0.0000	0.0000	0.0000	0.0000
0.4310	0.6550	0.5525	0.5600	0.6910	0.6825	0.6975	0.0000	0.0000	0.0000	0.0000	0.0000	0.0000	0.0000	0.0000	0.0000	0.0000
0.3793	0.6625	0.5700	0.5825	0.6603	0.6575	0.7050	0.7500	0.0000	0.0000	0.0000	0.0000	0.0000	0.0000	0.0000	0.0000	0.0000
0.4655	0.6400	0.5750	0.5950	0.6870	0.6975	0.6900	0.7375	0.6650	0.0000	0.0000	0.0000	0.0000	0.0000	0.0000	0.0000	0.0000
0.4483	0.6700	0.6800	0.5950	0.6796	0.6550	0.6750	0.6125	0.6175	0.5636	0.0000	0.0000	0.0000	0.0000	0.0000	0.0000	0.0000
0.4310	0.6700	0.6550	0.6250	0.6764	0.6600	0.6850	0.6125	0.6125	0.5364	0.6175	0.0000	0.0000	0.0000	0.0000	0.0000	0.0000
0.3793	0.6850	0.6875	0.6100	0.6669	0.6750	0.6725	0.6775	0.6100	0.5295	0.6300	0.6700	0.0000	0.0000	0.0000	0.0000	0.0000
0.4138	0.7375	0.7925	0.6900	0.6589	0.6950	0.6800	0.6950	0.6950	0.5227	0.6875	0.6800	0.7260	0.0000	0.0000	0.0000	0.0000
0.3966	0.7475	0.7775	0.7050	0.6690	0.6725	0.6750	0.6675	0.6825	0.4614	0.6500	0.6725	0.7180	0.6907	0.0000	0.0000	0.0000
0.3966	0.7125	0.7550	0.6625	0.6699	0.6700	0.6575	0.6600	0.6675	0.4159	0.5575	0.6975	0.7180	0.7010	0.4800	0.0000	0.0000
0.4483	0.7200	0.7525	0.6800	0.6742	0.6800	0.6575	0.7000	0.7225	0.4045	0.6300	0.6800	0.7260	0.7010	0.4200	0.6925	0.0000
0.4483	0.6525	0.7475	0.6500	0.6685	0.6550	0.6400	0.6725	0.7025	0.3909	0.6850	0.6100	0.7000	0.7010	0.4000	0.6400	0.7425
