0.2736	0.0000	0.0000	0.0000	0.0000	0.0000	0.0000	0.0000	0.0000	0.0000	0.0000	0.0000	0.0000	0.0000	0.0000	0.0000	0.0000
0.2281	0.6782	0.0000	0.0000	0.0000	0.0000	0.0000	0.0000	0.0000	0.0000	0.0000	0.0000	0.0000	0.0000	0.0000	0.0000	0.0000
0.2842	0.6551	0.6812	0.0000	0.0000	0.0000	0.0000	0.0000	0.0000	0.0000	0.0000	0.0000	0.0000	0.0000	0.0000	0.0000	0.0000
0.1633	0.6507	0.6987	0.6844	0.0000	0.0000	0.0000	0.0000	0.0000	0.0000	0.0000	0.0000	0.0000	0.0000	0.0000	0.0000	0.0000
0.1905	0.6094	0.5952	0.6850	0.6964	0.0000	0.0000	0.0000	0.0000	0.0000	0.0000	0.0000	0.0000	0.0000	0.0000	0.0000	0.0000
0.2350	0.6630	0.4935	0.4819	0.6916	0.6748	0.0000	0.0000	0.0000	0.0000	0.0000	0.0000	0.0000	0.0000	0.0000	0.0000	0.0000
0.2334	0.6360	0.4923	0.4685	0.6904	0.6689	0.6841	0.0000	0.0000	0.0000	0.0000	0.0000	0.0000	0.0000	0.0000	0.0000	0.0000
0.1654	0.6352	0.5282	0.5226	0.6443	0.6552	0.6972	0.7435	0.0000	0.0000	0.0000	0.0000	0.0000	0.0000	0.0000	0.0000	0.0000
0.2575	0.6152	0.5257	0.5398	0.6870	0.6922	0.6847	0.7285	0.6536	0.0000	0.0000	0.0000	0.0000	0.0000	0.0000	0.0000	0.0000
0.3471	0.6535	0.6733	0.5660	0.6794	0.6252	0.6576	0.5844	0.5925	0.5827	0.0000	0.0000	0.0000	0.0000	0.0000	0.0000	0.0000
0.3082	0.6525	0.6473	0.6045	0.6760	0.6355	0.6653	0.5748	0.5866	0.5441	0.6143	0.0000	0.0000	0.0000	0.0000	0.0000	0.0000
0.1641	0.6689	0.6842	0.5782	0.6608	0.6619	0.6602	0.6566	0.5822	0.5533	0.6309	0.6619	0.0000	0.0000	0.0000	0.0000	0.0000
0.2762	0.7309	0.7874	0.6706	0.6513	0.6858	0.6751	0.6851	0.6858	0.5349	0.6863	0.6683	0.6630	0.0000	0.0000	0.0000	0.0000
0.2009	0.7439	0.7695	0.6887	0.6686	0.6627	0.6703	0.6508	0.6674	0.4476	0.6357	0.6571	0.6391	0.2740	0.0000	0.0000	0.0000
0.1931	0.7091	0.7485	0.6354	0.6694	0.6626	0.6573	0.6431	0.6482	0.3802	0.5089	0.6887	0.6353	0.2781	0.3415	0.0000	0.0000
0.2220	0.7132	0.7464	0.6638	0.6741	0.6787	0.6536	0.6915	0.7167	0.3623	0.6260	0.6674	0.6402	0.2764	0.1986	0.6929	0.0000
0.2253	0.6205	0.7371	0.6295	0.6661	0.6351	0.6061	0.6597	0.6820	0.3495	0.6779	0.5755	0.6174	0.3035	0.2518	0.6281	0.7337
