0.3183	0.0000	0.0000	0.0000	0.0000	0.0000	0.0000	0.0000	0.0000	0.0000	0.0000	0.0000	0.0000	0.0000	0.0000	0.0000	0.0000
0.0892	0.6782	0.0000	0.0000	0.0000	0.0000	0.0000	0.0000	0.0000	0.0000	0.0000	0.0000	0.0000	0.0000	0.0000	0.0000	0.0000
0.0238	0.0000	0.6760	0.0000	0.0000	0.0000	0.0000	0.0000	0.0000	0.0000	0.0000	0.0000	0.0000	0.0000	0.0000	0.0000	0.0000
0.0000	0.0135	0.0701	0.7146	0.0000	0.0000	0.0000	0.0000	0.0000	0.0000	0.0000	0.0000	0.0000	0.0000	0.0000	0.0000	0.0000
0.0449	0.0459	0.0025	0.0073	0.7051	0.0000	0.0000	0.0000	0.0000	0.0000	0.0000	0.0000	0.0000	0.0000	0.0000	0.0000	0.0000
0.0248	0.0000	0.0362	0.0000	0.0030	0.6965	0.0000	0.0000	0.0000	0.0000	0.0000	0.0000	0.0000	0.0000	0.0000	0.0000	0.0000
0.0375	0.0585	0.1774	0.0000	0.0128	0.1082	0.7171	0.0000	0.0000	0.0000	0.0000	0.0000	0.0000	0.0000	0.0000	0.0000	0.0000
0.0595	0.0277	0.0022	0.0156	0.0203	0.1531	0.0138	0.7394	0.0000	0.0000	0.0000	0.0000	0.0000	0.0000	0.0000	0.0000	0.0000
0.0208	0.0000	0.2096	0.1100	0.0004	0.0019	0.0406	0.0937	0.6842	0.0000	0.0000	0.0000	0.0000	0.0000	0.0000	0.0000	0.0000
0.0850	0.0389	0.1023	0.0478	0.0652	0.0855	0.0000	0.0152	0.0499	0.6117	0.0000	0.0000	0.0000	0.0000	0.0000	0.0000	0.0000
0.0612	0.0617	0.0542	0.0546	0.1185	0.0938	0.0571	0.0911	0.0533	0.0473	0.6648	0.0000	0.0000	0.0000	0.0000	0.0000	0.0000
0.0000	0.0022	0.0569	0.0618	0.0012	0.1827	0.0556	0.0505	0.0600	0.0840	0.0000	0.7249	0.0000	0.0000	0.0000	0.0000	0.0000
0.0000	0.0361	0.0213	0.1190	0.0203	0.0554	0.0732	0.0276	0.0223	0.0519	0.0126	0.0596	0.6614	0.0000	0.0000	0.0000	0.0000
0.0000	0.0000	0.0500	0.0966	0.1243	0.0513	0.0050	0.0923	0.0635	0.1147	0.0000	0.0000	0.1144	0.2747	0.0000	0.0000	0.0000
0.0500	0.0282	0.0514	0.1340	0.0052	0.1627	0.0821	0.0948	0.1288	0.0508	0.0067	0.2038	0.1007	0.1285	0.3472	0.0000	0.0000
0.0381	0.0000	0.1173	0.0605	0.0138	0.0757	0.1096	0.0120	0.0186	0.0747	0.0000	0.0000	0.0453	0.0275	0.0000	0.7119	0.0000
0.0340	0.0025	0.0836	0.1232	0.0051	0.0000	0.1606	0.0648	0.0496	0.0371	0.0762	0.0772	0.1428	0.0536	0.0739	0.0709	0.6690
