0.8946	0.0448	0.0000	0.0847	0.0032	0.0000	0.1127	0.0631	0.0462	0.0264	0.0152	0.1310	0.0000	0.0000	0.0667	0.0000	0.0630
0.3450	0.7160	0.0000	0.1290	0.0032	0.0000	0.0208	0.0000	0.1290	0.0350	0.0340	0.1386	0.0000	0.0000	0.1551	0.1315	0.1303
0.0142	0.5682	0.7495	0.0664	0.1552	0.0000	0.0916	0.0221	0.0387	0.0192	0.0606	0.0000	0.0083	0.0622	0.0816	0.1844	0.1248
0.0210	0.4774	0.6753	0.7540	0.1655	0.0379	0.0971	0.0245	0.1409	0.0037	0.0155	0.0172	0.0414	0.0044	0.0421	0.0207	0.0019
0.0000	0.3333	0.2631	0.4473	0.6164	0.0000	0.0614	0.0000	0.0000	0.0000	0.0479	0.0000	0.0973	0.0650	0.0000	0.1377	0.1352
0.0000	0.3333	0.3005	0.1290	0.1844	0.5074	0.0000	0.0741	0.0000	0.0000	0.0000	0.0000	0.0000	0.1347	0.0000	0.1288	0.1051
0.1959	0.0000	0.1290	0.1844	0.1940	0.3517	0.1349	0.0494	0.0000	0.1844	0.0000	0.0000	0.0000	0.0000	0.0000	0.1095	0.1844
0.2937	0.0000	0.0000	0.0317	0.0000	0.4906	0.1932	0.2770	0.0000	0.1695	0.0000	0.0920	0.0941	0.0000	0.0263	0.0000	0.1477
0.0998	0.0000	0.0293	0.1844	0.0000	0.0000	0.0732	0.1811	0.4426	0.1844	0.0000	0.1290	0.1220	0.1108	0.0000	0.1848	0.1162
0.0998	0.3333	0.0000	0.1844	0.0000	0.0000	0.0732	0.0800	0.1844	0.1844	0.0000	0.1290	0.0000	0.0000	0.1232	0.0000	0.1844
0.0998	0.3333	0.0000	0.1844	0.0000	0.0000	0.0732	0.0800	0.1844	0.1827	0.1827	0.1290	0.0000	0.0000	0.0000	0.0000	0.1844
0.0998	0.3333	0.0000	0.1844	0.0000	0.0000	0.0732	0.0800	0.1844	0.1827	0.1827	0.1290	0.0000	0.0000	0.0000	0.0000	0.1844
0.0998	0.3333	0.0000	0.1844	0.0000	0.0000	0.0732	0.0800	0.1844	0.1827	0.1827	0.1290	0.0000	0.0000	0.0000	0.0000	0.1844
0.0998	0.3333	0.0000	0.1844	0.0000	0.0000	0.0732	0.0800	0.1844	0.1827	0.1827	0.1290	0.0000	0.0000	0.0000	0.0000	0.1844
0.0998	0.3333	0.0000	0.1844	0.0000	0.0000	0.0732	0.0800	0.1844	0.1827	0.1827	0.1290	0.0000	0.0000	0.0000	0.0000	0.1844
0.0998	0.3333	0.0000	0.1844	0.0000	0.0000	0.0732	0.0800	0.1844	0.1827	0.1827	0.1290	0.0000	0.0000	0.0000	0.0000	0.1844
0.0998	0.3333	0.0000	0.1844	0.0000	0.0000	0.0732	0.0800	0.1844	0.1827	0.1827	0.1290	0.0000	0.0000	0.0000	0.0000	0.1844
