0.2884	2.3678	2.5506	2.6298	2.8271	2.5489	2.3295	2.4741	2.6061	2.6457	2.4772	2.3887	2.8295	2.6365	2.3317	2.6418	2.5794
1.6926	0.5499	2.6599	2.4273	2.4384	2.6985	2.5584	2.5984	2.4347	2.1891	2.3323	2.4178	2.6292	2.5437	2.3968	2.3732	2.2700
2.2507	1.0579	0.7327	2.4098	2.2326	2.9190	2.5338	2.6145	2.3404	2.3463	2.5375	2.6177	2.6503	2.6097	2.4495	2.2843	2.3969
2.5372	1.4680	1.2037	0.8131	2.3464	2.5791	2.4931	2.5937	2.2136	2.5143	2.3807	2.5109	2.4588	2.6070	2.5999	2.4070	2.5939
2.7814	1.3249	1.7164	1.6282	0.9151	2.6967	2.5616	2.7913	2.6605	2.8507	2.4359	2.4998	2.2937	2.4513	2.8471	2.3102	2.3565
2.7973	1.5918	1.8334	2.0009	1.1535	0.7533	2.6871	2.6480	2.5585	2.8890	2.4353	2.4382	2.4228	2.4317	3.0995	2.4888	2.3340
1.8975	2.0951	2.3908	1.8179	1.7927	1.2610	1.5496	2.4380	2.4773	2.5947	2.5119	2.5804	2.5541	2.6147	2.4274	2.2332	2.4162
1.8214	3.3494	2.8258	2.1859	3.1175	1.6511	1.6281	1.3861	2.4618	2.4494	2.6595	2.4882	2.3891	2.5851	2.2164	2.6168	2.4016
2.0002	2.0885	2.1502	1.7894	3.5945	2.6308	1.9795	1.6282	0.9036	2.3405	2.5811	2.7805	2.6248	2.7062	2.0289	2.4967	2.4878
1.9816	2.0185	2.0442	1.9400	4.3428	3.3932	2.0699	1.7319	1.2317	1.0797	2.9204	2.8587	2.6241	3.0672	1.8469	2.5732	2.2470
nan	nan	nan	nan	nan	nan	nan	nan	nan	nan	nan	nan	nan	nan	nan	nan	nan
nan	nan	nan	nan	nan	nan	nan	nan	nan	nan	nan	nan	nan	nan	nan	nan	nan
nan	nan	nan	nan	nan	nan	nan	nan	nan	nan	nan	nan	nan	nan	nan	nan	nan
nan	nan	nan	nan	nan	nan	nan	nan	nan	nan	nan	nan	nan	nan	nan	nan	nan
nan	nan	nan	nan	nan	nan	nan	nan	nan	nan	nan	nan	nan	nan	nan	nan	nan
nan	nan	nan	nan	nan	nan	nan	nan	nan	nan	nan	nan	nan	nan	nan	nan	nan
nan	nan	nan	nan	nan	nan	nan	nan	nan	nan	nan	nan	nan	nan	nan	nan	nan
