0.9140	0.0963	0.0000	0.2000	0.0025	0.0000	0.2241	0.1114	0.0950	0.0525	0.0150	0.1975	0.0000	0.0000	0.1856	0.0000	0.1775
0.4160	0.7172	0.0000	0.2400	0.0025	0.0000	0.0517	0.0000	0.2400	0.0225	0.0450	0.3825	0.0000	0.0000	0.5876	0.2275	0.3125
0.0120	0.6075	0.7625	0.0375	0.2825	0.0000	0.0690	0.0273	0.0675	0.0350	0.1750	0.0000	0.0100	0.0625	0.0825	0.3825	0.2675
0.0280	0.5614	0.6750	0.7575	0.2200	0.0275	0.1207	0.0773	0.3775	0.0050	0.0175	0.0275	0.0300	0.0050	0.0412	0.0375	0.0025
0.0000	0.5000	0.3275	0.5425	0.6275	0.0000	0.1207	0.0000	0.0000	0.0000	0.0450	0.0000	0.1000	0.1800	0.0000	0.2500	0.1825
0.0000	0.5000	0.3550	0.2400	0.3825	0.6575	0.0000	0.2273	0.0000	0.0000	0.0000	0.0000	0.0000	0.1125	0.0000	0.1875	0.1975
0.4160	0.0000	0.2400	0.3825	0.4050	0.4950	0.3276	0.1182	0.0000	0.3825	0.0000	0.0000	0.0000	0.0000	0.0000	0.3750	0.3825
0.4460	0.0000	0.0000	0.0500	0.0000	0.6500	0.3793	0.3545	0.0000	0.3450	0.0000	0.1600	0.1600	0.0000	0.0206	0.0000	0.3175
0.1760	0.0000	0.0475	0.3825	0.0000	0.0000	0.2241	0.3341	0.5900	0.3825	0.0000	0.2400	0.3100	0.2250	0.0000	0.3575	0.2400
0.1760	0.5000	0.0000	0.3825	0.0000	0.0000	0.2241	0.2500	0.3825	0.3825	0.0000	0.2400	0.0000	0.0000	0.2268	0.0000	0.3825
0.1760	0.5000	0.0000	0.3825	0.0000	0.0000	0.2241	0.2500	0.3825	0.3775	0.3775	0.2400	0.0000	0.0000	0.0000	0.0000	0.3825
0.1760	0.5000	0.0000	0.3825	0.0000	0.0000	0.2241	0.2500	0.3825	0.3775	0.3775	0.2400	0.0000	0.0000	0.0000	0.0000	0.3825
0.1760	0.5000	0.0000	0.3825	0.0000	0.0000	0.2241	0.2500	0.3825	0.3775	0.3775	0.2400	0.0000	0.0000	0.0000	0.0000	0.3825
0.1760	0.5000	0.0000	0.3825	0.0000	0.0000	0.2241	0.2500	0.3825	0.3775	0.3775	0.2400	0.0000	0.0000	0.0000	0.0000	0.3825
0.1760	0.5000	0.0000	0.3825	0.0000	0.0000	0.2241	0.2500	0.3825	0.3775	0.3775	0.2400	0.0000	0.0000	0.0000	0.0000	0.3825
0.1760	0.5000	0.0000	0.3825	0.0000	0.0000	0.2241	0.2500	0.3825	0.3775	0.3775	0.2400	0.0000	0.0000	0.0000	0.0000	0.3825
0.1760	0.5000	0.0000	0.3825	0.0000	0.0000	0.2241	0.2500	0.3825	0.3775	0.3775	0.2400	0.0000	0.0000	0.0000	0.0000	0.3825
