0.6105	2.3651	2.0588	2.1733	2.0859	2.1289	2.1231	2.0278	1.9216	2.0839	1.9070	1.7851	1.9136	1.9410	1.8149	1.9939	2.2219
3.7007	0.5419	2.1760	2.0995	1.8849	2.2497	2.1322	2.0846	2.2586	2.4081	1.8694	1.9797	1.8632	2.0151	1.6544	1.8327	2.2891
2.6230	0.7226	0.6640	1.9762	2.0180	2.2736	1.9941	2.0134	2.1286	2.1937	1.8993	2.0144	1.8920	2.4047	1.6319	2.0374	2.1495
3.5347	0.8983	1.0843	0.6471	1.9772	2.1921	2.0944	2.0216	2.1590	2.1644	1.8705	2.0242	1.9124	2.2317	1.9121	1.9889	2.1657
3.8466	0.7474	1.2473	1.4675	0.7829	2.3179	2.0231	2.0968	2.2827	2.3104	1.9047	1.9945	1.8830	2.0278	1.8302	1.9186	2.1431
2.5639	1.3070	1.8926	1.7244	1.2032	0.5796	2.1435	2.1241	2.4370	2.1962	1.8847	1.8681	1.9304	1.8954	2.2831	2.1067	2.1565
1.7686	2.9539	3.1963	2.8448	2.2962	1.2444	1.5278	2.2032	2.5897	2.0545	2.1925	1.8028	2.0412	1.9015	2.2573	2.3098	2.3100
2.1751	2.3930	2.2448	2.3092	1.6178	1.4157	1.5839	1.1808	2.5495	2.2126	2.0589	1.7971	1.9959	1.7822	2.0776	2.1463	2.2102
2.6961	1.1944	1.6174	1.5041	1.3990	1.9065	2.1546	2.4675	0.8060	2.3697	1.7987	1.9465	1.8485	2.1024	1.5705	1.8974	2.3688
1.5052	1.4478	1.8059	1.4498	1.3742	1.7691	2.2150	2.0500	1.1207	1.0810	1.9710	2.0289	1.9072	2.0039	1.8664	1.8132	2.0268
2.2602	1.1566	1.8009	1.5081	1.4397	2.0773	2.3410	2.5010	1.1584	1.0961	1.0800	1.9939	1.8833	2.2207	1.5606	1.8833	2.0468
3.0176	1.8611	1.7195	1.8853	1.4603	1.9139	2.1119	2.0328	1.1217	1.1284	1.0288	0.7729	1.8558	2.1161	1.6041	1.9858	2.6116
4.1601	0.9374	1.6117	1.7880	1.3926	2.0174	2.3653	2.6704	1.1862	1.1270	1.1310	1.0601	1.0847	2.2008	1.5682	1.9031	2.3552
2.0653	1.9916	1.7073	2.0404	1.3472	1.4965	1.8853	1.9688	1.2090	1.1706	1.0979	1.0248	1.0801	0.7663	1.5882	2.0460	2.3141
3.7538	1.4671	1.7447	1.7297	1.4434	2.0478	2.2200	2.8004	1.4264	1.1046	1.1188	1.3168	1.0814	1.1238	0.8130	1.9520	2.2430
2.9319	1.0323	1.6106	1.8539	1.2542	2.1049	2.3527	2.3270	1.2313	1.1710	1.2470	1.0692	1.1272	1.0277	0.8168	0.8059	2.3239
2.6151	1.4967	1.7996	1.7665	1.5135	2.1169	2.4229	2.2491	1.5089	1.1153	1.1923	1.5119	1.2506	1.4912	0.9475	1.3736	0.8040
