0.7728	0.0000	0.0054	0.0041	0.1002	0.0277	0.0815	0.0602	0.1846	0.0083	0.1659	0.1839	0.0868	0.1484	0.0845	0.0339	0.0024
-0.6662	0.7329	0.0227	0.0030	0.0264	0.0765	-0.0815	0.0134	-0.1846	-0.0083	-0.0687	-0.0825	0.0334	0.0343	0.0765	0.1735	0.1323
0.0203	-0.0826	0.7181	0.0697	-0.0349	0.0270	0.1279	0.0064	0.0295	0.0000	0.0380	-0.0513	-0.0243	-0.1638	0.0409	-0.1411	0.0480
-0.0078	-0.2532	-0.3324	0.6989	-0.0702	-0.0287	-0.0547	-0.0126	-0.0295	0.0000	-0.0639	-0.0243	-0.0042	0.0942	-0.1702	0.0422	-0.0327
-0.0211	0.1974	-0.1803	-0.4581	0.6664	-0.0565	-0.0065	-0.0009	0.0000	0.0000	-0.0515	0.0091	0.0285	0.0456	0.0727	0.0304	-0.0241
0.2662	-0.2140	-0.1227	-0.1149	-0.3286	0.7722	0.0189	0.0209	0.0000	0.0000	0.0531	0.0528	0.0985	0.0805	-0.0855	-0.0188	0.0106
-0.2049	-0.1967	-0.0959	-0.1081	-0.2172	-0.3841	0.1244	-0.0874	0.0000	0.1314	-0.0729	0.0950	-0.2187	-0.1277	-0.0189	-0.1115	-0.0485
-0.0402	0.0373	0.0820	0.0024	0.0523	-0.2373	-0.0905	0.5566	0.0000	-0.1253	0.0696	-0.0538	0.0513	0.0833	0.1048	0.0035	-0.0332
0.0996	0.1122	0.0321	0.2372	-0.0100	-0.0141	-0.0995	-0.4766	0.6231	-0.0061	0.0619	-0.1231	0.0686	-0.0121	0.1716	0.1385	-0.0093
-0.0255	0.0000	0.0000	-0.1498	0.0000	0.0000	0.0486	0.0000	-0.4404	0.1844	0.0512	0.1786	0.0003	-0.1827	-0.2764	-0.1506	-0.0455
-0.0934	0.0000	0.0000	0.0000	0.0000	0.0000	-0.0489	0.0000	0.0017	0.0000	0.0017	-0.1844	0.0000	0.0000	0.2747	0.0000	0.1827
0.0756	0.0000	0.0000	-0.0554	0.0012	-0.0213	0.0311	0.0549	0.0181	0.2430	0.1111	0.6615	0.0000	0.1769	-0.1112	0.1288	-0.1617
-0.0756	0.0000	0.0000	0.0681	-0.0020	0.0130	-0.0311	-0.0546	0.0321	-0.2390	-0.1662	-0.2867	0.0490	-0.0010	0.1112	0.0035	0.0854
0.0594	0.0000	0.0000	-0.0602	0.0012	0.0533	0.1336	-0.0003	-0.0574	0.0963	0.1143	-0.0463	0.1680	0.4909	-0.0692	-0.1323	-0.0912
-0.0594	0.0000	0.0000	0.0368	-0.0004	-0.0450	-0.1336	0.0000	-0.0482	-0.0945	-0.0592	-0.0731	-0.1680	-0.3168	0.0692	0.0000	0.1675
0.0399	0.0000	0.0195	-0.0509	0.0000	0.0000	-0.0038	0.0000	0.0504	0.2129	-0.0163	0.1018	0.0972	0.0288	0.0000	0.6674	-0.1422
0.0621	0.0000	0.0670	0.0460	0.0000	0.0112	-0.0159	0.0748	0.0595	-0.0012	-0.0072	-0.1308	-0.0972	-0.1857	0.0000	-0.4340	0.5342
