0.6825	0.0000	0.0000	0.0000	0.0000	0.0000	0.0000	0.0000	0.0000	0.0000	0.0000	0.0000	0.0000	0.0000	0.0000	0.0000	0.0000
0.6825	0.5909	0.0000	0.0000	0.0000	0.0000	0.0000	0.0000	0.0000	0.0000	0.0000	0.0000	0.0000	0.0000	0.0000	0.0000	0.0000
0.6725	0.5659	0.6680	0.0000	0.0000	0.0000	0.0000	0.0000	0.0000	0.0000	0.0000	0.0000	0.0000	0.0000	0.0000	0.0000	0.0000
0.6900	0.5523	0.6600	0.7425	0.0000	0.0000	0.0000	0.0000	0.0000	0.0000	0.0000	0.0000	0.0000	0.0000	0.0000	0.0000	0.0000
0.6575	0.5659	0.6280	0.7125	0.7250	0.0000	0.0000	0.0000	0.0000	0.0000	0.0000	0.0000	0.0000	0.0000	0.0000	0.0000	0.0000
0.6375	0.5750	0.6240	0.6975	0.6625	0.4828	0.0000	0.0000	0.0000	0.0000	0.0000	0.0000	0.0000	0.0000	0.0000	0.0000	0.0000
0.6625	0.5750	0.6260	0.6725	0.6100	0.4483	0.6907	0.0000	0.0000	0.0000	0.0000	0.0000	0.0000	0.0000	0.0000	0.0000	0.0000
0.6200	0.5386	0.4980	0.6850	0.5975	0.3966	0.6907	0.6425	0.0000	0.0000	0.0000	0.0000	0.0000	0.0000	0.0000	0.0000	0.0000
0.6800	0.4977	0.5000	0.7025	0.6825	0.3793	0.6907	0.6975	0.6175	0.0000	0.0000	0.0000	0.0000	0.0000	0.0000	0.0000	0.0000
0.6750	0.5000	0.5000	0.6625	0.6950	0.3448	0.7010	0.6975	0.6375	0.4000	0.0000	0.0000	0.0000	0.0000	0.0000	0.0000	0.0000
0.6800	0.4455	0.5180	0.6675	0.6925	0.3621	0.6907	0.6925	0.6250	0.4400	0.6400	0.0000	0.0000	0.0000	0.0000	0.0000	0.0000
0.6800	0.4636	0.5240	0.6850	0.6975	0.3448	0.6907	0.7025	0.6275	0.4100	0.6250	0.6825	0.0000	0.0000	0.0000	0.0000	0.0000
0.6775	0.4659	0.5200	0.6925	0.7000	0.3621	0.6907	0.7025	0.6425	0.4300	0.6325	0.6875	0.6354	0.0000	0.0000	0.0000	0.0000
0.7075	0.4750	0.5640	0.6775	0.6900	0.3793	0.6907	0.7150	0.6125	0.4400	0.6375	0.6575	0.6270	0.7050	0.0000	0.0000	0.0000
0.6975	0.4909	0.5480	0.6900	0.6950	0.3621	0.6907	0.7050	0.6125	0.4500	0.6275	0.6675	0.6282	0.6925	0.6475	0.0000	0.0000
0.6875	0.5159	0.5520	0.6700	0.7000	0.3621	0.7010	0.7025	0.6400	0.4300	0.6200	0.6700	0.6396	0.7025	0.6550	0.6625	0.0000
0.6850	0.4909	0.5440	0.7000	0.6900	0.3621	0.7010	0.7150	0.6225	0.4300	0.6350	0.6625	0.6215	0.7175	0.6450	0.6725	0.6675
