0.6339	0.1350	0.0664	0.0639	0.1618	0.0444	0.0316	0.0350	0.0000	0.1755	0.0000	0.3124	0.1185	0.0678	0.1043	0.1087	0.0099
0.6327	0.4607	0.0944	0.0961	0.1960	0.0000	0.0211	0.0313	0.0000	0.1704	0.0000	0.2178	0.1637	0.1040	0.1139	0.0081	0.0253
0.4345	0.3286	0.7442	0.0316	0.1733	0.0000	0.0000	0.0738	0.0041	0.1513	0.0000	0.0989	0.0010	0.0839	0.0984	0.0000	0.0376
0.4144	0.2778	0.5534	0.6803	0.0608	0.0000	0.0000	0.0000	0.0000	0.1277	0.0000	0.0195	0.0019	0.0440	0.1238	0.0000	0.0565
0.3524	0.3307	0.3676	0.5674	0.6538	0.0000	0.0421	0.0531	0.0000	0.1949	0.0000	0.1220	0.0304	0.1176	0.1113	0.0000	0.0471
0.3771	0.3541	0.4286	0.4578	0.5447	0.1652	0.0000	0.0781	0.0000	0.0909	0.0000	0.0688	0.1799	0.1274	0.0756	0.0219	0.0354
0.3709	0.3655	0.4223	0.4376	0.4871	0.1354	0.2747	0.0451	0.0000	0.0811	0.0000	0.0793	0.1759	0.1088	0.1343	0.0175	0.0441
0.3648	0.3553	0.4015	0.4864	0.5062	0.1464	0.2747	0.6060	0.0000	0.0833	0.0000	0.0714	0.1559	0.1383	0.1360	0.0018	0.0335
0.3350	0.3121	0.3469	0.5240	0.6538	0.1286	0.2747	0.5464	0.6050	0.1378	0.0000	0.0333	0.0486	0.1373	0.1120	0.0000	0.0459
0.3186	0.2834	0.3450	0.4398	0.6196	0.0933	0.2747	0.5384	0.6495	0.1692	0.0000	0.0305	0.0274	0.1827	0.1377	0.0000	0.0479
0.3531	0.3057	0.3375	0.5890	0.6269	0.0933	0.2747	0.4890	0.6153	0.1692	0.6034	0.0462	0.0068	0.1827	0.1106	0.0000	0.0512
0.2722	0.2589	0.3322	0.3856	0.6191	0.0933	0.2747	0.5457	0.6329	0.1692	0.5989	0.5665	0.0319	0.1827	0.1120	0.0000	0.0528
0.3352	0.2456	0.3321	0.2111	0.1970	0.1778	0.2747	0.5709	0.2476	0.2527	0.2100	0.2824	0.6734	0.1186	0.0032	0.0352	0.0168
0.3392	0.2985	0.3912	0.3040	0.5693	0.1540	0.2747	0.6029	0.6135	0.2109	0.5760	0.6184	0.5963	0.6578	0.1090	0.0090	0.0377
0.3699	0.3094	0.3757	0.4159	0.6427	0.1866	0.2747	0.5241	0.6286	0.1812	0.6103	0.6057	0.5052	0.6436	0.6197	0.0047	0.0488
0.3387	0.2877	0.3465	0.2422	0.4015	0.2021	0.2747	0.6287	0.4932	0.2425	0.5014	0.4977	0.6256	0.6761	0.4675	0.5711	0.0426
0.3667	0.2403	0.3651	0.3993	0.6165	0.1467	0.2747	0.3929	0.5666	0.1692	0.5739	0.5396	0.3513	0.5462	0.5082	0.4240	0.3884
