0.4483	0.0475	0.1950	0.0400	0.3164	0.0575	0.2075	0.0400	0.0000	0.0500	0.1350	0.0000	0.0000	0.0000	0.0000	0.0500	0.0325
0.3448	0.3825	0.0000	0.0000	0.0000	0.0000	0.0000	0.0000	0.0000	0.1477	0.2400	0.0000	0.0000	0.0722	0.0000	0.3825	0.0000
0.3448	0.3775	0.3825	0.3825	0.0000	0.0000	0.0000	0.0000	0.0000	0.1477	0.0000	0.0000	0.0000	0.0722	0.3400	0.3825	0.0000
0.3448	0.3775	0.2400	0.3775	0.0000	0.0000	0.0000	0.0000	0.0000	0.0000	0.0000	0.0000	0.0000	0.0722	0.3400	0.3825	0.2400
0.0517	0.3825	0.2400	0.3825	0.5002	0.0000	0.0000	0.0000	0.0000	0.0000	0.0000	0.0000	0.4160	0.0000	0.0000	0.0000	0.0000
0.0000	0.2400	0.0000	0.0000	0.0000	0.3775	0.0000	0.2400	0.3775	0.0000	0.0000	0.3825	0.1760	0.7010	0.0000	0.2400	0.3775
0.0000	0.3775	0.0000	0.0000	0.0000	0.3775	0.3775	0.2400	0.0000	0.0000	0.0000	0.3825	0.1760	0.0309	0.0000	0.2400	0.0000
0.0000	0.2425	0.0000	0.0000	0.0000	0.3775	0.3825	0.3825	0.3775	0.0000	0.0000	0.3825	0.1760	0.0000	0.0000	0.2400	0.0000
0.0000	0.2400	0.0000	0.0000	0.0000	0.3775	0.3775	0.3775	0.3825	0.0000	0.0000	0.3825	0.1760	0.0000	0.0000	0.2400	0.0000
0.0000	0.0075	0.0000	0.0000	0.0000	0.4100	0.3375	0.2450	0.3775	0.2886	0.0000	0.3825	0.1460	0.0000	0.0000	0.0125	0.3775
0.0000	0.0000	0.0000	0.0000	0.0000	0.3825	0.2400	0.2400	0.3825	0.1727	0.3775	0.0000	0.1760	0.0000	0.0000	0.0000	0.0000
0.0000	0.0000	0.0000	0.0000	0.0000	0.0025	0.2400	0.2375	0.3825	0.1455	0.3775	0.3800	0.4100	0.0000	0.0000	0.0000	0.0000
0.0000	0.0000	0.0000	0.0000	0.0000	0.0000	0.2400	0.1800	0.3825	0.1455	0.3775	0.4775	0.4100	0.0000	0.0000	0.0000	0.0000
0.0000	0.0000	0.0000	0.0000	0.0000	0.3825	0.2400	0.3775	0.3825	0.2500	0.3775	0.3825	0.4160	0.7010	0.0000	0.0000	0.0000
0.0000	0.0000	0.0000	0.0000	0.0000	0.3825	0.2400	0.2400	0.3825	0.1455	0.3775	0.3825	0.4160	0.7010	0.3400	0.0000	0.0000
0.0000	0.0000	0.0000	0.0000	0.0000	0.3825	0.2400	0.2400	0.3825	0.2500	0.3775	0.3825	0.4160	0.7010	0.4400	0.3825	0.3825
0.0000	0.0000	0.0000	0.0000	0.0000	0.3825	0.2400	0.2400	0.3825	0.2500	0.3775	0.2400	0.1760	0.7010	0.4400	0.3775	0.3825
