0.8373	1.9259	2.1697	2.0260	2.1516	1.8245	2.1964	2.2004	2.1505	2.2433	2.1734	2.2283	2.1643	1.9047	2.1362	2.3688	2.2209
2.0848	0.5922	2.4376	2.1487	2.0579	2.0720	2.2868	2.1943	2.3624	2.0386	2.2977	2.3652	1.9700	2.2921	2.0227	2.2319	2.1441
2.0294	2.2664	0.9351	2.4157	2.0375	2.0647	1.9914	2.1085	2.1281	1.9206	2.1485	2.0432	2.4166	2.0410	2.4008	2.3324	2.2833
2.0544	1.6649	1.9834	0.8697	2.1493	2.1377	2.4114	2.1387	2.0990	2.1988	1.9927	2.2597	2.1180	2.1009	2.0095	2.1257	1.8622
2.4551	1.5815	1.8535	1.9469	0.9888	2.0276	2.0965	2.1002	2.3396	2.0873	2.3223	2.0064	2.1886	2.2978	2.0657	1.9778	2.6659
1.5184	1.2222	1.8946	2.1452	1.6939	0.7956	2.3209	2.2041	2.4396	2.1203	2.5724	2.3315	2.2825	2.1762	2.2121	2.0509	2.6535
1.8844	2.4102	1.7869	1.9891	1.8581	1.9052	1.5976	2.1265	2.1325	2.1479	2.1235	1.9966	2.3593	2.1519	2.1884	2.2899	2.2865
2.5420	2.0939	2.1148	2.2208	2.2337	2.3268	2.0026	1.2900	2.0322	2.0605	2.0282	1.9748	2.0047	1.9198	2.1327	2.1061	1.9410
2.2940	3.6068	2.0395	2.1556	2.4326	2.2136	1.8639	1.7787	0.8670	2.1443	2.1176	1.9671	2.1948	2.1503	2.1446	2.2243	1.8767
2.3107	1.3472	1.7594	2.4771	1.9715	2.1367	2.0652	1.9419	1.9193	0.8102	2.1300	2.1920	1.9174	2.1535	1.8937	2.2532	2.4060
2.2347	2.0054	2.0648	1.9197	2.3427	2.5544	2.1241	2.0227	2.0156	1.7975	0.8997	2.1178	1.8825	2.0722	1.9823	2.1063	2.0082
2.1004	3.9115	1.9455	2.2977	2.0860	2.2488	1.9289	1.9577	1.8050	1.9974	1.9833	0.8744	2.2787	2.0983	2.1185	2.1905	2.3089
2.9539	1.6564	2.2572	1.9914	2.2851	2.5752	2.1482	2.0323	1.7055	1.8887	1.5416	2.0208	1.2689	2.1548	1.7703	2.0718	1.8981
1.9061	1.5087	2.0798	1.9229	2.2521	2.1635	2.2079	2.1383	2.0849	1.9202	1.7791	2.0536	1.8014	0.9582	1.9792	2.1794	1.9064
2.0842	1.1091	2.4783	1.5756	2.0814	2.1636	2.3644	2.2496	2.1739	2.2855	2.0579	2.4085	1.6379	1.9100	0.9394	2.2512	1.7364
2.5084	2.2456	2.2216	1.9888	2.1039	2.0042	2.2906	2.0055	1.9916	2.2538	1.7365	2.1095	1.9212	1.9141	1.4139	0.8653	2.2864
2.4301	2.5247	2.2718	1.7378	2.5629	2.3566	2.2837	2.0377	1.6702	2.4136	2.0403	2.2608	1.7769	1.7103	1.5568	1.8704	0.8581
