0.6720	0.2984	0.0050	0.1925	0.0175	0.5350	0.1207	0.1500	0.1325	0.0100	0.0000	0.0300	0.0000	0.2400	0.0722	0.0000	0.0550
0.3140	0.7026	0.0000	0.0000	0.3775	0.2125	0.0000	0.1227	0.0000	0.3500	0.0000	0.0000	0.4200	0.0000	0.2474	0.0000	0.0000
0.2820	0.1750	0.6775	0.0050	0.1150	0.2100	0.1034	0.0955	0.0575	0.3600	0.0375	0.2050	0.0000	0.0950	0.0000	0.0000	0.0000
0.1480	0.3401	0.2325	0.7600	0.1525	0.0550	0.0172	0.0591	0.2675	0.1650	0.4175	0.0000	0.0700	0.1175	0.0515	0.3275	0.3100
0.1440	0.4338	0.3650	0.4575	0.6875	0.3050	0.2241	0.1932	0.0125	0.0975	0.1300	0.0275	0.0100	0.0325	0.0515	0.1550	0.0025
0.4620	0.4506	0.2900	0.3475	0.4350	0.8125	0.0690	0.1227	0.1225	0.0175	0.0000	0.0100	0.0000	0.0100	0.0000	0.0100	0.0025
0.3920	0.0545	0.3750	0.2700	0.4025	0.2575	0.3621	0.1364	0.2400	0.0200	0.0925	0.1150	0.0000	0.0500	0.0000	0.0000	0.0275
0.1640	0.3556	0.1875	0.1300	0.0025	0.0775	0.2586	0.5386	0.1700	0.2350	0.2525	0.3250	0.1500	0.3525	0.0000	0.0700	0.2875
0.2080	0.0003	0.0350	0.3625	0.0075	0.2125	0.3103	0.4159	0.7425	0.0600	0.3500	0.1150	0.0400	0.1650	0.0000	0.0625	0.2625
0.1900	0.5895	0.4900	0.0350	0.2375	0.0500	0.1724	0.2523	0.4175	0.7700	0.0150	0.0050	0.3300	0.0750	0.4227	0.0350	0.0475
0.1820	0.2930	0.0275	0.4350	0.0375	0.0000	0.0862	0.2818	0.0875	0.4125	0.7225	0.1050	0.2100	0.3075	0.1443	0.2425	0.0350
0.2440	0.0000	0.3225	0.0175	0.1700	0.0300	0.1724	0.2182	0.2225	0.4400	0.3775	0.7475	0.0000	0.2625	0.0412	0.0675	0.0250
0.0360	0.3582	0.0000	0.3775	0.0025	0.0000	0.1552	0.1432	0.3775	0.3700	0.5125	0.1375	0.4200	0.3725	0.6701	0.0000	0.2425
0.1460	0.5438	0.0875	0.1500	0.0000	0.0475	0.1207	0.2295	0.2625	0.3050	0.7025	0.1775	0.3300	0.7275	0.1031	0.0550	0.3800
0.3620	0.5000	0.0000	0.6000	0.0150	0.0575	0.0172	0.0364	0.3550	0.1050	0.2400	0.0350	0.4400	0.2750	0.7113	0.0575	0.3775
0.0020	0.1494	0.0750	0.3875	0.0725	0.1200	0.0517	0.2659	0.3125	0.1300	0.5050	0.1225	0.1500	0.3500	0.7010	0.7575	0.0100
0.2040	0.1545	0.0025	0.3900	0.0000	0.0450	0.0000	0.1977	0.5825	0.1550	0.3150	0.0800	0.3900	0.3350	0.4948	0.4450	0.7475
