0.5954	0.0928	0.0041	0.1253	0.0143	0.2990	0.0449	0.0510	0.0630	0.0129	0.0000	0.0188	0.0000	0.0779	0.0286	0.0000	0.0279
0.1993	0.7017	0.0000	0.0000	0.1378	0.1382	0.0000	0.0455	0.0000	0.1496	0.0000	0.0000	0.1183	0.0000	0.1218	0.0000	0.0000
0.0924	0.0878	0.5968	0.0058	0.1150	0.0750	0.0476	0.0787	0.0461	0.1378	0.0232	0.1012	0.0000	0.0803	0.0000	0.0000	0.0000
0.0570	0.1410	0.0999	0.7361	0.1006	0.0257	0.0192	0.0479	0.0936	0.0963	0.2204	0.0000	0.0402	0.0375	0.0425	0.1538	0.1008
0.0690	0.1059	0.2049	0.4136	0.6828	0.1028	0.1132	0.0694	0.0126	0.0698	0.0639	0.0193	0.0174	0.0153	0.0339	0.1004	0.0019
0.2731	0.2107	0.1892	0.1179	0.2483	0.8060	0.0488	0.0605	0.0819	0.0123	0.0000	0.0129	0.0000	0.0106	0.0000	0.0133	0.0029
0.1102	0.0386	0.1364	0.1104	0.2848	0.1304	0.1823	0.0485	0.0785	0.0129	0.0558	0.0722	0.0000	0.0282	0.0000	0.0000	0.0187
0.0777	0.0929	0.0940	0.0535	0.0041	0.0512	0.1458	0.5486	0.1009	0.0687	0.0849	0.0730	0.0728	0.0892	0.0000	0.0479	0.1125
0.0859	0.0002	0.0243	0.1250	0.0066	0.1057	0.1327	0.3844	0.7283	0.0347	0.1145	0.0573	0.0248	0.1436	0.0000	0.0386	0.1458
0.0918	0.2997	0.3269	0.0241	0.1646	0.0320	0.0715	0.1759	0.1738	0.7598	0.0103	0.0058	0.0941	0.0725	0.0937	0.0158	0.0454
0.0761	0.1000	0.0183	0.3037	0.0219	0.0000	0.0325	0.1640	0.0433	0.2443	0.7072	0.0553	0.1549	0.1437	0.0543	0.1487	0.0230
0.1423	0.0000	0.2217	0.0196	0.1301	0.0113	0.0785	0.1544	0.1585	0.1952	0.1827	0.7346	0.0000	0.0802	0.0183	0.0589	0.0167
0.0595	0.2631	0.0000	0.1827	0.0029	0.0000	0.0537	0.0880	0.1409	0.1483	0.3875	0.0891	0.3108	0.1307	0.2006	0.0000	0.1061
0.0739	0.1560	0.0331	0.0845	0.0000	0.0255	0.0628	0.1060	0.1390	0.1720	0.5238	0.1113	0.1884	0.7160	0.0523	0.0233	0.1393
0.1749	0.3333	0.0000	0.5592	0.0268	0.0318	0.0238	0.0418	0.1647	0.1047	0.1572	0.0283	0.2037	0.1893	0.3598	0.0296	0.1373
0.0013	0.0647	0.0552	0.2664	0.0465	0.0425	0.0370	0.1314	0.0863	0.0536	0.2681	0.0737	0.0845	0.1437	0.2073	0.7479	0.0072
0.1090	0.0879	0.0019	0.1817	0.0000	0.0232	0.0000	0.0995	0.3060	0.0463	0.1530	0.0448	0.3276	0.2675	0.2319	0.2820	0.7417
