0.6475	0.2318	0.0720	0.1300	0.3025	0.0345	0.0309	0.0700	0.0000	0.2600	0.0000	0.4175	0.3677	0.1600	0.2750	0.2275	0.0100
0.6400	0.4909	0.1200	0.2350	0.3350	0.0000	0.0515	0.0825	0.0000	0.3400	0.0000	0.4425	0.4717	0.3450	0.3675	0.0100	0.0275
0.4700	0.3932	0.7720	0.0425	0.3725	0.0000	0.0000	0.1400	0.0025	0.2500	0.0000	0.0900	0.0010	0.3400	0.3250	0.0000	0.0475
0.4625	0.3727	0.5980	0.6875	0.1000	0.0000	0.0000	0.0000	0.0000	0.2800	0.0000	0.0250	0.0014	0.1650	0.2800	0.0000	0.0975
0.4100	0.4045	0.5280	0.5725	0.6625	0.0000	0.0412	0.1075	0.0000	0.3400	0.0000	0.1350	0.0250	0.3725	0.2650	0.0000	0.0925
0.4325	0.4182	0.5860	0.4650	0.5450	0.3276	0.0000	0.1500	0.0000	0.1600	0.0000	0.1350	0.2979	0.2875	0.1025	0.0475	0.0525
0.4300	0.4136	0.5760	0.4450	0.4875	0.2759	0.7010	0.0700	0.0000	0.1200	0.0000	0.1675	0.2826	0.3700	0.2875	0.0300	0.0725
0.4225	0.3886	0.5500	0.4875	0.5050	0.2931	0.7010	0.6200	0.0000	0.1300	0.0000	0.1500	0.2222	0.3775	0.3250	0.0025	0.0525
0.3900	0.3773	0.5000	0.5325	0.6575	0.2759	0.7010	0.5800	0.6175	0.3000	0.0000	0.0475	0.0426	0.3775	0.3675	0.0000	0.0975
0.3750	0.3614	0.4980	0.4825	0.6150	0.2414	0.7010	0.5750	0.6550	0.3400	0.0000	0.0575	0.0224	0.3775	0.3725	0.0000	0.1000
0.4125	0.3773	0.4960	0.5925	0.6375	0.2414	0.7010	0.5350	0.6250	0.3400	0.6100	0.0625	0.0052	0.3775	0.3525	0.0000	0.1075
0.3250	0.3432	0.4840	0.4525	0.6150	0.2414	0.7010	0.5750	0.6375	0.3400	0.6025	0.5825	0.0266	0.3775	0.3500	0.0000	0.0800
0.0000	0.0000	0.0000	0.0000	0.0000	0.0000	0.0000	0.0000	0.0000	0.0000	0.0000	0.0000	0.0000	0.0000	0.0000	0.0000	0.0000
0.0000	0.0000	0.0000	0.0000	0.0000	0.0000	0.0000	0.0000	0.0000	0.0000	0.0000	0.0000	0.0000	0.0000	0.0000	0.0000	0.0000
0.0000	0.0000	0.0000	0.0000	0.0000	0.0000	0.0000	0.0000	0.0000	0.0000	0.0000	0.0000	0.0000	0.0000	0.0000	0.0000	0.0000
0.0000	0.0000	0.0000	0.0000	0.0000	0.0000	0.0000	0.0000	0.0000	0.0000	0.0000	0.0000	0.0000	0.0000	0.0000	0.0000	0.0000
0.0000	0.0000	0.0000	0.0000	0.0000	0.0000	0.0000	0.0000	0.0000	0.0000	0.0000	0.0000	0.0000	0.0000	0.0000	0.0000	0.0000
