0.0000	0.0000	0.2700	0.0000	0.3775	0.0025	0.2241	0.1068	0.0375	0.0000	0.2400	0.0000	0.2500	0.2375	0.0722	0.2625	0.0000
0.0000	0.0000	0.2700	0.0000	0.3775	0.0025	0.2241	0.1068	0.0375	0.0000	0.2400	0.0000	0.2500	0.2375	0.0722	0.2625	0.0000
0.0000	0.0000	0.2700	0.0000	0.3775	0.0025	0.2241	0.1068	0.0375	0.0000	0.2400	0.0000	0.2500	0.2375	0.0722	0.2625	0.0000
0.0000	0.0000	0.2700	0.0000	0.3775	0.0025	0.2241	0.1068	0.0375	0.0000	0.2400	0.0000	0.2500	0.2375	0.0722	0.2625	0.0000
0.0000	0.0000	0.2700	0.0000	0.3775	0.0025	0.2241	0.1068	0.0375	0.0000	0.2400	0.0000	0.2500	0.2375	0.0722	0.2625	0.0000
0.0000	0.0000	0.2700	0.0000	0.3775	0.0025	0.2241	0.1068	0.0375	0.0000	0.2400	0.0000	0.2500	0.2375	0.0722	0.2625	0.0000
0.0000	0.0000	0.2700	0.0000	0.3775	0.0025	0.2241	0.1068	0.0375	0.0000	0.2400	0.0000	0.2500	0.2375	0.0722	0.2625	0.0000
0.0000	0.0000	0.2700	0.0000	0.3775	0.0025	0.2241	0.1068	0.0375	0.0000	0.2400	0.0000	0.2500	0.2375	0.0722	0.2625	0.0000
0.0000	0.0000	0.2700	0.0000	0.3775	0.0025	0.2241	0.1068	0.0375	0.0000	0.2400	0.0000	0.2500	0.2375	0.0722	0.2625	0.0000
0.0000	0.0000	0.2700	0.0000	0.3775	0.0025	0.2241	0.1068	0.0375	0.0000	0.2400	0.0000	0.2500	0.2375	0.0722	0.2625	0.0000
0.0000	0.0000	0.2700	0.0000	0.3775	0.0025	0.2241	0.1068	0.0375	0.0000	0.2400	0.0000	0.2500	0.2375	0.0722	0.2625	0.0000
0.0000	0.0000	0.2700	0.0000	0.3775	0.0025	0.2241	0.1068	0.0375	0.0000	0.2400	0.0000	0.2500	0.2375	0.0722	0.2625	0.0000
0.0000	0.0000	0.2700	0.0000	0.3775	0.0025	0.2241	0.1068	0.0375	0.0000	0.2400	0.0000	0.2500	0.2375	0.0722	0.2625	0.0000
0.0000	0.0000	0.2700	0.0000	0.3775	0.0025	0.2241	0.1068	0.0375	0.0000	0.2400	0.0000	0.2500	0.2375	0.0722	0.2625	0.0000
0.0000	0.0000	0.2700	0.0000	0.3775	0.0025	0.2241	0.1068	0.0375	0.0000	0.2400	0.0000	0.2500	0.2375	0.0722	0.2625	0.0000
0.0000	0.0000	0.2700	0.0000	0.3775	0.0025	0.2241	0.1068	0.0375	0.0000	0.2400	0.0000	0.2500	0.2375	0.0722	0.2625	0.0000
0.0000	0.0000	0.2700	0.0000	0.3775	0.0025	0.2241	0.1068	0.0375	0.0000	0.2400	0.0000	0.2500	0.2375	0.0722	0.2625	0.0000
