0.0933	0.0182	0.0670	0.0000	0.0280	0.0632	0.0000	0.1245	0.1192	0.0664	0.0476	0.0339	0.0735	0.0688	0.0277	0.1137	0.2253
0.0933	0.0182	0.0670	0.0000	0.0280	0.0632	0.0000	0.1245	0.1192	0.0664	0.0476	0.0339	0.0735	0.0688	0.0277	0.1137	0.2253
0.0933	0.0182	0.0670	0.0000	0.0280	0.0632	0.0000	0.1245	0.1192	0.0664	0.0476	0.0339	0.0735	0.0688	0.0277	0.1137	0.2253
0.0933	0.0182	0.0670	0.0000	0.0280	0.0632	0.0000	0.1245	0.1192	0.0664	0.0476	0.0339	0.0735	0.0688	0.0277	0.1137	0.2253
0.0933	0.0182	0.0670	0.0000	0.0280	0.0632	0.0000	0.1245	0.1192	0.0664	0.0476	0.0339	0.0735	0.0688	0.0277	0.1137	0.2253
0.0933	0.0182	0.0670	0.0000	0.0280	0.0632	0.0000	0.1245	0.1192	0.0664	0.0476	0.0339	0.0735	0.0688	0.0277	0.1137	0.2253
0.0933	0.0182	0.0670	0.0000	0.0280	0.0632	0.0000	0.1245	0.1192	0.0664	0.0476	0.0339	0.0735	0.0688	0.0277	0.1137	0.2253
0.0933	0.0182	0.0670	0.0000	0.0280	0.0632	0.0000	0.1245	0.1192	0.0664	0.0476	0.0339	0.0735	0.0688	0.0277	0.1137	0.2253
0.0933	0.0182	0.0670	0.0000	0.0280	0.0632	0.0000	0.1245	0.1192	0.0664	0.0476	0.0339	0.0735	0.0688	0.0277	0.1137	0.2253
0.0933	0.0182	0.0670	0.0000	0.0280	0.0632	0.0000	0.1245	0.1192	0.0664	0.0476	0.0339	0.0735	0.0688	0.0277	0.1137	0.2253
0.0933	0.0182	0.0670	0.0000	0.0280	0.0632	0.0000	0.1245	0.1192	0.0664	0.0476	0.0339	0.0735	0.0688	0.0277	0.1137	0.2253
0.0933	0.0182	0.0670	0.0000	0.0280	0.0632	0.0000	0.1245	0.1192	0.0664	0.0476	0.0339	0.0735	0.0688	0.0277	0.1137	0.2253
0.0933	0.0182	0.0670	0.0000	0.0280	0.0632	0.0000	0.1245	0.1192	0.0664	0.0476	0.0339	0.0735	0.0688	0.0277	0.1137	0.2253
0.0933	0.0182	0.0670	0.0000	0.0280	0.0632	0.0000	0.1245	0.1192	0.0664	0.0476	0.0339	0.0735	0.0688	0.0277	0.1137	0.2253
0.0933	0.0182	0.0670	0.0000	0.0280	0.0632	0.0000	0.1245	0.1192	0.0664	0.0476	0.0339	0.0735	0.0688	0.0277	0.1137	0.2253
0.0933	0.0182	0.0670	0.0000	0.0280	0.0632	0.0000	0.1245	0.1192	0.0664	0.0476	0.0339	0.0735	0.0688	0.0277	0.1137	0.2253
0.0933	0.0182	0.0670	0.0000	0.0280	0.0632	0.0000	0.1245	0.1192	0.0664	0.0476	0.0339	0.0735	0.0688	0.0277	0.1137	0.2253
