0.0000	0.0340	0.1162	0.0985	0.0696	0.0379	0.0802	0.0032	0.0000	0.0000	0.0560	0.0044	0.0373	0.1462	0.0098	0.1580	0.0672
0.0000	0.0340	0.1162	0.0985	0.0696	0.0379	0.0802	0.0032	0.0000	0.0000	0.0560	0.0044	0.0373	0.1462	0.0098	0.1580	0.0672
0.0000	0.0340	0.1162	0.0985	0.0696	0.0379	0.0802	0.0032	0.0000	0.0000	0.0560	0.0044	0.0373	0.1462	0.0098	0.1580	0.0672
0.0000	0.0340	0.1162	0.0985	0.0696	0.0379	0.0802	0.0032	0.0000	0.0000	0.0560	0.0044	0.0373	0.1462	0.0098	0.1580	0.0672
0.0000	0.0340	0.1162	0.0985	0.0696	0.0379	0.0802	0.0032	0.0000	0.0000	0.0560	0.0044	0.0373	0.1462	0.0098	0.1580	0.0672
0.0000	0.0340	0.1162	0.0985	0.0696	0.0379	0.0802	0.0032	0.0000	0.0000	0.0560	0.0044	0.0373	0.1462	0.0098	0.1580	0.0672
0.0000	0.0340	0.1162	0.0985	0.0696	0.0379	0.0802	0.0032	0.0000	0.0000	0.0560	0.0044	0.0373	0.1462	0.0098	0.1580	0.0672
0.0000	0.0340	0.1162	0.0985	0.0696	0.0379	0.0802	0.0032	0.0000	0.0000	0.0560	0.0044	0.0373	0.1462	0.0098	0.1580	0.0672
0.0000	0.0340	0.1162	0.0985	0.0696	0.0379	0.0802	0.0032	0.0000	0.0000	0.0560	0.0044	0.0373	0.1462	0.0098	0.1580	0.0672
0.0000	0.0340	0.1162	0.0985	0.0696	0.0379	0.0802	0.0032	0.0000	0.0000	0.0560	0.0044	0.0373	0.1462	0.0098	0.1580	0.0672
0.0000	0.0340	0.1162	0.0985	0.0696	0.0379	0.0802	0.0032	0.0000	0.0000	0.0560	0.0044	0.0373	0.1462	0.0098	0.1580	0.0672
0.0000	0.0340	0.1162	0.0985	0.0696	0.0379	0.0802	0.0032	0.0000	0.0000	0.0560	0.0044	0.0373	0.1462	0.0098	0.1580	0.0672
0.0000	0.0340	0.1162	0.0985	0.0696	0.0379	0.0802	0.0032	0.0000	0.0000	0.0560	0.0044	0.0373	0.1462	0.0098	0.1580	0.0672
0.0000	0.0340	0.1162	0.0985	0.0696	0.0379	0.0802	0.0032	0.0000	0.0000	0.0560	0.0044	0.0373	0.1462	0.0098	0.1580	0.0672
0.0000	0.0340	0.1162	0.0985	0.0696	0.0379	0.0802	0.0032	0.0000	0.0000	0.0560	0.0044	0.0373	0.1462	0.0098	0.1580	0.0672
0.0000	0.0340	0.1162	0.0985	0.0696	0.0379	0.0802	0.0032	0.0000	0.0000	0.0560	0.0044	0.0373	0.1462	0.0098	0.1580	0.0672
0.0000	0.0340	0.1162	0.0985	0.0696	0.0379	0.0802	0.0032	0.0000	0.0000	0.0560	0.0044	0.0373	0.1462	0.0098	0.1580	0.0672
