0.0197	0.1844	0.1870	0.0000	0.1333	0.0922	0.1369	0.0077	0.0000	0.0606	0.0533	0.0000	0.0000	0.1740	0.3462	0.0000	0.0923
0.0197	0.1844	0.1870	0.0000	0.1333	0.0922	0.1369	0.0077	0.0000	0.0606	0.0533	0.0000	0.0000	0.1740	0.3462	0.0000	0.0923
0.0197	0.1844	0.1870	0.0000	0.1333	0.0922	0.1369	0.0077	0.0000	0.0606	0.0533	0.0000	0.0000	0.1740	0.3462	0.0000	0.0923
0.0197	0.1844	0.1870	0.0000	0.1333	0.0922	0.1369	0.0077	0.0000	0.0606	0.0533	0.0000	0.0000	0.1740	0.3462	0.0000	0.0923
0.0197	0.1844	0.1870	0.0000	0.1333	0.0922	0.1369	0.0077	0.0000	0.0606	0.0533	0.0000	0.0000	0.1740	0.3462	0.0000	0.0923
0.0197	0.1844	0.1870	0.0000	0.1333	0.0922	0.1369	0.0077	0.0000	0.0606	0.0533	0.0000	0.0000	0.1740	0.3462	0.0000	0.0923
0.0197	0.1844	0.1870	0.0000	0.1333	0.0922	0.1369	0.0077	0.0000	0.0606	0.0533	0.0000	0.0000	0.1740	0.3462	0.0000	0.0923
0.0197	0.1844	0.1870	0.0000	0.1333	0.0922	0.1369	0.0077	0.0000	0.0606	0.0533	0.0000	0.0000	0.1740	0.3462	0.0000	0.0923
0.0197	0.1844	0.1870	0.0000	0.1333	0.0922	0.1369	0.0077	0.0000	0.0606	0.0533	0.0000	0.0000	0.1740	0.3462	0.0000	0.0923
0.0197	0.1844	0.1870	0.0000	0.1333	0.0922	0.1369	0.0077	0.0000	0.0606	0.0533	0.0000	0.0000	0.1740	0.3462	0.0000	0.0923
0.0197	0.1844	0.1870	0.0000	0.1333	0.0922	0.1369	0.0077	0.0000	0.0606	0.0533	0.0000	0.0000	0.1740	0.3462	0.0000	0.0923
0.0197	0.1844	0.1870	0.0000	0.1333	0.0922	0.1369	0.0077	0.0000	0.0606	0.0533	0.0000	0.0000	0.1740	0.3462	0.0000	0.0923
0.0197	0.1844	0.1870	0.0000	0.1333	0.0922	0.1369	0.0077	0.0000	0.0606	0.0533	0.0000	0.0000	0.1740	0.3462	0.0000	0.0923
0.0197	0.1844	0.1870	0.0000	0.1333	0.0922	0.1369	0.0077	0.0000	0.0606	0.0533	0.0000	0.0000	0.1740	0.3462	0.0000	0.0923
0.0197	0.1844	0.1870	0.0000	0.1333	0.0922	0.1369	0.0077	0.0000	0.0606	0.0533	0.0000	0.0000	0.1740	0.3462	0.0000	0.0923
0.0197	0.1844	0.1870	0.0000	0.1333	0.0922	0.1369	0.0077	0.0000	0.0606	0.0533	0.0000	0.0000	0.1740	0.3462	0.0000	0.0923
0.0197	0.1844	0.1870	0.0000	0.1333	0.0922	0.1369	0.0077	0.0000	0.0606	0.0533	0.0000	0.0000	0.1740	0.3462	0.0000	0.0923
