0.2586	0.0000	0.0300	0.0000	0.0392	0.0150	0.3750	0.3675	0.1500	0.2295	0.0000	0.2250	0.2940	0.2371	0.0000	0.0000	0.0000
0.2586	0.0000	0.0300	0.0000	0.0392	0.0150	0.3750	0.3675	0.1500	0.2295	0.0000	0.2250	0.2940	0.2371	0.0000	0.0000	0.0000
0.2586	0.0000	0.0300	0.0000	0.0392	0.0150	0.3750	0.3675	0.1500	0.2295	0.0000	0.2250	0.2940	0.2371	0.0000	0.0000	0.0000
0.2586	0.0000	0.0300	0.0000	0.0392	0.0150	0.3750	0.3675	0.1500	0.2295	0.0000	0.2250	0.2940	0.2371	0.0000	0.0000	0.0000
0.2586	0.0000	0.0300	0.0000	0.0392	0.0150	0.3750	0.3675	0.1500	0.2295	0.0000	0.2250	0.2940	0.2371	0.0000	0.0000	0.0000
0.2586	0.0000	0.0300	0.0000	0.0392	0.0150	0.3750	0.3675	0.1500	0.2295	0.0000	0.2250	0.2940	0.2371	0.0000	0.0000	0.0000
0.2586	0.0000	0.0300	0.0000	0.0392	0.0150	0.3750	0.3675	0.1500	0.2295	0.0000	0.2250	0.2940	0.2371	0.0000	0.0000	0.0000
0.2586	0.0000	0.0300	0.0000	0.0392	0.0150	0.3750	0.3675	0.1500	0.2295	0.0000	0.2250	0.2940	0.2371	0.0000	0.0000	0.0000
0.2586	0.0000	0.0300	0.0000	0.0392	0.0150	0.3750	0.3675	0.1500	0.2295	0.0000	0.2250	0.2940	0.2371	0.0000	0.0000	0.0000
0.2586	0.0000	0.0300	0.0000	0.0392	0.0150	0.3750	0.3675	0.1500	0.2295	0.0000	0.2250	0.2940	0.2371	0.0000	0.0000	0.0000
0.2586	0.0000	0.0300	0.0000	0.0392	0.0150	0.3750	0.3675	0.1500	0.2295	0.0000	0.2250	0.2940	0.2371	0.0000	0.0000	0.0000
0.2586	0.0000	0.0300	0.0000	0.0392	0.0150	0.3750	0.3675	0.1500	0.2295	0.0000	0.2250	0.2940	0.2371	0.0000	0.0000	0.0000
0.2586	0.0000	0.0300	0.0000	0.0392	0.0150	0.3750	0.3675	0.1500	0.2295	0.0000	0.2250	0.2940	0.2371	0.0000	0.0000	0.0000
0.2586	0.0000	0.0300	0.0000	0.0392	0.0150	0.3750	0.3675	0.1500	0.2295	0.0000	0.2250	0.2940	0.2371	0.0000	0.0000	0.0000
0.2586	0.0000	0.0300	0.0000	0.0392	0.0150	0.3750	0.3675	0.1500	0.2295	0.0000	0.2250	0.2940	0.2371	0.0000	0.0000	0.0000
0.2586	0.0000	0.0300	0.0000	0.0392	0.0150	0.3750	0.3675	0.1500	0.2295	0.0000	0.2250	0.2940	0.2371	0.0000	0.0000	0.0000
0.2586	0.0000	0.0300	0.0000	0.0392	0.0150	0.3750	0.3675	0.1500	0.2295	0.0000	0.2250	0.2940	0.2371	0.0000	0.0000	0.0000
