0.0238	0.0153	0.0022	0.1122	0.0904	0.0148	0.1123	0.0853	0.1827	0.0732	0.0525	0.0201	0.0703	0.1759	0.0600	0.0000	0.0602
0.0238	0.0153	0.0022	0.1122	0.0904	0.0148	0.1123	0.0853	0.1827	0.0732	0.0525	0.0201	0.0703	0.1759	0.0600	0.0000	0.0602
0.0238	0.0153	0.0022	0.1122	0.0904	0.0148	0.1123	0.0853	0.1827	0.0732	0.0525	0.0201	0.0703	0.1759	0.0600	0.0000	0.0602
0.0238	0.0153	0.0022	0.1122	0.0904	0.0148	0.1123	0.0853	0.1827	0.0732	0.0525	0.0201	0.0703	0.1759	0.0600	0.0000	0.0602
0.0238	0.0153	0.0022	0.1122	0.0904	0.0148	0.1123	0.0853	0.1827	0.0732	0.0525	0.0201	0.0703	0.1759	0.0600	0.0000	0.0602
0.0238	0.0153	0.0022	0.1122	0.0904	0.0148	0.1123	0.0853	0.1827	0.0732	0.0525	0.0201	0.0703	0.1759	0.0600	0.0000	0.0602
0.0238	0.0153	0.0022	0.1122	0.0904	0.0148	0.1123	0.0853	0.1827	0.0732	0.0525	0.0201	0.0703	0.1759	0.0600	0.0000	0.0602
0.0238	0.0153	0.0022	0.1122	0.0904	0.0148	0.1123	0.0853	0.1827	0.0732	0.0525	0.0201	0.0703	0.1759	0.0600	0.0000	0.0602
0.0238	0.0153	0.0022	0.1122	0.0904	0.0148	0.1123	0.0853	0.1827	0.0732	0.0525	0.0201	0.0703	0.1759	0.0600	0.0000	0.0602
0.0238	0.0153	0.0022	0.1122	0.0904	0.0148	0.1123	0.0853	0.1827	0.0732	0.0525	0.0201	0.0703	0.1759	0.0600	0.0000	0.0602
0.0238	0.0153	0.0022	0.1122	0.0904	0.0148	0.1123	0.0853	0.1827	0.0732	0.0525	0.0201	0.0703	0.1759	0.0600	0.0000	0.0602
0.0238	0.0153	0.0022	0.1122	0.0904	0.0148	0.1123	0.0853	0.1827	0.0732	0.0525	0.0201	0.0703	0.1759	0.0600	0.0000	0.0602
0.0238	0.0153	0.0022	0.1122	0.0904	0.0148	0.1123	0.0853	0.1827	0.0732	0.0525	0.0201	0.0703	0.1759	0.0600	0.0000	0.0602
0.0238	0.0153	0.0022	0.1122	0.0904	0.0148	0.1123	0.0853	0.1827	0.0732	0.0525	0.0201	0.0703	0.1759	0.0600	0.0000	0.0602
0.0238	0.0153	0.0022	0.1122	0.0904	0.0148	0.1123	0.0853	0.1827	0.0732	0.0525	0.0201	0.0703	0.1759	0.0600	0.0000	0.0602
0.0238	0.0153	0.0022	0.1122	0.0904	0.0148	0.1123	0.0853	0.1827	0.0732	0.0525	0.0201	0.0703	0.1759	0.0600	0.0000	0.0602
0.0238	0.0153	0.0022	0.1122	0.0904	0.0148	0.1123	0.0853	0.1827	0.0732	0.0525	0.0201	0.0703	0.1759	0.0600	0.0000	0.0602
