0.3600	0.0362	0.1825	0.0000	0.0525	0.1225	0.0000	0.1841	0.3450	0.1325	0.0525	0.0325	0.0900	0.2525	0.0515	0.2750	0.4175
0.3600	0.0362	0.1825	0.0000	0.0525	0.1225	0.0000	0.1841	0.3450	0.1325	0.0525	0.0325	0.0900	0.2525	0.0515	0.2750	0.4175
0.3600	0.0362	0.1825	0.0000	0.0525	0.1225	0.0000	0.1841	0.3450	0.1325	0.0525	0.0325	0.0900	0.2525	0.0515	0.2750	0.4175
0.3600	0.0362	0.1825	0.0000	0.0525	0.1225	0.0000	0.1841	0.3450	0.1325	0.0525	0.0325	0.0900	0.2525	0.0515	0.2750	0.4175
0.3600	0.0362	0.1825	0.0000	0.0525	0.1225	0.0000	0.1841	0.3450	0.1325	0.0525	0.0325	0.0900	0.2525	0.0515	0.2750	0.4175
0.3600	0.0362	0.1825	0.0000	0.0525	0.1225	0.0000	0.1841	0.3450	0.1325	0.0525	0.0325	0.0900	0.2525	0.0515	0.2750	0.4175
0.3600	0.0362	0.1825	0.0000	0.0525	0.1225	0.0000	0.1841	0.3450	0.1325	0.0525	0.0325	0.0900	0.2525	0.0515	0.2750	0.4175
0.3600	0.0362	0.1825	0.0000	0.0525	0.1225	0.0000	0.1841	0.3450	0.1325	0.0525	0.0325	0.0900	0.2525	0.0515	0.2750	0.4175
0.3600	0.0362	0.1825	0.0000	0.0525	0.1225	0.0000	0.1841	0.3450	0.1325	0.0525	0.0325	0.0900	0.2525	0.0515	0.2750	0.4175
0.3600	0.0362	0.1825	0.0000	0.0525	0.1225	0.0000	0.1841	0.3450	0.1325	0.0525	0.0325	0.0900	0.2525	0.0515	0.2750	0.4175
0.3600	0.0362	0.1825	0.0000	0.0525	0.1225	0.0000	0.1841	0.3450	0.1325	0.0525	0.0325	0.0900	0.2525	0.0515	0.2750	0.4175
0.3600	0.0362	0.1825	0.0000	0.0525	0.1225	0.0000	0.1841	0.3450	0.1325	0.0525	0.0325	0.0900	0.2525	0.0515	0.2750	0.4175
0.3600	0.0362	0.1825	0.0000	0.0525	0.1225	0.0000	0.1841	0.3450	0.1325	0.0525	0.0325	0.0900	0.2525	0.0515	0.2750	0.4175
0.3600	0.0362	0.1825	0.0000	0.0525	0.1225	0.0000	0.1841	0.3450	0.1325	0.0525	0.0325	0.0900	0.2525	0.0515	0.2750	0.4175
0.3600	0.0362	0.1825	0.0000	0.0525	0.1225	0.0000	0.1841	0.3450	0.1325	0.0525	0.0325	0.0900	0.2525	0.0515	0.2750	0.4175
0.3600	0.0362	0.1825	0.0000	0.0525	0.1225	0.0000	0.1841	0.3450	0.1325	0.0525	0.0325	0.0900	0.2525	0.0515	0.2750	0.4175
0.3600	0.0362	0.1825	0.0000	0.0525	0.1225	0.0000	0.1841	0.3450	0.1325	0.0525	0.0325	0.0900	0.2525	0.0515	0.2750	0.4175
