2.4332	2.4884	2.4809	2.4936	2.4342	2.4441	2.4501	2.4347	2.4748	2.4343	2.4685	2.4051	2.4064	2.4457	2.4656	2.4525	2.4570
2.4332	2.4884	2.4809	2.4936	2.4342	2.4441	2.4501	2.4347	2.4748	2.4343	2.4685	2.4051	2.4064	2.4457	2.4656	2.4525	2.4570
2.4332	2.4884	2.4809	2.4936	2.4342	2.4441	2.4501	2.4347	2.4748	2.4343	2.4685	2.4051	2.4064	2.4457	2.4656	2.4525	2.4570
2.4332	2.4884	2.4809	2.4936	2.4342	2.4441	2.4501	2.4347	2.4748	2.4343	2.4685	2.4051	2.4064	2.4457	2.4656	2.4525	2.4570
2.4332	2.4884	2.4809	2.4936	2.4342	2.4441	2.4501	2.4347	2.4748	2.4343	2.4685	2.4051	2.4064	2.4457	2.4656	2.4525	2.4570
2.4332	2.4884	2.4809	2.4936	2.4342	2.4441	2.4501	2.4347	2.4748	2.4343	2.4685	2.4051	2.4064	2.4457	2.4656	2.4525	2.4570
2.4332	2.4884	2.4809	2.4936	2.4342	2.4441	2.4501	2.4347	2.4748	2.4343	2.4685	2.4051	2.4064	2.4457	2.4656	2.4525	2.4570
2.4332	2.4884	2.4809	2.4936	2.4342	2.4441	2.4501	2.4347	2.4748	2.4343	2.4685	2.4051	2.4064	2.4457	2.4656	2.4525	2.4570
2.4332	2.4884	2.4809	2.4936	2.4342	2.4441	2.4501	2.4347	2.4748	2.4343	2.4685	2.4051	2.4064	2.4457	2.4656	2.4525	2.4570
2.4332	2.4884	2.4809	2.4936	2.4342	2.4441	2.4501	2.4347	2.4748	2.4343	2.4685	2.4051	2.4064	2.4457	2.4656	2.4525	2.4570
2.4332	2.4884	2.4809	2.4936	2.4342	2.4441	2.4501	2.4347	2.4748	2.4343	2.4685	2.4051	2.4064	2.4457	2.4656	2.4525	2.4570
2.4332	2.4884	2.4809	2.4936	2.4342	2.4441	2.4501	2.4347	2.4748	2.4343	2.4685	2.4051	2.4064	2.4457	2.4656	2.4525	2.4570
2.4332	2.4884	2.4809	2.4936	2.4342	2.4441	2.4501	2.4347	2.4748	2.4343	2.4685	2.4051	2.4064	2.4457	2.4656	2.4525	2.4570
2.4332	2.4884	2.4809	2.4936	2.4342	2.4441	2.4501	2.4347	2.4748	2.4343	2.4685	2.4051	2.4064	2.4457	2.4656	2.4525	2.4570
2.4332	2.4884	2.4809	2.4936	2.4342	2.4441	2.4501	2.4347	2.4748	2.4343	2.4685	2.4051	2.4064	2.4457	2.4656	2.4525	2.4570
2.4332	2.4884	2.4809	2.4936	2.4342	2.4441	2.4501	2.4347	2.4748	2.4343	2.4685	2.4051	2.4064	2.4457	2.4656	2.4525	2.4570
2.4332	2.4884	2.4809	2.4936	2.4342	2.4441	2.4501	2.4347	2.4748	2.4343	2.4685	2.4051	2.4064	2.4457	2.4656	2.4525	2.4570
