2.4518	2.5885	2.2651	2.6387	2.8590	2.5562	2.6509	2.4514	2.3742	2.2519	2.6147	2.6636	2.8351	2.5359	2.4484	2.6186	2.3279
2.4518	2.5885	2.2651	2.6387	2.8590	2.5562	2.6509	2.4514	2.3742	2.2519	2.6147	2.6636	2.8351	2.5359	2.4484	2.6186	2.3279
2.4518	2.5885	2.2651	2.6387	2.8590	2.5562	2.6509	2.4514	2.3742	2.2519	2.6147	2.6636	2.8351	2.5359	2.4484	2.6186	2.3279
2.4518	2.5885	2.2651	2.6387	2.8590	2.5562	2.6509	2.4514	2.3742	2.2519	2.6147	2.6636	2.8351	2.5359	2.4484	2.6186	2.3279
2.4518	2.5885	2.2651	2.6387	2.8590	2.5562	2.6509	2.4514	2.3742	2.2519	2.6147	2.6636	2.8351	2.5359	2.4484	2.6186	2.3279
2.4518	2.5885	2.2651	2.6387	2.8590	2.5562	2.6509	2.4514	2.3742	2.2519	2.6147	2.6636	2.8351	2.5359	2.4484	2.6186	2.3279
2.4518	2.5885	2.2651	2.6387	2.8590	2.5562	2.6509	2.4514	2.3742	2.2519	2.6147	2.6636	2.8351	2.5359	2.4484	2.6186	2.3279
2.4518	2.5885	2.2651	2.6387	2.8590	2.5562	2.6509	2.4514	2.3742	2.2519	2.6147	2.6636	2.8351	2.5359	2.4484	2.6186	2.3279
2.4518	2.5885	2.2651	2.6387	2.8590	2.5562	2.6509	2.4514	2.3742	2.2519	2.6147	2.6636	2.8351	2.5359	2.4484	2.6186	2.3279
2.4518	2.5885	2.2651	2.6387	2.8590	2.5562	2.6509	2.4514	2.3742	2.2519	2.6147	2.6636	2.8351	2.5359	2.4484	2.6186	2.3279
2.4518	2.5885	2.2651	2.6387	2.8590	2.5562	2.6509	2.4514	2.3742	2.2519	2.6147	2.6636	2.8351	2.5359	2.4484	2.6186	2.3279
2.4518	2.5885	2.2651	2.6387	2.8590	2.5562	2.6509	2.4514	2.3742	2.2519	2.6147	2.6636	2.8351	2.5359	2.4484	2.6186	2.3279
2.4518	2.5885	2.2651	2.6387	2.8590	2.5562	2.6509	2.4514	2.3742	2.2519	2.6147	2.6636	2.8351	2.5359	2.4484	2.6186	2.3279
2.4518	2.5885	2.2651	2.6387	2.8590	2.5562	2.6509	2.4514	2.3742	2.2519	2.6147	2.6636	2.8351	2.5359	2.4484	2.6186	2.3279
2.4518	2.5885	2.2651	2.6387	2.8590	2.5562	2.6509	2.4514	2.3742	2.2519	2.6147	2.6636	2.8351	2.5359	2.4484	2.6186	2.3279
2.4518	2.5885	2.2651	2.6387	2.8590	2.5562	2.6509	2.4514	2.3742	2.2519	2.6147	2.6636	2.8351	2.5359	2.4484	2.6186	2.3279
2.4518	2.5885	2.2651	2.6387	2.8590	2.5562	2.6509	2.4514	2.3742	2.2519	2.6147	2.6636	2.8351	2.5359	2.4484	2.6186	2.3279
