2.7478	2.5365	2.3712	2.2875	2.6714	2.4797	2.4352	2.4266	2.8826	2.6864	2.7380	2.6337	2.5481	2.3893	2.5268	2.1337	2.4980
2.7478	2.5365	2.3712	2.2875	2.6714	2.4797	2.4352	2.4266	2.8826	2.6864	2.7380	2.6337	2.5481	2.3893	2.5268	2.1337	2.4980
2.7478	2.5365	2.3712	2.2875	2.6714	2.4797	2.4352	2.4266	2.8826	2.6864	2.7380	2.6337	2.5481	2.3893	2.5268	2.1337	2.4980
2.7478	2.5365	2.3712	2.2875	2.6714	2.4797	2.4352	2.4266	2.8826	2.6864	2.7380	2.6337	2.5481	2.3893	2.5268	2.1337	2.4980
2.7478	2.5365	2.3712	2.2875	2.6714	2.4797	2.4352	2.4266	2.8826	2.6864	2.7380	2.6337	2.5481	2.3893	2.5268	2.1337	2.4980
2.7478	2.5365	2.3712	2.2875	2.6714	2.4797	2.4352	2.4266	2.8826	2.6864	2.7380	2.6337	2.5481	2.3893	2.5268	2.1337	2.4980
2.7478	2.5365	2.3712	2.2875	2.6714	2.4797	2.4352	2.4266	2.8826	2.6864	2.7380	2.6337	2.5481	2.3893	2.5268	2.1337	2.4980
2.7478	2.5365	2.3712	2.2875	2.6714	2.4797	2.4352	2.4266	2.8826	2.6864	2.7380	2.6337	2.5481	2.3893	2.5268	2.1337	2.4980
2.7478	2.5365	2.3712	2.2875	2.6714	2.4797	2.4352	2.4266	2.8826	2.6864	2.7380	2.6337	2.5481	2.3893	2.5268	2.1337	2.4980
2.7478	2.5365	2.3712	2.2875	2.6714	2.4797	2.4352	2.4266	2.8826	2.6864	2.7380	2.6337	2.5481	2.3893	2.5268	2.1337	2.4980
2.7478	2.5365	2.3712	2.2875	2.6714	2.4797	2.4352	2.4266	2.8826	2.6864	2.7380	2.6337	2.5481	2.3893	2.5268	2.1337	2.4980
2.7478	2.5365	2.3712	2.2875	2.6714	2.4797	2.4352	2.4266	2.8826	2.6864	2.7380	2.6337	2.5481	2.3893	2.5268	2.1337	2.4980
2.7478	2.5365	2.3712	2.2875	2.6714	2.4797	2.4352	2.4266	2.8826	2.6864	2.7380	2.6337	2.5481	2.3893	2.5268	2.1337	2.4980
2.7478	2.5365	2.3712	2.2875	2.6714	2.4797	2.4352	2.4266	2.8826	2.6864	2.7380	2.6337	2.5481	2.3893	2.5268	2.1337	2.4980
2.7478	2.5365	2.3712	2.2875	2.6714	2.4797	2.4352	2.4266	2.8826	2.6864	2.7380	2.6337	2.5481	2.3893	2.5268	2.1337	2.4980
2.7478	2.5365	2.3712	2.2875	2.6714	2.4797	2.4352	2.4266	2.8826	2.6864	2.7380	2.6337	2.5481	2.3893	2.5268	2.1337	2.4980
2.7478	2.5365	2.3712	2.2875	2.6714	2.4797	2.4352	2.4266	2.8826	2.6864	2.7380	2.6337	2.5481	2.3893	2.5268	2.1337	2.4980
