0.0000	0.2500	0.3880	0.2275	0.0000	0.0517	0.6495	0.3775	0.3775	0.0000	0.0000	0.0000	0.0017	0.3775	0.0000	0.0000	0.0000
0.0000	0.2500	0.3880	0.2275	0.0000	0.0517	0.6495	0.3775	0.3775	0.0000	0.0000	0.0000	0.0017	0.3775	0.0000	0.0000	0.0000
0.0000	0.2500	0.3880	0.2275	0.0000	0.0517	0.6495	0.3775	0.3775	0.0000	0.0000	0.0000	0.0017	0.3775	0.0000	0.0000	0.0000
0.0000	0.2500	0.3880	0.2275	0.0000	0.0517	0.6495	0.3775	0.3775	0.0000	0.0000	0.0000	0.0017	0.3775	0.0000	0.0000	0.0000
0.0000	0.2500	0.3880	0.2275	0.0000	0.0517	0.6495	0.3775	0.3775	0.0000	0.0000	0.0000	0.0017	0.3775	0.0000	0.0000	0.0000
0.0000	0.2500	0.3880	0.2275	0.0000	0.0517	0.6495	0.3775	0.3775	0.0000	0.0000	0.0000	0.0017	0.3775	0.0000	0.0000	0.0000
0.0000	0.2500	0.3880	0.2275	0.0000	0.0517	0.6495	0.3775	0.3775	0.0000	0.0000	0.0000	0.0017	0.3775	0.0000	0.0000	0.0000
0.0000	0.2500	0.3880	0.2275	0.0000	0.0517	0.6495	0.3775	0.3775	0.0000	0.0000	0.0000	0.0017	0.3775	0.0000	0.0000	0.0000
0.0000	0.2500	0.3880	0.2275	0.0000	0.0517	0.6495	0.3775	0.3775	0.0000	0.0000	0.0000	0.0017	0.3775	0.0000	0.0000	0.0000
0.0000	0.2500	0.3880	0.2275	0.0000	0.0517	0.6495	0.3775	0.3775	0.0000	0.0000	0.0000	0.0017	0.3775	0.0000	0.0000	0.0000
0.0000	0.2500	0.3880	0.2275	0.0000	0.0517	0.6495	0.3775	0.3775	0.0000	0.0000	0.0000	0.0017	0.3775	0.0000	0.0000	0.0000
0.0000	0.2500	0.3880	0.2275	0.0000	0.0517	0.6495	0.3775	0.3775	0.0000	0.0000	0.0000	0.0017	0.3775	0.0000	0.0000	0.0000
0.0000	0.2500	0.3880	0.2275	0.0000	0.0517	0.6495	0.3775	0.3775	0.0000	0.0000	0.0000	0.0017	0.3775	0.0000	0.0000	0.0000
0.0000	0.2500	0.3880	0.2275	0.0000	0.0517	0.6495	0.3775	0.3775	0.0000	0.0000	0.0000	0.0017	0.3775	0.0000	0.0000	0.0000
0.0000	0.2500	0.3880	0.2275	0.0000	0.0517	0.6495	0.3775	0.3775	0.0000	0.0000	0.0000	0.0017	0.3775	0.0000	0.0000	0.0000
0.0000	0.2500	0.3880	0.2275	0.0000	0.0517	0.6495	0.3775	0.3775	0.0000	0.0000	0.0000	0.0017	0.3775	0.0000	0.0000	0.0000
0.0000	0.2500	0.3880	0.2275	0.0000	0.0517	0.6495	0.3775	0.3775	0.0000	0.0000	0.0000	0.0017	0.3775	0.0000	0.0000	0.0000
