0.0000	0.1273	0.2760	0.2350	0.1675	0.0517	0.0825	0.0025	0.0000	0.0000	0.1150	0.0050	0.0762	0.3975	0.0125	0.3625	0.1325
0.0000	0.1273	0.2760	0.2350	0.1675	0.0517	0.0825	0.0025	0.0000	0.0000	0.1150	0.0050	0.0762	0.3975	0.0125	0.3625	0.1325
0.0000	0.1273	0.2760	0.2350	0.1675	0.0517	0.0825	0.0025	0.0000	0.0000	0.1150	0.0050	0.0762	0.3975	0.0125	0.3625	0.1325
0.0000	0.1273	0.2760	0.2350	0.1675	0.0517	0.0825	0.0025	0.0000	0.0000	0.1150	0.0050	0.0762	0.3975	0.0125	0.3625	0.1325
0.0000	0.1273	0.2760	0.2350	0.1675	0.0517	0.0825	0.0025	0.0000	0.0000	0.1150	0.0050	0.0762	0.3975	0.0125	0.3625	0.1325
0.0000	0.1273	0.2760	0.2350	0.1675	0.0517	0.0825	0.0025	0.0000	0.0000	0.1150	0.0050	0.0762	0.3975	0.0125	0.3625	0.1325
0.0000	0.1273	0.2760	0.2350	0.1675	0.0517	0.0825	0.0025	0.0000	0.0000	0.1150	0.0050	0.0762	0.3975	0.0125	0.3625	0.1325
0.0000	0.1273	0.2760	0.2350	0.1675	0.0517	0.0825	0.0025	0.0000	0.0000	0.1150	0.0050	0.0762	0.3975	0.0125	0.3625	0.1325
0.0000	0.1273	0.2760	0.2350	0.1675	0.0517	0.0825	0.0025	0.0000	0.0000	0.1150	0.0050	0.0762	0.3975	0.0125	0.3625	0.1325
0.0000	0.1273	0.2760	0.2350	0.1675	0.0517	0.0825	0.0025	0.0000	0.0000	0.1150	0.0050	0.0762	0.3975	0.0125	0.3625	0.1325
0.0000	0.1273	0.2760	0.2350	0.1675	0.0517	0.0825	0.0025	0.0000	0.0000	0.1150	0.0050	0.0762	0.3975	0.0125	0.3625	0.1325
0.0000	0.1273	0.2760	0.2350	0.1675	0.0517	0.0825	0.0025	0.0000	0.0000	0.1150	0.0050	0.0762	0.3975	0.0125	0.3625	0.1325
0.0000	0.1273	0.2760	0.2350	0.1675	0.0517	0.0825	0.0025	0.0000	0.0000	0.1150	0.0050	0.0762	0.3975	0.0125	0.3625	0.1325
0.0000	0.1273	0.2760	0.2350	0.1675	0.0517	0.0825	0.0025	0.0000	0.0000	0.1150	0.0050	0.0762	0.3975	0.0125	0.3625	0.1325
0.0000	0.1273	0.2760	0.2350	0.1675	0.0517	0.0825	0.0025	0.0000	0.0000	0.1150	0.0050	0.0762	0.3975	0.0125	0.3625	0.1325
0.0000	0.1273	0.2760	0.2350	0.1675	0.0517	0.0825	0.0025	0.0000	0.0000	0.1150	0.0050	0.0762	0.3975	0.0125	0.3625	0.1325
0.0000	0.1273	0.2760	0.2350	0.1675	0.0517	0.0825	0.0025	0.0000	0.0000	0.1150	0.0050	0.0762	0.3975	0.0125	0.3625	0.1325
