0.0517	0.3450	0.0100	0.0075	0.0006	0.0600	0.0650	0.2350	0.0850	0.0750	0.0550	0.0000	0.1800	0.3505	0.0100	0.0025	0.0275
0.0517	0.3450	0.0100	0.0075	0.0006	0.0600	0.0650	0.2350	0.0850	0.0750	0.0550	0.0000	0.1800	0.3505	0.0100	0.0025	0.0275
0.0517	0.3450	0.0100	0.0075	0.0006	0.0600	0.0650	0.2350	0.0850	0.0750	0.0550	0.0000	0.1800	0.3505	0.0100	0.0025	0.0275
0.0517	0.3450	0.0100	0.0075	0.0006	0.0600	0.0650	0.2350	0.0850	0.0750	0.0550	0.0000	0.1800	0.3505	0.0100	0.0025	0.0275
0.0517	0.3450	0.0100	0.0075	0.0006	0.0600	0.0650	0.2350	0.0850	0.0750	0.0550	0.0000	0.1800	0.3505	0.0100	0.0025	0.0275
0.0517	0.3450	0.0100	0.0075	0.0006	0.0600	0.0650	0.2350	0.0850	0.0750	0.0550	0.0000	0.1800	0.3505	0.0100	0.0025	0.0275
0.0517	0.3450	0.0100	0.0075	0.0006	0.0600	0.0650	0.2350	0.0850	0.0750	0.0550	0.0000	0.1800	0.3505	0.0100	0.0025	0.0275
0.0517	0.3450	0.0100	0.0075	0.0006	0.0600	0.0650	0.2350	0.0850	0.0750	0.0550	0.0000	0.1800	0.3505	0.0100	0.0025	0.0275
0.0517	0.3450	0.0100	0.0075	0.0006	0.0600	0.0650	0.2350	0.0850	0.0750	0.0550	0.0000	0.1800	0.3505	0.0100	0.0025	0.0275
0.0517	0.3450	0.0100	0.0075	0.0006	0.0600	0.0650	0.2350	0.0850	0.0750	0.0550	0.0000	0.1800	0.3505	0.0100	0.0025	0.0275
0.0517	0.3450	0.0100	0.0075	0.0006	0.0600	0.0650	0.2350	0.0850	0.0750	0.0550	0.0000	0.1800	0.3505	0.0100	0.0025	0.0275
0.0517	0.3450	0.0100	0.0075	0.0006	0.0600	0.0650	0.2350	0.0850	0.0750	0.0550	0.0000	0.1800	0.3505	0.0100	0.0025	0.0275
0.0517	0.3450	0.0100	0.0075	0.0006	0.0600	0.0650	0.2350	0.0850	0.0750	0.0550	0.0000	0.1800	0.3505	0.0100	0.0025	0.0275
0.0517	0.3450	0.0100	0.0075	0.0006	0.0600	0.0650	0.2350	0.0850	0.0750	0.0550	0.0000	0.1800	0.3505	0.0100	0.0025	0.0275
0.0517	0.3450	0.0100	0.0075	0.0006	0.0600	0.0650	0.2350	0.0850	0.0750	0.0550	0.0000	0.1800	0.3505	0.0100	0.0025	0.0275
0.0517	0.3450	0.0100	0.0075	0.0006	0.0600	0.0650	0.2350	0.0850	0.0750	0.0550	0.0000	0.1800	0.3505	0.0100	0.0025	0.0275
0.0517	0.3450	0.0100	0.0075	0.0006	0.0600	0.0650	0.2350	0.0850	0.0750	0.0550	0.0000	0.1800	0.3505	0.0100	0.0025	0.0275
