0.0000	0.0525	0.0375	0.1475	0.4795	0.2425	0.3825	0.0225	0.3300	0.2250	0.3725	0.0000	0.1100	0.1237	0.0000	0.2350	0.0000
0.0000	0.0525	0.0375	0.1475	0.4795	0.2425	0.3825	0.0225	0.3300	0.2250	0.3725	0.0000	0.1100	0.1237	0.0000	0.2350	0.0000
0.0000	0.0525	0.0375	0.1475	0.4795	0.2425	0.3825	0.0225	0.3300	0.2250	0.3725	0.0000	0.1100	0.1237	0.0000	0.2350	0.0000
0.0000	0.0525	0.0375	0.1475	0.4795	0.2425	0.3825	0.0225	0.3300	0.2250	0.3725	0.0000	0.1100	0.1237	0.0000	0.2350	0.0000
0.0000	0.0525	0.0375	0.1475	0.4795	0.2425	0.3825	0.0225	0.3300	0.2250	0.3725	0.0000	0.1100	0.1237	0.0000	0.2350	0.0000
0.0000	0.0525	0.0375	0.1475	0.0000	0.0000	0.0000	0.0000	0.0000	0.0000	0.0000	0.0000	0.0000	0.0000	0.0000	0.0000	0.0000
0.0000	0.0000	0.0000	0.0000	0.0000	0.0000	0.0000	0.0000	0.0000	0.0000	0.0000	0.0000	0.0000	0.0000	0.0000	0.0000	0.0000
0.0000	0.0000	0.0000	0.0000	0.0000	0.0000	0.0000	0.0000	0.0000	0.0000	0.0000	0.0000	0.0000	0.0000	0.0000	0.0000	0.0000
0.0000	0.0000	0.0000	0.0000	0.0000	0.0000	0.0000	0.0000	0.0000	0.0000	0.0000	0.0000	0.0000	0.0000	0.0000	0.0000	0.0000
0.0000	0.0000	0.0000	0.0000	0.0000	0.0000	0.0000	0.0000	0.0000	0.0000	0.0000	0.0000	0.0000	0.0000	0.0000	0.0000	0.0000
0.0000	0.0000	0.0000	0.0000	0.0000	0.0000	0.0000	0.0000	0.0000	0.0000	0.0000	0.0000	0.0000	0.0000	0.0000	0.0000	0.0000
0.0000	0.0000	0.0000	0.0000	0.0000	0.0000	0.0000	0.0000	0.0000	0.0000	0.0000	0.0000	0.0000	0.0000	0.0000	0.0000	0.0000
0.0000	0.0000	0.0000	0.0000	0.0000	0.0000	0.0000	0.0000	0.0000	0.0000	0.0000	0.0000	0.0000	0.0000	0.0000	0.0000	0.0000
0.0000	0.0000	0.0000	0.0000	0.0000	0.0000	0.0000	0.0000	0.0000	0.0000	0.0000	0.0000	0.0000	0.0000	0.0000	0.0000	0.0000
0.0000	0.0000	0.0000	0.0000	0.0000	0.0000	0.0000	0.0000	0.0000	0.0000	0.0000	0.0000	0.0000	0.0000	0.0000	0.0000	0.0000
0.0000	0.0000	0.0000	0.0000	0.0000	0.0000	0.0000	0.0000	0.0000	0.0000	0.0000	0.0000	0.0000	0.0000	0.0000	0.0000	0.0000
0.0000	0.0000	0.0000	0.0000	0.0000	0.0000	0.0000	0.0000	0.0000	0.0000	0.0000	0.0000	0.0000	0.0000	0.0000	0.0000	0.0000
