0.2700	0.0008	0.1625	0.2300	0.0025	0.0000	0.0172	0.1477	0.2350	0.3650	0.1875	0.0750	0.0200	0.0025	0.1237	0.0025	0.3825
0.2700	0.0008	0.1625	0.2300	0.0025	0.0000	0.0172	0.1477	0.2350	0.3650	0.1875	0.0750	0.0200	0.0025	0.1237	0.0025	0.3825
0.2700	0.0008	0.1625	0.2300	0.0025	0.0000	0.0172	0.1477	0.2350	0.3650	0.1875	0.0750	0.0200	0.0025	0.1237	0.0025	0.3825
0.2700	0.0008	0.1625	0.2300	0.0025	0.0000	0.0172	0.1477	0.2350	0.3650	0.1875	0.0750	0.0200	0.0025	0.1237	0.0025	0.3825
0.2700	0.0008	0.1625	0.2300	0.0025	0.0000	0.0172	0.1477	0.2350	0.3650	0.1875	0.0750	0.0200	0.0025	0.1237	0.0025	0.3825
0.2700	0.0008	0.1625	0.2300	0.0025	0.0000	0.0172	0.1477	0.2350	0.3650	0.1875	0.0750	0.0200	0.0025	0.1237	0.0025	0.3825
0.2700	0.0008	0.1625	0.2300	0.0025	0.0000	0.0172	0.1477	0.2350	0.3650	0.1875	0.0750	0.0200	0.0025	0.1237	0.0025	0.3825
0.2700	0.0008	0.1625	0.2300	0.0025	0.0000	0.0172	0.1477	0.2350	0.3650	0.1875	0.0750	0.0200	0.0025	0.1237	0.0025	0.3825
0.2700	0.0008	0.1625	0.2300	0.0025	0.0000	0.0172	0.1477	0.2350	0.3650	0.1875	0.0750	0.0200	0.0025	0.1237	0.0025	0.3825
0.2700	0.0008	0.1625	0.2300	0.0025	0.0000	0.0172	0.1477	0.2350	0.3650	0.1875	0.0750	0.0200	0.0025	0.1237	0.0025	0.3825
0.2700	0.0008	0.1625	0.2300	0.0025	0.0000	0.0172	0.1477	0.2350	0.3650	0.1875	0.0750	0.0200	0.0025	0.1237	0.0025	0.3825
0.2700	0.0008	0.1625	0.2300	0.0025	0.0000	0.0172	0.1477	0.2350	0.3650	0.1875	0.0750	0.0200	0.0025	0.1237	0.0025	0.3825
0.2700	0.0008	0.1625	0.2300	0.0025	0.0000	0.0172	0.1477	0.2350	0.3650	0.1875	0.0750	0.0200	0.0025	0.1237	0.0025	0.3825
0.2700	0.0008	0.1625	0.2300	0.0025	0.0000	0.0172	0.1477	0.2350	0.3650	0.1875	0.0750	0.0200	0.0025	0.1237	0.0025	0.3825
0.2700	0.0008	0.1625	0.2300	0.0025	0.0000	0.0172	0.1477	0.2350	0.3650	0.1875	0.0750	0.0200	0.0025	0.1237	0.0025	0.3825
0.2700	0.0008	0.1625	0.2300	0.0025	0.0000	0.0172	0.1477	0.2350	0.3650	0.1875	0.0750	0.0200	0.0025	0.1237	0.0025	0.3825
0.2700	0.0008	0.1625	0.2300	0.0025	0.0000	0.0172	0.1477	0.2350	0.3650	0.1875	0.0750	0.0200	0.0025	0.1237	0.0025	0.3825
