2.5375	2.3962	2.6296	2.5360	2.5082	2.3775	2.4792	2.3978	2.4091	2.5406	2.5613	2.7638	2.4305	2.2846	2.5582	2.5780	2.4819
2.5375	2.3962	2.6296	2.5360	2.5082	2.3775	2.4792	2.3978	2.4091	2.5406	2.5613	2.7638	2.4305	2.2846	2.5582	2.5780	2.4819
2.5375	2.3962	2.6296	2.5360	2.5082	2.3775	2.4792	2.3978	2.4091	2.5406	2.5613	2.7638	2.4305	2.2846	2.5582	2.5780	2.4819
2.5375	2.3962	2.6296	2.5360	2.5082	2.3775	2.4792	2.3978	2.4091	2.5406	2.5613	2.7638	2.4305	2.2846	2.5582	2.5780	2.4819
2.5375	2.3962	2.6296	2.5360	2.5082	2.3775	2.4792	2.3978	2.4091	2.5406	2.5613	2.7638	2.4305	2.2846	2.5582	2.5780	2.4819
2.5375	2.3962	2.6296	2.5360	2.5082	2.3775	2.4792	2.3978	2.4091	2.5406	2.5613	2.7638	2.4305	2.2846	2.5582	2.5780	2.4819
2.5375	2.3962	2.6296	2.5360	2.5082	2.3775	2.4792	2.3978	2.4091	2.5406	2.5613	2.7638	2.4305	2.2846	2.5582	2.5780	2.4819
2.5375	2.3962	2.6296	2.5360	2.5082	2.3775	2.4792	2.3978	2.4091	2.5406	2.5613	2.7638	2.4305	2.2846	2.5582	2.5780	2.4819
2.5375	2.3962	2.6296	2.5360	2.5082	2.3775	2.4792	2.3978	2.4091	2.5406	2.5613	2.7638	2.4305	2.2846	2.5582	2.5780	2.4819
2.5375	2.3962	2.6296	2.5360	2.5082	2.3775	2.4792	2.3978	2.4091	2.5406	2.5613	2.7638	2.4305	2.2846	2.5582	2.5780	2.4819
2.5375	2.3962	2.6296	2.5360	2.5082	2.3775	2.4792	2.3978	2.4091	2.5406	2.5613	2.7638	2.4305	2.2846	2.5582	2.5780	2.4819
2.5375	2.3962	2.6296	2.5360	2.5082	2.3775	2.4792	2.3978	2.4091	2.5406	2.5613	2.7638	2.4305	2.2846	2.5582	2.5780	2.4819
2.5375	2.3962	2.6296	2.5360	2.5082	2.3775	2.4792	2.3978	2.4091	2.5406	2.5613	2.7638	2.4305	2.2846	2.5582	2.5780	2.4819
2.5375	2.3962	2.6296	2.5360	2.5082	2.3775	2.4792	2.3978	2.4091	2.5406	2.5613	2.7638	2.4305	2.2846	2.5582	2.5780	2.4819
2.5375	2.3962	2.6296	2.5360	2.5082	2.3775	2.4792	2.3978	2.4091	2.5406	2.5613	2.7638	2.4305	2.2846	2.5582	2.5780	2.4819
2.5375	2.3962	2.6296	2.5360	2.5082	2.3775	2.4792	2.3978	2.4091	2.5406	2.5613	2.7638	2.4305	2.2846	2.5582	2.5780	2.4819
2.5375	2.3962	2.6296	2.5360	2.5082	2.3775	2.4792	2.3978	2.4091	2.5406	2.5613	2.7638	2.4305	2.2846	2.5582	2.5780	2.4819
