0.0000	0.0000	0.0973	0.0000	0.1827	0.0032	0.1235	0.0621	0.0309	0.0000	0.1290	0.0000	0.1591	0.1279	0.0380	0.1262	0.0000
0.0000	0.0000	0.0973	0.0000	0.1827	0.0032	0.1235	0.0621	0.0309	0.0000	0.1290	0.0000	0.1591	0.1279	0.0380	0.1262	0.0000
0.0000	0.0000	0.0973	0.0000	0.1827	0.0032	0.1235	0.0621	0.0309	0.0000	0.1290	0.0000	0.1591	0.1279	0.0380	0.1262	0.0000
0.0000	0.0000	0.0973	0.0000	0.1827	0.0032	0.1235	0.0621	0.0309	0.0000	0.1290	0.0000	0.1591	0.1279	0.0380	0.1262	0.0000
0.0000	0.0000	0.0973	0.0000	0.1827	0.0032	0.1235	0.0621	0.0309	0.0000	0.1290	0.0000	0.1591	0.1279	0.0380	0.1262	0.0000
0.0000	0.0000	0.0973	0.0000	0.1827	0.0032	0.1235	0.0621	0.0309	0.0000	0.1290	0.0000	0.1591	0.1279	0.0380	0.1262	0.0000
0.0000	0.0000	0.0973	0.0000	0.1827	0.0032	0.1235	0.0621	0.0309	0.0000	0.1290	0.0000	0.1591	0.1279	0.0380	0.1262	0.0000
0.0000	0.0000	0.0973	0.0000	0.1827	0.0032	0.1235	0.0621	0.0309	0.0000	0.1290	0.0000	0.1591	0.1279	0.0380	0.1262	0.0000
0.0000	0.0000	0.0973	0.0000	0.1827	0.0032	0.1235	0.0621	0.0309	0.0000	0.1290	0.0000	0.1591	0.1279	0.0380	0.1262	0.0000
0.0000	0.0000	0.0973	0.0000	0.1827	0.0032	0.1235	0.0621	0.0309	0.0000	0.1290	0.0000	0.1591	0.1279	0.0380	0.1262	0.0000
0.0000	0.0000	0.0973	0.0000	0.1827	0.0032	0.1235	0.0621	0.0309	0.0000	0.1290	0.0000	0.1591	0.1279	0.0380	0.1262	0.0000
0.0000	0.0000	0.0973	0.0000	0.1827	0.0032	0.1235	0.0621	0.0309	0.0000	0.1290	0.0000	0.1591	0.1279	0.0380	0.1262	0.0000
0.0000	0.0000	0.0973	0.0000	0.1827	0.0032	0.1235	0.0621	0.0309	0.0000	0.1290	0.0000	0.1591	0.1279	0.0380	0.1262	0.0000
0.0000	0.0000	0.0973	0.0000	0.1827	0.0032	0.1235	0.0621	0.0309	0.0000	0.1290	0.0000	0.1591	0.1279	0.0380	0.1262	0.0000
0.0000	0.0000	0.0973	0.0000	0.1827	0.0032	0.1235	0.0621	0.0309	0.0000	0.1290	0.0000	0.1591	0.1279	0.0380	0.1262	0.0000
0.0000	0.0000	0.0973	0.0000	0.1827	0.0032	0.1235	0.0621	0.0309	0.0000	0.1290	0.0000	0.1591	0.1279	0.0380	0.1262	0.0000
0.0000	0.0000	0.0973	0.0000	0.1827	0.0032	0.1235	0.0621	0.0309	0.0000	0.1290	0.0000	0.1591	0.1279	0.0380	0.1262	0.0000
