0.0000	0.1295	0.0440	0.3700	0.0075	0.0517	0.0309	0.3100	0.0225	0.1800	0.0600	0.1700	0.2922	0.2575	0.1450	0.0025	0.0250
0.0000	0.1295	0.0440	0.3700	0.0075	0.0517	0.0309	0.3100	0.0225	0.1800	0.0600	0.1700	0.2922	0.2575	0.1450	0.0025	0.0250
0.0000	0.1295	0.0440	0.3700	0.0075	0.0517	0.0309	0.3100	0.0225	0.1800	0.0600	0.1700	0.2922	0.2575	0.1450	0.0025	0.0250
0.0000	0.1295	0.0440	0.3700	0.0075	0.0517	0.0309	0.3100	0.0225	0.1800	0.0600	0.1700	0.2922	0.2575	0.1450	0.0025	0.0250
0.0000	0.1295	0.0440	0.3700	0.0075	0.0517	0.0309	0.3100	0.0225	0.1800	0.0600	0.1700	0.2922	0.2575	0.1450	0.0025	0.0250
0.0000	0.1295	0.0440	0.3700	0.0075	0.0517	0.0309	0.3100	0.0225	0.1800	0.0600	0.1700	0.2922	0.2575	0.1450	0.0025	0.0250
0.0000	0.1295	0.0440	0.3700	0.0075	0.0517	0.0309	0.3100	0.0225	0.1800	0.0600	0.1700	0.2922	0.2575	0.1450	0.0025	0.0250
0.0000	0.1295	0.0440	0.3700	0.0075	0.0517	0.0309	0.3100	0.0225	0.1800	0.0600	0.1700	0.2922	0.2575	0.1450	0.0025	0.0250
0.0000	0.1295	0.0440	0.3700	0.0075	0.0517	0.0309	0.3100	0.0225	0.1800	0.0600	0.1700	0.2922	0.2575	0.1450	0.0025	0.0250
0.0000	0.1295	0.0440	0.3700	0.0075	0.0517	0.0309	0.3100	0.0225	0.1800	0.0600	0.1700	0.2922	0.2575	0.1450	0.0025	0.0250
0.0000	0.1295	0.0440	0.3700	0.0075	0.0517	0.0309	0.3100	0.0225	0.1800	0.0600	0.1700	0.2922	0.2575	0.1450	0.0025	0.0250
0.0000	0.1295	0.0440	0.3700	0.0075	0.0517	0.0309	0.3100	0.0225	0.1800	0.0600	0.1700	0.2922	0.2575	0.1450	0.0025	0.0250
0.0000	0.1295	0.0440	0.3700	0.0075	0.0517	0.0309	0.3100	0.0225	0.1800	0.0600	0.1700	0.2922	0.2575	0.1450	0.0025	0.0250
0.0000	0.1295	0.0440	0.3700	0.0075	0.0517	0.0309	0.3100	0.0225	0.1800	0.0600	0.1700	0.2922	0.2575	0.1450	0.0025	0.0250
0.0000	0.1295	0.0440	0.3700	0.0075	0.0517	0.0309	0.3100	0.0225	0.1800	0.0600	0.1700	0.2922	0.2575	0.1450	0.0025	0.0250
0.0000	0.1295	0.0440	0.3700	0.0075	0.0517	0.0309	0.3100	0.0225	0.1800	0.0600	0.1700	0.2922	0.2575	0.1450	0.0025	0.0250
0.0000	0.1295	0.0440	0.3700	0.0075	0.0517	0.0309	0.3100	0.0225	0.1800	0.0600	0.1700	0.2922	0.2575	0.1450	0.0025	0.0250
