2.4713	2.4540	2.4544	2.4185	2.4395	2.4451	2.4385	2.4593	2.4791	2.4539	2.4497	2.4599	2.4465	2.4347	2.4585	2.4540	2.4546
2.4713	2.4540	2.4544	2.4185	2.4395	2.4451	2.4385	2.4593	2.4791	2.4539	2.4497	2.4599	2.4465	2.4347	2.4585	2.4540	2.4546
2.4713	2.4540	2.4544	2.4185	2.4395	2.4451	2.4385	2.4593	2.4791	2.4539	2.4497	2.4599	2.4465	2.4347	2.4585	2.4540	2.4546
2.4713	2.4540	2.4544	2.4185	2.4395	2.4451	2.4385	2.4593	2.4791	2.4539	2.4497	2.4599	2.4465	2.4347	2.4585	2.4540	2.4546
2.4713	2.4540	2.4544	2.4185	2.4395	2.4451	2.4385	2.4593	2.4791	2.4539	2.4497	2.4599	2.4465	2.4347	2.4585	2.4540	2.4546
2.4713	2.4540	2.4544	2.4185	2.4395	2.4451	2.4385	2.4593	2.4791	2.4539	2.4497	2.4599	2.4465	2.4347	2.4585	2.4540	2.4546
2.4713	2.4540	2.4544	2.4185	2.4395	2.4451	2.4385	2.4593	2.4791	2.4539	2.4497	2.4599	2.4465	2.4347	2.4585	2.4540	2.4546
2.4713	2.4540	2.4544	2.4185	2.4395	2.4451	2.4385	2.4593	2.4791	2.4539	2.4497	2.4599	2.4465	2.4347	2.4585	2.4540	2.4546
2.4713	2.4540	2.4544	2.4185	2.4395	2.4451	2.4385	2.4593	2.4791	2.4539	2.4497	2.4599	2.4465	2.4347	2.4585	2.4540	2.4546
2.4713	2.4540	2.4544	2.4185	2.4395	2.4451	2.4385	2.4593	2.4791	2.4539	2.4497	2.4599	2.4465	2.4347	2.4585	2.4540	2.4546
2.4713	2.4540	2.4544	2.4185	2.4395	2.4451	2.4385	2.4593	2.4791	2.4539	2.4497	2.4599	2.4465	2.4347	2.4585	2.4540	2.4546
2.4713	2.4540	2.4544	2.4185	2.4395	2.4451	2.4385	2.4593	2.4791	2.4539	2.4497	2.4599	2.4465	2.4347	2.4585	2.4540	2.4546
2.4713	2.4540	2.4544	2.4185	2.4395	2.4451	2.4385	2.4593	2.4791	2.4539	2.4497	2.4599	2.4465	2.4347	2.4585	2.4540	2.4546
2.4713	2.4540	2.4544	2.4185	2.4395	2.4451	2.4385	2.4593	2.4791	2.4539	2.4497	2.4599	2.4465	2.4347	2.4585	2.4540	2.4546
2.4713	2.4540	2.4544	2.4185	2.4395	2.4451	2.4385	2.4593	2.4791	2.4539	2.4497	2.4599	2.4465	2.4347	2.4585	2.4540	2.4546
2.4713	2.4540	2.4544	2.4185	2.4395	2.4451	2.4385	2.4593	2.4791	2.4539	2.4497	2.4599	2.4465	2.4347	2.4585	2.4540	2.4546
2.4713	2.4540	2.4544	2.4185	2.4395	2.4451	2.4385	2.4593	2.4791	2.4539	2.4497	2.4599	2.4465	2.4347	2.4585	2.4540	2.4546
