0.0396	0.0770	0.0062	0.0076	0.0004	0.0442	0.0378	0.1141	0.0609	0.0460	0.0398	0.0000	0.0835	0.1406	0.0079	0.0017	0.0135
0.0396	0.0770	0.0062	0.0076	0.0004	0.0442	0.0378	0.1141	0.0609	0.0460	0.0398	0.0000	0.0835	0.1406	0.0079	0.0017	0.0135
0.0396	0.0770	0.0062	0.0076	0.0004	0.0442	0.0378	0.1141	0.0609	0.0460	0.0398	0.0000	0.0835	0.1406	0.0079	0.0017	0.0135
0.0396	0.0770	0.0062	0.0076	0.0004	0.0442	0.0378	0.1141	0.0609	0.0460	0.0398	0.0000	0.0835	0.1406	0.0079	0.0017	0.0135
0.0396	0.0770	0.0062	0.0076	0.0004	0.0442	0.0378	0.1141	0.0609	0.0460	0.0398	0.0000	0.0835	0.1406	0.0079	0.0017	0.0135
0.0396	0.0770	0.0062	0.0076	0.0004	0.0442	0.0378	0.1141	0.0609	0.0460	0.0398	0.0000	0.0835	0.1406	0.0079	0.0017	0.0135
0.0396	0.0770	0.0062	0.0076	0.0004	0.0442	0.0378	0.1141	0.0609	0.0460	0.0398	0.0000	0.0835	0.1406	0.0079	0.0017	0.0135
0.0396	0.0770	0.0062	0.0076	0.0004	0.0442	0.0378	0.1141	0.0609	0.0460	0.0398	0.0000	0.0835	0.1406	0.0079	0.0017	0.0135
0.0396	0.0770	0.0062	0.0076	0.0004	0.0442	0.0378	0.1141	0.0609	0.0460	0.0398	0.0000	0.0835	0.1406	0.0079	0.0017	0.0135
0.0396	0.0770	0.0062	0.0076	0.0004	0.0442	0.0378	0.1141	0.0609	0.0460	0.0398	0.0000	0.0835	0.1406	0.0079	0.0017	0.0135
0.0396	0.0770	0.0062	0.0076	0.0004	0.0442	0.0378	0.1141	0.0609	0.0460	0.0398	0.0000	0.0835	0.1406	0.0079	0.0017	0.0135
0.0396	0.0770	0.0062	0.0076	0.0004	0.0442	0.0378	0.1141	0.0609	0.0460	0.0398	0.0000	0.0835	0.1406	0.0079	0.0017	0.0135
0.0396	0.0770	0.0062	0.0076	0.0004	0.0442	0.0378	0.1141	0.0609	0.0460	0.0398	0.0000	0.0835	0.1406	0.0079	0.0017	0.0135
0.0396	0.0770	0.0062	0.0076	0.0004	0.0442	0.0378	0.1141	0.0609	0.0460	0.0398	0.0000	0.0835	0.1406	0.0079	0.0017	0.0135
0.0396	0.0770	0.0062	0.0076	0.0004	0.0442	0.0378	0.1141	0.0609	0.0460	0.0398	0.0000	0.0835	0.1406	0.0079	0.0017	0.0135
0.0396	0.0770	0.0062	0.0076	0.0004	0.0442	0.0378	0.1141	0.0609	0.0460	0.0398	0.0000	0.0835	0.1406	0.0079	0.0017	0.0135
0.0396	0.0770	0.0062	0.0076	0.0004	0.0442	0.0378	0.1141	0.0609	0.0460	0.0398	0.0000	0.0835	0.1406	0.0079	0.0017	0.0135
