0.0000	0.1420	0.2841	0.0930	0.0000	0.0408	0.2625	0.1827	0.1827	0.0000	0.0000	0.0000	0.0017	0.1827	0.0000	0.0000	0.0000
0.0000	0.1420	0.2841	0.0930	0.0000	0.0408	0.2625	0.1827	0.1827	0.0000	0.0000	0.0000	0.0017	0.1827	0.0000	0.0000	0.0000
0.0000	0.1420	0.2841	0.0930	0.0000	0.0408	0.2625	0.1827	0.1827	0.0000	0.0000	0.0000	0.0017	0.1827	0.0000	0.0000	0.0000
0.0000	0.1420	0.2841	0.0930	0.0000	0.0408	0.2625	0.1827	0.1827	0.0000	0.0000	0.0000	0.0017	0.1827	0.0000	0.0000	0.0000
0.0000	0.1420	0.2841	0.0930	0.0000	0.0408	0.2625	0.1827	0.1827	0.0000	0.0000	0.0000	0.0017	0.1827	0.0000	0.0000	0.0000
0.0000	0.1420	0.2841	0.0930	0.0000	0.0408	0.2625	0.1827	0.1827	0.0000	0.0000	0.0000	0.0017	0.1827	0.0000	0.0000	0.0000
0.0000	0.1420	0.2841	0.0930	0.0000	0.0408	0.2625	0.1827	0.1827	0.0000	0.0000	0.0000	0.0017	0.1827	0.0000	0.0000	0.0000
0.0000	0.1420	0.2841	0.0930	0.0000	0.0408	0.2625	0.1827	0.1827	0.0000	0.0000	0.0000	0.0017	0.1827	0.0000	0.0000	0.0000
0.0000	0.1420	0.2841	0.0930	0.0000	0.0408	0.2625	0.1827	0.1827	0.0000	0.0000	0.0000	0.0017	0.1827	0.0000	0.0000	0.0000
0.0000	0.1420	0.2841	0.0930	0.0000	0.0408	0.2625	0.1827	0.1827	0.0000	0.0000	0.0000	0.0017	0.1827	0.0000	0.0000	0.0000
0.0000	0.1420	0.2841	0.0930	0.0000	0.0408	0.2625	0.1827	0.1827	0.0000	0.0000	0.0000	0.0017	0.1827	0.0000	0.0000	0.0000
0.0000	0.1420	0.2841	0.0930	0.0000	0.0408	0.2625	0.1827	0.1827	0.0000	0.0000	0.0000	0.0017	0.1827	0.0000	0.0000	0.0000
0.0000	0.1420	0.2841	0.0930	0.0000	0.0408	0.2625	0.1827	0.1827	0.0000	0.0000	0.0000	0.0017	0.1827	0.0000	0.0000	0.0000
0.0000	0.1420	0.2841	0.0930	0.0000	0.0408	0.2625	0.1827	0.1827	0.0000	0.0000	0.0000	0.0017	0.1827	0.0000	0.0000	0.0000
0.0000	0.1420	0.2841	0.0930	0.0000	0.0408	0.2625	0.1827	0.1827	0.0000	0.0000	0.0000	0.0017	0.1827	0.0000	0.0000	0.0000
0.0000	0.1420	0.2841	0.0930	0.0000	0.0408	0.2625	0.1827	0.1827	0.0000	0.0000	0.0000	0.0017	0.1827	0.0000	0.0000	0.0000
0.0000	0.1420	0.2841	0.0930	0.0000	0.0408	0.2625	0.1827	0.1827	0.0000	0.0000	0.0000	0.0017	0.1827	0.0000	0.0000	0.0000
