0.1426	0.0000	0.0455	0.0000	0.0271	0.0195	0.1364	0.1441	0.0759	0.1340	0.0000	0.0975	0.2281	0.0893	0.0000	0.0000	0.0000
0.1426	0.0000	0.0455	0.0000	0.0271	0.0195	0.1364	0.1441	0.0759	0.1340	0.0000	0.0975	0.2281	0.0893	0.0000	0.0000	0.0000
0.1426	0.0000	0.0455	0.0000	0.0271	0.0195	0.1364	0.1441	0.0759	0.1340	0.0000	0.0975	0.2281	0.0893	0.0000	0.0000	0.0000
0.1426	0.0000	0.0455	0.0000	0.0271	0.0195	0.1364	0.1441	0.0759	0.1340	0.0000	0.0975	0.2281	0.0893	0.0000	0.0000	0.0000
0.1426	0.0000	0.0455	0.0000	0.0271	0.0195	0.1364	0.1441	0.0759	0.1340	0.0000	0.0975	0.2281	0.0893	0.0000	0.0000	0.0000
0.1426	0.0000	0.0455	0.0000	0.0271	0.0195	0.1364	0.1441	0.0759	0.1340	0.0000	0.0975	0.2281	0.0893	0.0000	0.0000	0.0000
0.1426	0.0000	0.0455	0.0000	0.0271	0.0195	0.1364	0.1441	0.0759	0.1340	0.0000	0.0975	0.2281	0.0893	0.0000	0.0000	0.0000
0.1426	0.0000	0.0455	0.0000	0.0271	0.0195	0.1364	0.1441	0.0759	0.1340	0.0000	0.0975	0.2281	0.0893	0.0000	0.0000	0.0000
0.1426	0.0000	0.0455	0.0000	0.0271	0.0195	0.1364	0.1441	0.0759	0.1340	0.0000	0.0975	0.2281	0.0893	0.0000	0.0000	0.0000
0.1426	0.0000	0.0455	0.0000	0.0271	0.0195	0.1364	0.1441	0.0759	0.1340	0.0000	0.0975	0.2281	0.0893	0.0000	0.0000	0.0000
0.1426	0.0000	0.0455	0.0000	0.0271	0.0195	0.1364	0.1441	0.0759	0.1340	0.0000	0.0975	0.2281	0.0893	0.0000	0.0000	0.0000
0.1426	0.0000	0.0455	0.0000	0.0271	0.0195	0.1364	0.1441	0.0759	0.1340	0.0000	0.0975	0.2281	0.0893	0.0000	0.0000	0.0000
0.1426	0.0000	0.0455	0.0000	0.0271	0.0195	0.1364	0.1441	0.0759	0.1340	0.0000	0.0975	0.2281	0.0893	0.0000	0.0000	0.0000
0.1426	0.0000	0.0455	0.0000	0.0271	0.0195	0.1364	0.1441	0.0759	0.1340	0.0000	0.0975	0.2281	0.0893	0.0000	0.0000	0.0000
0.1426	0.0000	0.0455	0.0000	0.0271	0.0195	0.1364	0.1441	0.0759	0.1340	0.0000	0.0975	0.2281	0.0893	0.0000	0.0000	0.0000
0.1426	0.0000	0.0455	0.0000	0.0271	0.0195	0.1364	0.1441	0.0759	0.1340	0.0000	0.0975	0.2281	0.0893	0.0000	0.0000	0.0000
0.1426	0.0000	0.0455	0.0000	0.0271	0.0195	0.1364	0.1441	0.0759	0.1340	0.0000	0.0975	0.2281	0.0893	0.0000	0.0000	0.0000
