0.0517	0.3825	0.3500	0.0000	0.4998	0.2075	0.3750	0.0125	0.0000	0.2182	0.1075	0.0000	0.0000	0.4433	0.3900	0.0000	0.2050
0.0517	0.3825	0.3500	0.0000	0.4998	0.2075	0.3750	0.0125	0.0000	0.2182	0.1075	0.0000	0.0000	0.4433	0.3900	0.0000	0.2050
0.0517	0.3825	0.3500	0.0000	0.4998	0.2075	0.3750	0.0125	0.0000	0.2182	0.1075	0.0000	0.0000	0.4433	0.3900	0.0000	0.2050
0.0517	0.3825	0.3500	0.0000	0.4998	0.2075	0.3750	0.0125	0.0000	0.2182	0.1075	0.0000	0.0000	0.4433	0.3900	0.0000	0.2050
0.0517	0.3825	0.3500	0.0000	0.4998	0.2075	0.3750	0.0125	0.0000	0.2182	0.1075	0.0000	0.0000	0.4433	0.3900	0.0000	0.2050
0.0517	0.3825	0.3500	0.0000	0.4998	0.2075	0.3750	0.0125	0.0000	0.2182	0.1075	0.0000	0.0000	0.4433	0.3900	0.0000	0.2050
0.0517	0.3825	0.3500	0.0000	0.4998	0.2075	0.3750	0.0125	0.0000	0.2182	0.1075	0.0000	0.0000	0.4433	0.3900	0.0000	0.2050
0.0517	0.3825	0.3500	0.0000	0.4998	0.2075	0.3750	0.0125	0.0000	0.2182	0.1075	0.0000	0.0000	0.4433	0.3900	0.0000	0.2050
0.0517	0.3825	0.3500	0.0000	0.4998	0.2075	0.3750	0.0125	0.0000	0.2182	0.1075	0.0000	0.0000	0.4433	0.3900	0.0000	0.2050
0.0517	0.3825	0.3500	0.0000	0.4998	0.2075	0.3750	0.0125	0.0000	0.2182	0.1075	0.0000	0.0000	0.4433	0.3900	0.0000	0.2050
0.0517	0.3825	0.3500	0.0000	0.4998	0.2075	0.3750	0.0125	0.0000	0.2182	0.1075	0.0000	0.0000	0.4433	0.3900	0.0000	0.2050
0.0517	0.3825	0.3500	0.0000	0.4998	0.2075	0.3750	0.0125	0.0000	0.2182	0.1075	0.0000	0.0000	0.4433	0.3900	0.0000	0.2050
0.0517	0.3825	0.3500	0.0000	0.4998	0.2075	0.3750	0.0125	0.0000	0.2182	0.1075	0.0000	0.0000	0.4433	0.3900	0.0000	0.2050
0.0517	0.3825	0.3500	0.0000	0.4998	0.2075	0.3750	0.0125	0.0000	0.2182	0.1075	0.0000	0.0000	0.4433	0.3900	0.0000	0.2050
0.0517	0.3825	0.3500	0.0000	0.4998	0.2075	0.3750	0.0125	0.0000	0.2182	0.1075	0.0000	0.0000	0.4433	0.3900	0.0000	0.2050
0.0517	0.3825	0.3500	0.0000	0.4998	0.2075	0.3750	0.0125	0.0000	0.2182	0.1075	0.0000	0.0000	0.4433	0.3900	0.0000	0.2050
0.0517	0.3825	0.3500	0.0000	0.4998	0.2075	0.3750	0.0125	0.0000	0.2182	0.1075	0.0000	0.0000	0.4433	0.3900	0.0000	0.2050
