1.9024	2.1958	2.0827	2.4165	2.1178	2.5265	2.4733	2.1244	2.4906	2.5262	2.0841	1.7373	2.4575	2.0707	2.0492	2.1833	2.6365
1.9024	2.1958	2.0827	2.4165	2.1178	2.5265	2.4733	2.1244	2.4906	2.5262	2.0841	1.7373	2.4575	2.0707	2.0492	2.1833	2.6365
1.9024	2.1958	2.0827	2.4165	2.1178	2.5265	2.4733	2.1244	2.4906	2.5262	2.0841	1.7373	2.4575	2.0707	2.0492	2.1833	2.6365
1.9024	2.1958	2.0827	2.4165	2.1178	2.5265	2.4733	2.1244	2.4906	2.5262	2.0841	1.7373	2.4575	2.0707	2.0492	2.1833	2.6365
1.9024	2.1958	2.0827	2.4165	2.1178	2.5265	2.4733	2.1244	2.4906	2.5262	2.0841	1.7373	2.4575	2.0707	2.0492	2.1833	2.6365
1.9024	2.1958	2.0827	2.4165	2.1178	2.5265	2.4733	2.1244	2.4906	2.5262	2.0841	1.7373	2.4575	2.0707	2.0492	2.1833	2.6365
1.9024	2.1958	2.0827	2.4165	2.1178	2.5265	2.4733	2.1244	2.4906	2.5262	2.0841	1.7373	2.4575	2.0707	2.0492	2.1833	2.6365
1.9024	2.1958	2.0827	2.4165	2.1178	2.5265	2.4733	2.1244	2.4906	2.5262	2.0841	1.7373	2.4575	2.0707	2.0492	2.1833	2.6365
1.9024	2.1958	2.0827	2.4165	2.1178	2.5265	2.4733	2.1244	2.4906	2.5262	2.0841	1.7373	2.4575	2.0707	2.0492	2.1833	2.6365
1.9024	2.1958	2.0827	2.4165	2.1178	2.5265	2.4733	2.1244	2.4906	2.5262	2.0841	1.7373	2.4575	2.0707	2.0492	2.1833	2.6365
1.9024	2.1958	2.0827	2.4165	2.1178	2.5265	2.4733	2.1244	2.4906	2.5262	2.0841	1.7373	2.4575	2.0707	2.0492	2.1833	2.6365
1.9024	2.1958	2.0827	2.4165	2.1178	2.5265	2.4733	2.1244	2.4906	2.5262	2.0841	1.7373	2.4575	2.0707	2.0492	2.1833	2.6365
1.9024	2.1958	2.0827	2.4165	2.1178	2.5265	2.4733	2.1244	2.4906	2.5262	2.0841	1.7373	2.4575	2.0707	2.0492	2.1833	2.6365
1.9024	2.1958	2.0827	2.4165	2.1178	2.5265	2.4733	2.1244	2.4906	2.5262	2.0841	1.7373	2.4575	2.0707	2.0492	2.1833	2.6365
1.9024	2.1958	2.0827	2.4165	2.1178	2.5265	2.4733	2.1244	2.4906	2.5262	2.0841	1.7373	2.4575	2.0707	2.0492	2.1833	2.6365
1.9024	2.1958	2.0827	2.4165	2.1178	2.5265	2.4733	2.1244	2.4906	2.5262	2.0841	1.7373	2.4575	2.0707	2.0492	2.1833	2.6365
1.9024	2.1958	2.0827	2.4165	2.1178	2.5265	2.4733	2.1244	2.4906	2.5262	2.0841	1.7373	2.4575	2.0707	2.0492	2.1833	2.6365
