2.4958	2.4335	2.4082	2.4291	2.4735	2.4518	2.3963	2.4271	2.4104	2.4784	2.5079	2.4834	2.4252	2.4180	2.4698	2.4888	2.4913
2.4958	2.4335	2.4082	2.4291	2.4735	2.4518	2.3963	2.4271	2.4104	2.4784	2.5079	2.4834	2.4252	2.4180	2.4698	2.4888	2.4913
2.4958	2.4335	2.4082	2.4291	2.4735	2.4518	2.3963	2.4271	2.4104	2.4784	2.5079	2.4834	2.4252	2.4180	2.4698	2.4888	2.4913
2.4958	2.4335	2.4082	2.4291	2.4735	2.4518	2.3963	2.4271	2.4104	2.4784	2.5079	2.4834	2.4252	2.4180	2.4698	2.4888	2.4913
2.4958	2.4335	2.4082	2.4291	2.4735	2.4518	2.3963	2.4271	2.4104	2.4784	2.5079	2.4834	2.4252	2.4180	2.4698	2.4888	2.4913
2.4958	2.4335	2.4082	2.4291	2.4735	2.4518	2.3963	2.4271	2.4104	2.4784	2.5079	2.4834	2.4252	2.4180	2.4698	2.4888	2.4913
2.4958	2.4335	2.4082	2.4291	2.4735	2.4518	2.3963	2.4271	2.4104	2.4784	2.5079	2.4834	2.4252	2.4180	2.4698	2.4888	2.4913
2.4958	2.4335	2.4082	2.4291	2.4735	2.4518	2.3963	2.4271	2.4104	2.4784	2.5079	2.4834	2.4252	2.4180	2.4698	2.4888	2.4913
2.4958	2.4335	2.4082	2.4291	2.4735	2.4518	2.3963	2.4271	2.4104	2.4784	2.5079	2.4834	2.4252	2.4180	2.4698	2.4888	2.4913
2.4958	2.4335	2.4082	2.4291	2.4735	2.4518	2.3963	2.4271	2.4104	2.4784	2.5079	2.4834	2.4252	2.4180	2.4698	2.4888	2.4913
2.4958	2.4335	2.4082	2.4291	2.4735	2.4518	2.3963	2.4271	2.4104	2.4784	2.5079	2.4834	2.4252	2.4180	2.4698	2.4888	2.4913
2.4958	2.4335	2.4082	2.4291	2.4735	2.4518	2.3963	2.4271	2.4104	2.4784	2.5079	2.4834	2.4252	2.4180	2.4698	2.4888	2.4913
2.4958	2.4335	2.4082	2.4291	2.4735	2.4518	2.3963	2.4271	2.4104	2.4784	2.5079	2.4834	2.4252	2.4180	2.4698	2.4888	2.4913
2.4958	2.4335	2.4082	2.4291	2.4735	2.4518	2.3963	2.4271	2.4104	2.4784	2.5079	2.4834	2.4252	2.4180	2.4698	2.4888	2.4913
2.4958	2.4335	2.4082	2.4291	2.4735	2.4518	2.3963	2.4271	2.4104	2.4784	2.5079	2.4834	2.4252	2.4180	2.4698	2.4888	2.4913
2.4958	2.4335	2.4082	2.4291	2.4735	2.4518	2.3963	2.4271	2.4104	2.4784	2.5079	2.4834	2.4252	2.4180	2.4698	2.4888	2.4913
2.4958	2.4335	2.4082	2.4291	2.4735	2.4518	2.3963	2.4271	2.4104	2.4784	2.5079	2.4834	2.4252	2.4180	2.4698	2.4888	2.4913
