0.1167	0.0005	0.1292	0.0788	0.0032	0.0000	0.0139	0.0662	0.0959	0.1975	0.0977	0.0412	0.0154	0.0022	0.0558	0.0018	0.1277
0.1167	0.0005	0.1292	0.0788	0.0032	0.0000	0.0139	0.0662	0.0959	0.1975	0.0977	0.0412	0.0154	0.0022	0.0558	0.0018	0.1277
0.1167	0.0005	0.1292	0.0788	0.0032	0.0000	0.0139	0.0662	0.0959	0.1975	0.0977	0.0412	0.0154	0.0022	0.0558	0.0018	0.1277
0.1167	0.0005	0.1292	0.0788	0.0032	0.0000	0.0139	0.0662	0.0959	0.1975	0.0977	0.0412	0.0154	0.0022	0.0558	0.0018	0.1277
0.1167	0.0005	0.1292	0.0788	0.0032	0.0000	0.0139	0.0662	0.0959	0.1975	0.0977	0.0412	0.0154	0.0022	0.0558	0.0018	0.1277
0.1167	0.0005	0.1292	0.0788	0.0032	0.0000	0.0139	0.0662	0.0959	0.1975	0.0977	0.0412	0.0154	0.0022	0.0558	0.0018	0.1277
0.1167	0.0005	0.1292	0.0788	0.0032	0.0000	0.0139	0.0662	0.0959	0.1975	0.0977	0.0412	0.0154	0.0022	0.0558	0.0018	0.1277
0.1167	0.0005	0.1292	0.0788	0.0032	0.0000	0.0139	0.0662	0.0959	0.1975	0.0977	0.0412	0.0154	0.0022	0.0558	0.0018	0.1277
0.1167	0.0005	0.1292	0.0788	0.0032	0.0000	0.0139	0.0662	0.0959	0.1975	0.0977	0.0412	0.0154	0.0022	0.0558	0.0018	0.1277
0.1167	0.0005	0.1292	0.0788	0.0032	0.0000	0.0139	0.0662	0.0959	0.1975	0.0977	0.0412	0.0154	0.0022	0.0558	0.0018	0.1277
0.1167	0.0005	0.1292	0.0788	0.0032	0.0000	0.0139	0.0662	0.0959	0.1975	0.0977	0.0412	0.0154	0.0022	0.0558	0.0018	0.1277
0.1167	0.0005	0.1292	0.0788	0.0032	0.0000	0.0139	0.0662	0.0959	0.1975	0.0977	0.0412	0.0154	0.0022	0.0558	0.0018	0.1277
0.1167	0.0005	0.1292	0.0788	0.0032	0.0000	0.0139	0.0662	0.0959	0.1975	0.0977	0.0412	0.0154	0.0022	0.0558	0.0018	0.1277
0.1167	0.0005	0.1292	0.0788	0.0032	0.0000	0.0139	0.0662	0.0959	0.1975	0.0977	0.0412	0.0154	0.0022	0.0558	0.0018	0.1277
0.1167	0.0005	0.1292	0.0788	0.0032	0.0000	0.0139	0.0662	0.0959	0.1975	0.0977	0.0412	0.0154	0.0022	0.0558	0.0018	0.1277
0.1167	0.0005	0.1292	0.0788	0.0032	0.0000	0.0139	0.0662	0.0959	0.1975	0.0977	0.0412	0.0154	0.0022	0.0558	0.0018	0.1277
0.1167	0.0005	0.1292	0.0788	0.0032	0.0000	0.0139	0.0662	0.0959	0.1975	0.0977	0.0412	0.0154	0.0022	0.0558	0.0018	0.1277
