0.1583	0.0949	0.0000	0.0188	0.0003	0.0000	0.0763	0.1290	0.2824	0.0474	0.0000	0.1827	0.2548	0.2747	0.0917	0.0216	0.0000
0.1657	0.5006	0.0000	0.1170	0.0000	0.0000	0.1844	0.1375	0.1479	0.0508	0.0000	0.1368	0.2398	0.1232	0.0905	0.0948	0.0101
0.0645	0.1844	0.4550	0.0258	0.0000	0.1691	0.1520	0.0000	0.4395	0.1077	0.0196	0.1184	0.0861	0.0000	0.0000	0.0000	0.0554
0.0222	0.2314	0.2529	0.4742	0.0000	0.0056	0.0429	0.0455	0.0949	0.1155	0.0000	0.1827	0.0792	0.0000	0.0000	0.1005	0.1476
0.0732	0.1827	0.0000	0.1827	0.4720	0.0000	0.1844	0.1827	0.0000	0.0508	0.0000	0.1827	0.0000	0.0000	0.2037	0.1827	0.0000
0.1026	0.0000	0.0000	0.1339	0.0000	0.1827	0.0000	0.1290	0.1827	0.0800	0.1827	0.0000	0.0000	0.2747	0.1202	0.0000	0.0000
0.0175	0.2365	0.1827	0.4195	0.2465	0.4287	0.4414	0.0230	0.1072	0.0800	0.1330	0.0426	0.0853	0.0000	0.0000	0.0000	0.1320
0.0197	0.1290	0.1827	0.1892	0.3333	0.1844	0.1827	0.1827	0.1827	0.0800	0.0000	0.1827	0.1959	0.0000	0.1202	0.0000	0.1844
0.1026	0.1290	0.0000	0.1827	0.3333	0.1844	0.1827	0.1844	0.1827	0.0800	0.0000	0.0000	0.1959	0.2747	0.1202	0.0000	0.0000
0.1026	0.1290	0.1844	0.1827	0.3333	0.1844	0.1844	0.1827	0.1844	0.0800	0.0000	0.1827	0.1959	0.1232	0.1202	0.0000	0.0000
0.1026	0.1290	0.0000	0.1827	0.3333	0.1844	0.1827	0.1827	0.1844	0.0741	0.1844	0.1827	0.1959	0.2747	0.1202	0.0000	0.0000
0.1026	0.1290	0.0000	0.1827	0.3333	0.1844	0.1827	0.1827	0.1844	0.0508	0.1827	0.1844	0.1959	0.2747	0.1202	0.0000	0.0000
0.1026	0.1290	0.0000	0.1827	0.3333	0.1844	0.1827	0.1290	0.1844	0.0800	0.1827	0.1827	0.1959	0.2747	0.1692	0.0000	0.0000
0.1026	0.1290	0.0000	0.1827	0.0000	0.1844	0.1827	0.1827	0.1844	0.0508	0.1844	0.1827	0.1959	0.2747	0.1202	0.0000	0.0000
0.1026	0.1290	0.0000	0.1827	0.0000	0.1844	0.1827	0.1827	0.1844	0.0508	0.1827	0.1827	0.1959	0.2747	0.1692	0.0000	0.0000
0.1026	0.1290	0.0000	0.1827	0.3333	0.1844	0.1827	0.1827	0.1844	0.0508	0.1827	0.1827	0.1959	0.2747	0.1692	0.1844	0.0000
0.1026	0.1290	0.0000	0.1827	0.3333	0.1827	0.1827	0.1827	0.1844	0.0508	0.1844	0.1827	0.1959	0.2747	0.1202	0.1844	0.1827
