1.4382	0.0000	0.0000	0.0000	0.0000	0.0000	0.0000	0.0000	0.0000	0.0000	0.0000	0.0000	0.0000	0.0000	0.0000	0.0000	0.0000
2.1169	0.6842	0.0000	0.0000	0.0000	0.0000	0.0000	0.0000	0.0000	0.0000	0.0000	0.0000	0.0000	0.0000	0.0000	0.0000	0.0000
2.0575	2.1856	0.7077	0.0000	0.0000	0.0000	0.0000	0.0000	0.0000	0.0000	0.0000	0.0000	0.0000	0.0000	0.0000	0.0000	0.0000
2.1231	2.2211	2.1443	0.6919	0.0000	0.0000	0.0000	0.0000	0.0000	0.0000	0.0000	0.0000	0.0000	0.0000	0.0000	0.0000	0.0000
2.0538	2.0149	2.0599	2.1031	0.5754	0.0000	0.0000	0.0000	0.0000	0.0000	0.0000	0.0000	0.0000	0.0000	0.0000	0.0000	0.0000
2.1843	2.2273	2.2493	2.0331	2.0351	0.6797	0.0000	0.0000	0.0000	0.0000	0.0000	0.0000	0.0000	0.0000	0.0000	0.0000	0.0000
2.1118	2.0556	2.3015	2.0558	2.1760	2.1250	0.6982	0.0000	0.0000	0.0000	0.0000	0.0000	0.0000	0.0000	0.0000	0.0000	0.0000
2.1642	2.0431	2.2745	2.0827	2.0618	2.0903	2.0245	0.7026	0.0000	0.0000	0.0000	0.0000	0.0000	0.0000	0.0000	0.0000	0.0000
2.1515	2.1369	2.0072	2.0166	1.9979	2.0317	2.1967	2.0342	0.7396	0.0000	0.0000	0.0000	0.0000	0.0000	0.0000	0.0000	0.0000
2.0793	2.1189	2.0767	2.0172	1.9704	2.1319	2.0977	2.0081	2.0724	1.1208	0.0000	0.0000	0.0000	0.0000	0.0000	0.0000	0.0000
2.0232	2.2749	2.1635	2.0302	2.1306	2.1240	2.0973	1.9320	2.0667	2.2734	0.7000	0.0000	0.0000	0.0000	0.0000	0.0000	0.0000
2.1047	2.2451	2.2278	2.0336	1.8373	2.1138	2.0826	1.9690	2.2709	2.2677	2.1105	0.7105	0.0000	0.0000	0.0000	0.0000	0.0000
2.0695	2.1831	2.2560	2.0010	2.0829	1.9891	2.1345	2.1094	2.1897	2.1825	2.2579	2.0816	0.6445	0.0000	0.0000	0.0000	0.0000
2.1996	2.0568	2.3991	1.9584	2.0304	1.8739	2.0905	1.9925	2.0130	2.2363	2.1746	2.2052	1.8939	0.7907	0.0000	0.0000	0.0000
2.1731	2.1187	2.4393	2.0900	1.8060	2.1371	2.0372	2.0094	2.2787	2.2068	2.2016	2.1791	2.0404	1.9915	1.0528	0.0000	0.0000
2.0959	2.1451	2.0650	1.9356	2.1687	2.0938	1.9674	1.9801	2.2103	2.2412	2.1675	2.1836	1.9716	2.1742	2.4274	0.7155	0.0000
1.9925	2.1349	2.0646	2.0327	2.0454	2.0773	2.1559	1.9765	2.1183	2.2968	2.0526	2.1481	2.0211	1.9247	2.4057	2.0428	0.7637
