0.2898	0.0000	0.0000	0.0000	0.0000	0.0000	0.0000	0.0000	0.0000	0.0000	0.0000	0.0000	0.0000	0.0000	0.0000	0.0000	0.0000
0.0000	0.7040	0.0000	0.0000	0.0000	0.0000	0.0000	0.0000	0.0000	0.0000	0.0000	0.0000	0.0000	0.0000	0.0000	0.0000	0.0000
0.0521	0.0351	0.7040	0.0000	0.0000	0.0000	0.0000	0.0000	0.0000	0.0000	0.0000	0.0000	0.0000	0.0000	0.0000	0.0000	0.0000
0.0000	0.0000	0.0347	0.6976	0.0000	0.0000	0.0000	0.0000	0.0000	0.0000	0.0000	0.0000	0.0000	0.0000	0.0000	0.0000	0.0000
0.0000	0.0141	0.0045	0.0073	0.7044	0.0000	0.0000	0.0000	0.0000	0.0000	0.0000	0.0000	0.0000	0.0000	0.0000	0.0000	0.0000
0.0539	0.0092	0.0000	0.0037	0.0000	0.7082	0.0000	0.0000	0.0000	0.0000	0.0000	0.0000	0.0000	0.0000	0.0000	0.0000	0.0000
0.0890	0.0000	0.0000	0.0900	0.0000	0.1429	0.7204	0.0000	0.0000	0.0000	0.0000	0.0000	0.0000	0.0000	0.0000	0.0000	0.0000
0.0000	0.0000	0.0780	0.0000	0.0000	0.0968	0.0095	0.7535	0.0000	0.0000	0.0000	0.0000	0.0000	0.0000	0.0000	0.0000	0.0000
0.0734	0.0156	0.0000	0.1411	0.0001	0.0282	0.0813	0.0000	0.6766	0.0000	0.0000	0.0000	0.0000	0.0000	0.0000	0.0000	0.0000
0.0881	0.0368	0.0184	0.0898	0.0060	0.0757	0.0000	0.0049	0.0161	0.6078	0.0000	0.0000	0.0000	0.0000	0.0000	0.0000	0.0000
0.0179	0.0081	0.0000	0.0363	0.0000	0.0650	0.0464	0.0097	0.1295	0.0782	0.6955	0.0000	0.0000	0.0000	0.0000	0.0000	0.0000
0.0000	0.0025	0.0000	0.0631	0.0053	0.0673	0.0264	0.0024	0.0449	0.0747	0.0423	0.7269	0.0000	0.0000	0.0000	0.0000	0.0000
0.0321	0.0493	0.0066	0.0501	0.0009	0.0828	0.0178	0.0408	0.0590	0.0940	0.0557	0.0183	0.6766	0.0000	0.0000	0.0000	0.0000
0.0000	0.0000	0.0000	0.0000	0.0000	0.1869	0.0778	0.0034	0.1848	0.1025	0.0489	0.0000	0.0965	0.2747	0.0000	0.0000	0.0000
0.0114	0.0237	0.0000	0.0794	0.0083	0.2004	0.0264	0.0000	0.0727	0.0427	0.1074	0.0306	0.0187	0.0764	0.3990	0.0000	0.0000
0.0000	0.0000	0.0000	0.0000	0.0000	0.1912	0.0188	0.0022	0.0740	0.0000	0.0992	0.0000	0.0000	0.0921	0.1278	0.7007	0.0000
0.0612	0.0000	0.0199	0.0000	0.0740	0.1035	0.0000	0.0391	0.0276	0.0737	0.0515	0.0268	0.0000	0.1294	0.1637	0.0026	0.6530
