0.3501	2.0180	2.0145	2.2053	2.3359	2.2620	2.1059	2.0842	2.3860	2.2442	1.9943	1.8375	2.2558	2.0481	2.3450	2.1545	2.3416
0.3361	0.5563	2.0309	2.0785	2.3321	2.2584	2.0559	2.0852	2.2275	2.2395	2.0651	1.9719	2.1478	2.0339	2.2114	2.2198	2.1633
0.3296	0.5782	0.5642	2.0903	2.3447	2.2415	2.0708	2.0894	2.3413	2.4176	2.0309	2.0002	2.1245	2.0493	2.1015	2.2922	2.2883
0.3006	0.5869	0.6112	0.4757	2.2970	2.3561	2.0701	2.1004	2.3164	2.3362	2.1242	1.9492	2.1353	1.9802	2.2031	2.2573	2.2464
0.2924	0.5845	0.6245	0.4893	0.7234	2.2946	2.0529	2.0339	2.3280	2.4888	2.1696	2.0091	2.4785	1.9517	2.4976	2.0807	2.3259
0.3035	0.5877	0.6237	0.5141	0.7073	0.2025	2.0883	2.0233	2.3606	2.4028	2.1619	2.1100	2.5446	2.0094	2.4762	2.0501	2.3961
0.2857	0.5894	0.6311	0.5212	0.7331	0.2239	1.3197	2.0488	2.2320	2.4602	2.0123	2.0848	2.4881	2.0707	2.3046	2.0868	2.2552
0.2658	0.5895	0.6045	0.5353	0.7643	0.2461	1.3569	0.7715	2.1902	2.3620	2.0442	2.1633	2.3952	2.1168	2.2622	2.0977	2.2775
0.2752	0.5856	0.5972	0.5175	0.7781	0.2418	1.3657	0.8483	0.6672	2.5008	2.0551	2.0258	2.2224	2.0146	2.2508	2.1336	2.1817
0.2650	0.6227	0.6568	0.5084	0.7975	0.2606	1.3609	0.8663	0.6246	0.4800	2.1137	2.0622	2.3745	2.0195	2.3638	2.1382	2.1309
0.2585	0.5948	0.7666	0.5226	0.8912	0.2620	1.3758	0.9553	0.6193	0.4802	0.6271	1.9616	2.3395	1.9754	2.3426	2.1422	2.2337
0.2725	0.5909	0.6894	0.5125	0.8885	0.2542	1.3477	0.9633	0.6118	0.4797	0.6316	0.5912	2.2947	2.0893	2.4414	2.1431	2.2540
0.2753	0.5872	0.6288	0.5806	0.9532	0.2544	1.3639	0.9241	0.6353	0.5052	0.6606	0.6272	1.0873	2.3657	2.2984	2.1352	2.1839
0.2599	0.6645	0.6796	0.5516	0.9351	0.2508	1.3560	0.9384	0.6371	0.5580	0.6418	0.5968	1.1667	0.7458	2.2738	2.1650	2.1136
0.2636	0.6106	0.6497	0.5710	0.9558	0.2496	1.3943	0.9245	0.6548	0.5651	0.6404	0.6257	1.2008	0.7434	0.7501	2.2340	2.0697
0.2662	0.6421	0.6393	0.5721	0.9774	0.2380	1.3757	0.9717	0.6636	0.5369	0.6549	0.6217	1.1674	0.7587	0.7612	0.4654	2.1987
0.2655	0.6717	0.6973	0.5291	0.9784	0.2390	1.3865	1.0818	0.6264	0.5686	0.6702	0.6162	1.1977	0.7563	0.7555	0.4884	0.6486
