0.8580	0.0362	0.1875	0.0250	0.0025	0.0600	0.0517	0.2159	0.0025	0.1475	0.3000	0.3550	0.0100	0.2825	0.1031	0.2300	0.0050
0.8720	0.7198	0.1675	0.1050	0.0000	0.0600	0.1034	0.1909	0.0575	0.1275	0.2725	0.3000	0.0300	0.1575	0.1237	0.3125	0.0875
0.8840	0.7102	0.7750	0.0750	0.0050	0.0825	0.1552	0.1886	0.0175	0.0250	0.2775	0.2000	0.1200	0.1275	0.1959	0.2825	0.0275
0.8960	0.7119	0.7650	0.8125	0.0900	0.0325	0.1552	0.1955	0.1250	0.0375	0.1325	0.1975	0.1200	0.1500	0.1237	0.2550	0.0625
0.8960	0.7153	0.7525	0.8100	0.7125	0.0550	0.1034	0.2182	0.1375	0.0000	0.0200	0.2925	0.0000	0.2425	0.0103	0.2550	0.0050
0.8900	0.7170	0.7375	0.7925	0.7175	0.9100	0.1207	0.2409	0.1375	0.0075	0.0050	0.2725	0.0000	0.1075	0.0000	0.2700	0.0025
0.8900	0.7142	0.7700	0.8025	0.7200	0.9125	0.3966	0.2614	0.2050	0.0050	0.0925	0.2100	0.0000	0.0750	0.0722	0.2300	0.0225
0.9020	0.7138	0.7650	0.8100	0.6875	0.9225	0.4828	0.7250	0.2275	0.0300	0.0750	0.1100	0.0000	0.0525	0.0928	0.2525	0.0125
0.8980	0.7171	0.7650	0.8050	0.6750	0.9200	0.4828	0.7000	0.7300	0.0425	0.0725	0.2450	0.0200	0.2750	0.0928	0.3675	0.0275
0.8900	0.6934	0.7750	0.8150	0.6425	0.9075	0.5000	0.7023	0.7325	0.8075	0.0775	0.2550	0.0200	0.2025	0.0928	0.3300	0.1300
0.9000	0.7058	0.7375	0.8325	0.5825	0.9025	0.5172	0.6841	0.7625	0.8075	0.7625	0.3000	0.0300	0.2775	0.0619	0.2400	0.0750
0.9020	0.7127	0.7625	0.8350	0.5675	0.9125	0.5172	0.6909	0.7675	0.8200	0.7400	0.7700	0.0000	0.3075	0.0722	0.1900	0.1600
0.9020	0.7082	0.7800	0.8050	0.5150	0.9125	0.5000	0.6864	0.7575	0.8200	0.7400	0.7550	0.4100	0.1750	0.0412	0.1300	0.0400
0.8920	0.6687	0.7600	0.8325	0.6125	0.9025	0.5172	0.6977	0.7725	0.7950	0.7575	0.7825	0.2900	0.7100	0.0619	0.1725	0.1375
0.8940	0.6882	0.7800	0.8050	0.5850	0.9050	0.4828	0.6909	0.7625	0.8025	0.7525	0.7700	0.3300	0.7075	0.7113	0.1925	0.2000
0.8920	0.6686	0.7900	0.8025	0.5750	0.9075	0.5172	0.6727	0.7650	0.8100	0.7375	0.7725	0.3500	0.7125	0.7113	0.8250	0.0675
0.8920	0.6639	0.7675	0.8275	0.5675	0.9100	0.5345	0.6386	0.7750	0.7950	0.7250	0.7700	0.3200	0.7150	0.7113	0.8225	0.7500
