0.8056	0.0186	0.0863	0.0161	0.0022	0.0539	0.0449	0.1186	0.0022	0.0674	0.0950	0.1184	0.0106	0.1479	0.0476	0.0613	0.0032
0.8225	0.7197	0.0807	0.0593	0.0000	0.0545	0.1010	0.1139	0.0391	0.0608	0.0765	0.0862	0.0231	0.0741	0.0499	0.0727	0.0447
0.8494	0.7071	0.7648	0.0439	0.0046	0.0573	0.1061	0.1164	0.0142	0.0169	0.0956	0.0827	0.0552	0.0751	0.0560	0.0863	0.0185
0.8685	0.7105	0.7565	0.8041	0.0514	0.0250	0.1045	0.1240	0.0464	0.0224	0.0661	0.0938	0.0445	0.0713	0.0399	0.0787	0.0348
0.8676	0.7152	0.7418	0.8037	0.7058	0.0406	0.0838	0.1417	0.0689	0.0000	0.0146	0.1014	0.0000	0.1235	0.0260	0.0938	0.0037
0.8604	0.7169	0.7271	0.7862	0.7093	0.9020	0.0774	0.1541	0.0634	0.0054	0.0057	0.0897	0.0000	0.0548	0.0000	0.1097	0.0019
0.8543	0.7131	0.7565	0.7931	0.7108	0.9040	0.2021	0.1610	0.0890	0.0037	0.0616	0.0930	0.0000	0.0401	0.0227	0.0940	0.0159
0.8813	0.7135	0.7525	0.7951	0.6774	0.9149	0.2996	0.7293	0.0963	0.0196	0.0588	0.0701	0.0000	0.0307	0.0285	0.0874	0.0090
0.8755	0.7171	0.7514	0.7947	0.6644	0.9130	0.2825	0.7050	0.7139	0.0214	0.0412	0.0871	0.0152	0.1052	0.0376	0.1017	0.0189
0.8684	0.6878	0.7621	0.8002	0.6269	0.9007	0.2851	0.7045	0.7161	0.8018	0.0426	0.0865	0.0212	0.0935	0.0420	0.1133	0.0643
0.8778	0.7045	0.7249	0.8213	0.5533	0.8945	0.2963	0.6841	0.7488	0.8004	0.7540	0.1056	0.0268	0.1220	0.0326	0.0902	0.0396
0.8776	0.7126	0.7505	0.8235	0.5346	0.9043	0.3028	0.6929	0.7428	0.8122	0.7290	0.7436	0.0000	0.1143	0.0295	0.1140	0.0628
0.8760	0.7074	0.7669	0.7776	0.4657	0.9039	0.2988	0.6886	0.7215	0.8127	0.7265	0.7150	0.3908	0.0775	0.0196	0.0871	0.0236
0.8686	0.6532	0.7501	0.8222	0.5745	0.8932	0.3402	0.6959	0.7542	0.7879	0.7447	0.7584	0.2891	0.7024	0.0333	0.0827	0.0583
0.8694	0.6816	0.7712	0.7955	0.5289	0.8967	0.3191	0.6905	0.7331	0.7962	0.7372	0.7342	0.2829	0.7028	0.3598	0.0894	0.0829
0.8685	0.6543	0.7792	0.7895	0.5097	0.8998	0.3368	0.6708	0.7456	0.8038	0.7244	0.7404	0.3410	0.7090	0.3598	0.8183	0.0469
0.8677	0.6487	0.7545	0.8160	0.5075	0.9027	0.3454	0.6418	0.7546	0.7902	0.7158	0.7401	0.3079	0.7086	0.4091	0.8167	0.7463
