0.0732	0.0000	0.0000	0.0000	0.0000	0.0000	0.0000	0.0000	0.0000	0.0000	0.0000	0.0000	0.0000	0.0000	0.0000	0.0000	0.0000
0.1657	0.6860	0.0000	0.0000	0.0000	0.0000	0.0000	0.0000	0.0000	0.0000	0.0000	0.0000	0.0000	0.0000	0.0000	0.0000	0.0000
0.0732	0.4100	0.6966	0.0000	0.0000	0.0000	0.0000	0.0000	0.0000	0.0000	0.0000	0.0000	0.0000	0.0000	0.0000	0.0000	0.0000
0.1532	0.1818	0.3736	0.6200	0.0000	0.0000	0.0000	0.0000	0.0000	0.0000	0.0000	0.0000	0.0000	0.0000	0.0000	0.0000	0.0000
0.1326	0.3352	0.2133	0.1431	0.7174	0.0000	0.0000	0.0000	0.0000	0.0000	0.0000	0.0000	0.0000	0.0000	0.0000	0.0000	0.0000
0.1647	0.1005	0.1038	0.0779	0.3472	0.7146	0.0000	0.0000	0.0000	0.0000	0.0000	0.0000	0.0000	0.0000	0.0000	0.0000	0.0000
0.1335	0.0597	0.1290	0.1692	0.4550	0.5377	0.6589	0.0000	0.0000	0.0000	0.0000	0.0000	0.0000	0.0000	0.0000	0.0000	0.0000
0.0851	0.0885	0.1295	0.1108	0.3476	0.5982	0.4953	0.6535	0.0000	0.0000	0.0000	0.0000	0.0000	0.0000	0.0000	0.0000	0.0000
0.1060	0.0856	0.1109	0.0939	0.3902	0.3167	0.4278	0.6118	0.5286	0.0000	0.0000	0.0000	0.0000	0.0000	0.0000	0.0000	0.0000
0.1326	0.1818	0.1920	0.2090	0.2222	0.1176	0.1785	0.1010	0.1078	0.3952	0.0000	0.0000	0.0000	0.0000	0.0000	0.0000	0.0000
0.0000	0.0442	0.0615	0.2856	0.1675	0.1007	0.1951	0.1240	0.1128	0.1643	0.6286	0.0000	0.0000	0.0000	0.0000	0.0000	0.0000
0.0000	0.0256	0.0595	0.2344	0.0910	0.1064	0.0874	0.1275	0.1429	0.1436	0.6359	0.6237	0.0000	0.0000	0.0000	0.0000	0.0000
0.0760	0.1303	0.1827	0.1892	0.1648	0.1150	0.2049	0.0988	0.1251	0.1874	0.2936	0.5760	0.7075	0.0000	0.0000	0.0000	0.0000
0.1318	0.1827	0.1827	0.1827	0.3333	0.0092	0.1844	0.0000	0.0581	0.1207	0.1844	0.1844	0.3873	0.2747	0.0000	0.0000	0.0000
0.1033	0.3682	0.3756	0.2553	0.2691	0.0149	0.0359	0.0055	0.0000	0.0617	0.1720	0.1056	0.1959	0.2747	0.3861	0.0000	0.0000
0.0476	0.2618	0.2217	0.1724	0.1419	0.0000	0.0118	0.0000	0.0131	0.0689	0.1958	0.1333	0.1476	0.2747	0.3469	0.5291	0.0000
0.0866	0.1827	0.4738	0.1941	0.0959	0.0035	0.1950	0.0000	0.0204	0.0628	0.1844	0.1844	0.2056	0.2747	0.1477	0.3911	0.6294
