1.5465	0.0000	0.0000	0.0000	0.0000	0.0000	0.0000	0.0000	0.0000	0.0000	0.0000	0.0000	0.0000	0.0000	0.0000	0.0000	0.0000
1.5253	0.7367	0.0000	0.0000	0.0000	0.0000	0.0000	0.0000	0.0000	0.0000	0.0000	0.0000	0.0000	0.0000	0.0000	0.0000	0.0000
1.5757	1.0455	0.7314	0.0000	0.0000	0.0000	0.0000	0.0000	0.0000	0.0000	0.0000	0.0000	0.0000	0.0000	0.0000	0.0000	0.0000
1.7138	1.4699	0.9953	0.8621	0.0000	0.0000	0.0000	0.0000	0.0000	0.0000	0.0000	0.0000	0.0000	0.0000	0.0000	0.0000	0.0000
1.6488	1.0662	1.2183	1.4660	0.5570	0.0000	0.0000	0.0000	0.0000	0.0000	0.0000	0.0000	0.0000	0.0000	0.0000	0.0000	0.0000
1.8523	2.2164	2.3560	2.2666	2.5730	0.7519	0.0000	0.0000	0.0000	0.0000	0.0000	0.0000	0.0000	0.0000	0.0000	0.0000	0.0000
2.0432	2.1489	1.9623	1.6290	1.1967	0.8974	0.7747	0.0000	0.0000	0.0000	0.0000	0.0000	0.0000	0.0000	0.0000	0.0000	0.0000
1.8303	2.1883	2.3402	2.1863	2.2818	0.9054	0.9172	0.8488	0.0000	0.0000	0.0000	0.0000	0.0000	0.0000	0.0000	0.0000	0.0000
1.9108	2.1269	2.4335	2.6478	2.2939	1.3077	1.0063	0.9495	0.9934	0.0000	0.0000	0.0000	0.0000	0.0000	0.0000	0.0000	0.0000
2.1816	1.9113	1.4361	1.2305	2.9968	2.2139	1.5052	2.2790	2.2239	1.3370	0.0000	0.0000	0.0000	0.0000	0.0000	0.0000	0.0000
2.1284	2.8126	2.1377	1.4053	4.2228	3.5161	2.4103	3.5568	2.9434	1.8151	0.9156	0.0000	0.0000	0.0000	0.0000	0.0000	0.0000
2.1688	3.1222	1.9796	1.2686	6.2928	5.0579	3.3617	4.6495	3.8859	1.7790	0.9759	0.9246	0.0000	0.0000	0.0000	0.0000	0.0000
2.1337	1.9486	1.5114	1.1333	3.3221	3.4590	2.0356	3.0870	2.6987	1.5894	1.3836	0.9460	0.6710	0.0000	0.0000	0.0000	0.0000
1.7578	1.7360	1.4274	1.2386	2.9485	3.3259	1.8406	3.2106	2.7404	1.7348	1.4126	1.4080	1.3030	0.8192	0.0000	0.0000	0.0000
1.6502	1.4150	1.2916	1.3664	3.0823	4.0377	2.5518	4.0725	3.6175	1.9699	1.7114	1.3314	1.4711	0.8703	1.2564	0.0000	0.0000
2.2236	2.0891	1.5765	1.2897	4.4237	4.5868	3.1389	4.9336	3.7463	1.9215	1.9089	1.6328	2.1081	0.9719	1.1503	0.9262	0.0000
1.8414	1.7485	1.2564	1.1588	3.6062	3.4811	2.1485	3.6400	2.9847	2.0843	1.6182	1.4900	1.4930	0.9330	1.2275	1.0140	0.9104
