0.6494	0.1052	0.0000	0.0000	0.0026	0.1311	0.1232	0.0619	0.0970	0.0364	0.0556	0.1267	0.0529	0.0693	0.0000	0.0841	0.0816
0.0427	0.5844	0.0126	0.0481	0.0383	0.1238	0.0490	0.0602	0.0832	0.0290	0.0579	0.1252	0.0000	0.0802	0.0688	0.0653	0.0410
0.0487	0.0596	0.6930	0.0241	0.0621	0.0825	0.1767	0.0020	0.0779	0.1439	0.0089	0.3649	0.0038	0.0000	0.0000	0.0510	0.4576
0.0000	0.0628	0.0075	0.6231	0.1295	0.1326	0.0000	0.0000	0.0000	0.1946	0.1391	0.1156	0.0146	0.0000	0.0000	0.1828	0.0000
0.0022	0.0727	0.0000	0.0570	0.6449	0.0833	0.0000	0.0322	0.0000	0.2037	0.0688	0.1290	0.0001	0.1301	0.0000	0.1467	0.0868
0.0000	0.0629	0.0000	0.0000	0.1290	0.1921	0.0000	0.0000	0.1290	0.2037	0.1290	0.1827	0.0000	0.0000	0.0000	0.1290	0.0000
0.0000	0.0000	0.1284	0.3051	0.0000	0.0964	0.2747	0.0000	0.0000	0.1202	0.1844	0.0000	0.0000	0.0000	0.0000	0.1827	0.0000
0.0597	0.0549	0.0038	0.0000	0.1913	0.0732	0.1232	0.6254	0.1137	0.2037	0.0000	0.2981	0.0000	0.1583	0.0000	0.1290	0.0717
0.0815	0.0665	0.0000	0.0837	0.1456	0.0961	0.1232	0.1827	0.6506	0.2256	0.0000	0.0911	0.0000	0.1827	0.0000	0.1290	0.1844
0.1306	0.1362	0.0000	0.1290	0.1448	0.1026	0.0000	0.0882	0.0000	0.1704	0.0258	0.1827	0.0000	0.0529	0.0000	0.1290	0.1844
0.0341	0.0457	0.0503	0.3691	0.2872	0.1278	0.0000	0.0000	0.0000	0.2434	0.6492	0.0586	0.1315	0.0000	0.0000	0.5376	0.0256
0.2374	0.0787	0.0000	0.0099	0.1419	0.1220	0.0727	0.1467	0.1125	0.1252	0.0227	0.7506	0.0000	0.0826	0.0000	0.1699	0.1296
0.1489	0.0171	0.0000	0.0785	0.0143	0.1051	0.0488	0.0078	0.0713	0.0000	0.0652	0.1932	0.7241	0.0925	0.0000	0.1604	0.0000
0.0393	0.0590	0.0000	0.0570	0.0590	0.1026	0.0095	0.1246	0.0000	0.2037	0.1262	0.0743	0.0000	0.6102	0.0000	0.1684	0.1129
0.0797	0.0557	0.0000	0.2299	0.0047	0.1026	0.0357	0.0407	0.1290	0.2037	0.0127	0.1827	0.0000	0.0244	0.7081	0.2935	0.1123
0.0121	0.0368	0.0870	0.0838	0.0382	0.1026	0.0000	0.0106	0.1081	0.1530	0.0348	0.1827	0.0048	0.0000	0.0000	0.6743	0.0087
0.2029	0.0588	0.0469	0.0138	0.1827	0.0000	0.0794	0.1366	0.0000	0.2936	0.0000	0.1172	0.0000	0.1827	0.0000	0.0134	0.6476
