0.6552	0.0731	0.1256	0.0389	0.0183	0.0000	0.0000	0.0000	0.0131	0.1515	0.0185	0.0784	0.1048	0.1040	0.0744	0.0674	0.1352
-0.0181	0.5263	-0.0803	-0.0033	0.0612	0.0991	0.0000	0.0063	0.0032	0.0626	-0.0056	0.0012	-0.0207	-0.0871	-0.0256	0.0542	-0.0796
0.0114	-0.0880	0.5987	0.0720	0.0379	-0.0674	0.0000	0.0087	0.0270	-0.0971	0.0070	0.0125	-0.0045	0.0457	-0.0302	-0.0498	-0.0276
0.0003	-0.0359	0.0252	0.6323	0.0170	-0.0014	0.0106	0.0038	-0.0163	0.0589	-0.0181	-0.0381	0.0050	-0.0088	0.0300	-0.0022	0.0138
-0.0159	0.0022	-0.0282	0.0026	0.6165	0.0066	0.0219	0.0312	-0.0249	-0.0499	0.0140	0.0042	0.0224	-0.0036	0.0322	-0.0161	0.0058
-0.0281	0.0258	-0.0415	-0.0463	-0.0661	0.2126	-0.0190	-0.0032	0.0655	-0.0317	0.0614	-0.0022	-0.0173	-0.0073	0.0515	0.0153	0.0264
-0.1222	-0.0275	-0.0242	-0.1444	-0.0767	0.0091	0.3103	0.0303	-0.0408	0.0208	-0.0046	0.0073	0.0126	0.0063	-0.0373	0.0094	-0.0077
0.1938	0.0336	0.0893	0.1920	0.1281	-0.0312	-0.0042	0.6325	-0.0221	-0.0327	0.0015	0.0209	-0.0190	-0.0086	0.0183	-0.0058	-0.0160
-0.0249	-0.0424	-0.0240	0.0023	0.0083	0.0519	-0.0456	-0.0201	0.6834	0.0235	-0.0123	-0.0232	0.0194	-0.0149	-0.0128	0.0375	0.0221
-0.0355	-0.0235	0.0110	-0.0290	-0.0262	-0.0264	0.0864	-0.0232	-0.0302	0.1896	-0.0086	0.0327	0.0009	0.0349	-0.0226	-0.0158	-0.0016
0.0216	-0.0258	0.0087	0.0143	-0.0072	-0.0024	-0.0888	-0.0161	0.0521	-0.0699	0.6942	0.0062	0.0227	-0.0139	-0.0137	0.0135	0.0338
0.0003	0.0422	-0.0511	0.0083	0.0149	-0.0104	0.0000	0.0469	-0.0229	-0.0190	-0.0142	0.6173	-0.0243	0.0044	-0.0080	-0.0492	-0.0392
-0.0849	0.0104	-0.0632	-0.0450	-0.0504	0.0620	0.0051	-0.0526	-0.0258	0.0841	-0.0855	-0.0329	0.5915	0.0286	-0.0132	-0.0010	0.0011
-0.0417	-0.0063	-0.0280	-0.0294	-0.0113	-0.0445	-0.0049	0.0056	0.0050	-0.0197	0.0337	-0.0030	-0.0015	0.6793	-0.0085	0.0129	0.0093
-0.0106	0.0044	0.0488	-0.0453	-0.0329	-0.0127	0.0615	-0.0480	-0.0437	-0.0120	-0.0259	-0.0049	-0.0010	-0.0316	0.6883	-0.0330	-0.0195
0.0818	0.0634	0.0626	-0.0241	0.0722	0.0023	-0.0600	0.0408	0.0251	0.0223	0.0213	-0.0246	-0.0060	0.0145	-0.0249	0.6690	0.0452
-0.0397	0.0107	0.0498	0.0621	0.0147	-0.0108	0.0630	-0.0237	0.0135	-0.0409	0.0022	-0.0133	-0.0267	0.0165	-0.0093	-0.0003	0.6420
