0.7718	2.0762	1.9388	2.1677	2.1041	2.1826	2.3876	2.2910	2.1628	1.9007	2.1704	2.1344	1.9230	2.0253	1.9994	2.1660	2.0147
0.9785	1.1199	2.1104	2.1396	2.0104	2.1283	2.2856	2.2385	2.1300	1.9160	2.1382	2.0342	1.9492	2.1430	2.0783	1.9997	2.0632
1.0836	1.2213	0.7248	2.0071	1.9547	2.1129	2.2992	2.2186	2.1220	1.9456	2.2599	2.0264	1.9785	2.0743	2.1834	2.0725	2.1224
0.8893	1.3928	0.7668	0.6037	1.9325	2.1817	2.2927	2.2257	2.1512	1.8764	2.3876	2.1248	1.9239	2.0890	2.1480	2.0598	2.1482
0.8878	1.3497	0.8444	0.5992	0.6150	2.1651	2.2573	2.1093	2.2046	1.8943	2.2466	2.1928	1.8893	2.1624	2.0043	2.1324	2.0931
0.9800	1.2613	0.9847	0.7149	0.7113	1.4119	2.1575	2.1266	2.0597	1.9647	2.1552	2.1644	1.8944	2.1157	1.9080	2.0447	2.0526
1.0422	1.2998	1.2108	0.8907	0.8925	1.4294	0.8487	2.0243	2.1815	1.9365	2.1397	2.1339	1.8207	2.2102	1.9547	2.1019	2.1106
0.8956	1.2783	0.7401	0.6665	0.6266	1.4028	0.8283	0.6800	2.2202	1.9426	2.1454	2.1041	1.9199	2.2835	2.0160	2.0322	2.0929
0.8637	1.3878	0.8386	0.6291	0.6448	1.3743	0.8453	0.7073	0.6786	1.9400	2.1043	2.2639	1.8550	2.2140	2.0524	2.0691	2.0233
0.8994	1.4530	0.8057	0.6664	0.6909	1.4720	0.8800	0.8002	0.7219	1.0887	2.2296	2.1312	1.8388	2.0862	2.0918	2.0318	1.9938
0.8898	1.5055	0.8037	0.6588	0.6874	1.5033	0.8495	0.8247	0.7178	1.1296	0.6459	2.1852	1.6370	2.1480	2.1920	2.0220	1.9197
0.8579	1.3838	1.0623	0.6715	0.7071	1.4637	0.8396	0.7320	0.7723	1.1724	0.6698	0.6256	1.7309	1.9946	2.1031	2.0456	2.1258
1.3617	1.3524	0.7634	1.1458	1.0801	1.5954	1.2978	1.1381	1.0901	1.2949	1.1243	0.9873	0.5873	2.0118	2.0997	2.0315	2.0851
1.1518	1.3310	0.9497	0.8809	0.8707	1.4992	1.0656	0.8814	0.8298	1.1146	0.8353	0.7279	0.6012	0.5770	2.1324	2.0810	2.0815
1.0923	1.3011	0.9152	0.9276	0.8831	1.4337	1.0161	0.8907	0.8950	1.1410	0.8461	0.7265	0.6104	0.5986	0.6586	2.1455	2.1020
1.0058	1.2527	0.7871	0.8877	0.7382	1.4486	0.9202	0.8171	0.8225	1.1205	0.7764	0.7622	0.6306	0.5790	0.6773	0.6869	1.9886
1.0175	1.2638	0.7395	0.8525	0.7390	1.5014	0.9410	0.8682	0.7790	1.1616	0.8159	0.7825	0.6816	0.5771	0.6783	0.7056	0.6312
