0.4310	0.2450	0.3575	0.2600	0.2122	0.0175	0.1200	0.2450	0.3325	0.2455	0.2400	0.3825	0.0000	0.0103	0.1100	0.2325	0.0325
0.4310	0.6225	0.2325	0.3625	0.2980	0.1975	0.0000	0.2225	0.2900	0.2432	0.1975	0.2600	0.0000	0.0103	0.4200	0.2400	0.0450
0.3621	0.6150	0.5950	0.1700	0.0383	0.0875	0.0000	0.1900	0.3225	0.2364	0.1375	0.2925	0.0000	0.2680	0.3700	0.2400	0.3425
0.3966	0.5925	0.5875	0.5975	0.0307	0.1275	0.0000	0.1300	0.3100	0.2205	0.1425	0.2675	0.0000	0.5361	0.2900	0.2400	0.3225
0.3621	0.5800	0.5675	0.5775	0.6642	0.0325	0.0000	0.0050	0.1825	0.1705	0.3925	0.2850	0.0000	0.4330	0.1100	0.2375	0.2150
0.2586	0.5800	0.5925	0.5825	0.6192	0.6150	0.0000	0.0025	0.1575	0.2341	0.4200	0.4100	0.0000	0.5876	0.2800	0.2300	0.3125
0.2586	0.6000	0.5900	0.5750	0.6054	0.6075	0.6450	0.0050	0.0950	0.2341	0.3400	0.3550	0.0000	0.6804	0.2900	0.2250	0.3300
0.2586	0.5600	0.5600	0.5975	0.5566	0.5550	0.6450	0.6600	0.0200	0.2159	0.0950	0.3675	0.0000	0.6289	0.3200	0.2175	0.3750
0.2586	0.5750	0.5850	0.5675	0.5408	0.5725	0.6175	0.6400	0.6125	0.1932	0.1625	0.3500	0.0000	0.5979	0.3100	0.2100	0.3725
0.3621	0.5650	0.5800	0.5850	0.6019	0.5925	0.5525	0.5900	0.6125	0.4318	0.2125	0.2175	0.0100	0.1753	0.3400	0.2050	0.2700
0.3276	0.5650	0.5800	0.5900	0.5634	0.6100	0.6325	0.6250	0.5950	0.4045	0.6275	0.2450	0.0060	0.3814	0.3200	0.1975	0.1800
0.3621	0.5650	0.5625	0.5650	0.5015	0.5850	0.5925	0.6275	0.5575	0.3886	0.6100	0.6150	0.0020	0.4845	0.3300	0.1875	0.2425
0.3621	0.6250	0.6800	0.6550	0.6010	0.6600	0.6350	0.5525	0.5900	0.3795	0.5650	0.6575	0.5700	0.4639	0.0700	0.1500	0.1500
0.3621	0.5975	0.6575	0.6275	0.5978	0.6475	0.6400	0.5275	0.5725	0.3636	0.5800	0.6325	0.5500	0.7010	0.0500	0.1725	0.1800
0.3621	0.5600	0.5775	0.5750	0.5999	0.6100	0.6525	0.5700	0.5575	0.3591	0.6125	0.5950	0.5480	0.7010	0.4400	0.1325	0.2100
0.2931	0.5875	0.6150	0.6075	0.5899	0.6300	0.6850	0.6075	0.5875	0.3727	0.6275	0.6200	0.5660	0.7010	0.4200	0.6175	0.2550
0.2931	0.5825	0.6425	0.6225	0.5633	0.6525	0.6400	0.5675	0.6475	0.3750	0.6325	0.6250	0.5580	0.7010	0.4300	0.5975	0.7025
