0.2417	0.0682	0.0917	0.1054	0.0767	0.0177	0.0457	0.1067	0.0907	0.1109	0.1293	0.1583	0.0000	0.0139	0.0930	0.0975	0.0256
0.2414	0.6099	0.0963	0.1555	0.0904	0.0868	0.0000	0.1228	0.1156	0.1244	0.0909	0.1642	0.0000	0.0139	0.1200	0.1290	0.0338
0.2152	0.6066	0.5828	0.1098	0.0222	0.0509	0.0000	0.0718	0.1257	0.1291	0.0982	0.1807	0.0000	0.0833	0.1385	0.0970	0.1139
0.2450	0.5770	0.5690	0.5785	0.0157	0.0573	0.0000	0.0550	0.1250	0.1265	0.1052	0.1767	0.0000	0.1434	0.1230	0.0972	0.1142
0.2742	0.5604	0.5442	0.5559	0.6642	0.0317	0.0000	0.0041	0.0861	0.0759	0.2304	0.1813	0.0000	0.1388	0.0603	0.0780	0.0824
0.1383	0.5587	0.5817	0.5610	0.6082	0.5942	0.0000	0.0026	0.0569	0.1324	0.2089	0.2244	0.0000	0.1258	0.1176	0.0917	0.0910
0.1381	0.5777	0.5858	0.5627	0.5820	0.5893	0.6347	0.0045	0.0650	0.1304	0.1741	0.1476	0.0000	0.2699	0.1179	0.1055	0.0936
0.1370	0.5226	0.5482	0.5927	0.4759	0.5411	0.6349	0.6526	0.0158	0.1255	0.0579	0.1537	0.0000	0.2641	0.1231	0.1045	0.0804
0.1370	0.5418	0.5632	0.5525	0.4434	0.5505	0.6119	0.6336	0.6031	0.1173	0.0921	0.1239	0.0000	0.1933	0.0984	0.1304	0.0822
0.2832	0.5439	0.5674	0.5662	0.5740	0.5751	0.5467	0.5740	0.5750	0.4012	0.0946	0.1107	0.0132	0.0648	0.1278	0.0783	0.0789
0.2503	0.5433	0.5649	0.5680	0.4959	0.5848	0.6146	0.6033	0.5544	0.3575	0.6158	0.1404	0.0085	0.1287	0.1240	0.1059	0.0637
0.2835	0.5367	0.5360	0.5388	0.3394	0.5623	0.5816	0.6119	0.5251	0.3417	0.5932	0.6052	0.0031	0.1780	0.1269	0.0929	0.0749
0.2648	0.6118	0.6571	0.6334	0.5981	0.6399	0.6159	0.5177	0.5205	0.3125	0.5476	0.6416	0.5101	0.2020	0.0464	0.0976	0.0558
0.2583	0.5803	0.6252	0.6065	0.5906	0.6125	0.6148	0.4754	0.4784	0.2959	0.5544	0.6077	0.4459	0.2747	0.0426	0.1082	0.0656
0.2593	0.5273	0.5386	0.5414	0.5994	0.5596	0.6183	0.5143	0.4565	0.2901	0.5816	0.5547	0.4218	0.2747	0.2857	0.1044	0.0674
0.2081	0.5664	0.5960	0.5838	0.5833	0.5964	0.6587	0.5722	0.5094	0.3069	0.6161	0.5975	0.4706	0.2747	0.2142	0.6100	0.0720
0.2065	0.5620	0.6228	0.6025	0.5327	0.6307	0.6269	0.5506	0.5995	0.3049	0.6307	0.6094	0.4948	0.2747	0.2171	0.5899	0.6807
