1.3881	2.0619	2.0481	2.0394	2.0643	2.0892	2.1176	2.0590	2.0502	2.0706	2.0429	2.0088	2.1442	2.1140	2.0453	2.0360	2.0646
1.3893	0.8791	2.0602	2.0336	2.0690	2.0448	2.2195	2.0751	2.0415	2.0456	2.0488	1.9873	2.1943	2.0920	2.0209	1.9877	2.0733
1.4715	0.8795	0.8714	2.0306	2.1072	2.0484	2.2184	2.0975	2.0464	2.0415	2.0320	1.9929	2.2073	2.0535	2.0030	1.9773	2.0294
1.4305	0.9364	0.9274	0.8831	2.0932	2.0539	2.2223	2.1266	2.0338	2.0390	2.0281	1.9989	2.2199	2.0249	2.0347	1.9796	2.0317
1.5237	0.9042	0.8799	0.9112	0.6156	2.0613	2.1849	2.1514	2.0186	2.0571	1.9920	1.9781	2.2011	2.0308	2.0687	2.0164	2.0631
1.6821	0.9369	0.9128	0.8834	0.7355	0.8469	2.1724	2.1545	2.0528	2.0317	2.0009	1.9542	2.2076	2.0140	2.0333	1.9998	2.0430
1.8153	0.9694	0.9727	0.8817	0.7986	0.8639	0.8196	2.1297	2.0666	2.0244	2.0208	1.9537	2.1940	1.9762	2.0336	1.9873	2.0408
1.7918	1.1624	1.1889	0.9453	1.0693	0.9550	0.8648	0.8026	2.1037	2.0192	2.0328	1.9475	2.2002	1.9675	2.0238	1.9984	2.0160
1.8328	1.1248	1.1046	0.9282	1.1941	0.9681	0.8876	0.8239	0.8712	2.0209	2.0229	1.9573	2.2020	1.9762	2.0342	1.9958	2.0344
1.6043	0.9882	0.9529	0.8994	0.8375	0.8815	0.9188	0.8893	0.9329	1.3469	2.0255	2.0030	2.1628	2.0474	2.0035	2.0279	2.0848
1.6235	1.0054	0.9698	0.8857	1.1124	0.8873	0.8481	0.8588	0.9413	1.3958	0.8390	1.9947	2.1752	2.0257	2.0046	2.0181	2.0889
1.5718	1.1292	1.1012	0.9346	1.5536	0.9664	0.8891	0.8513	0.9501	1.4396	0.8939	0.8177	2.1734	2.0060	1.9921	2.0251	2.0698
1.5530	0.8600	0.7917	0.8270	0.7962	0.7918	0.8314	0.9212	0.9690	1.4327	0.8734	0.8225	0.9447	1.9958	2.0487	2.0340	2.0661
1.5977	0.9066	0.8427	0.8279	0.8053	0.8008	0.8462	0.9574	1.0149	1.4565	0.8805	0.8289	1.0506	0.7902	2.0417	2.0460	2.0565
1.6199	1.1088	1.0071	0.9097	0.8059	0.8623	0.8583	0.9592	1.0775	1.4563	0.8534	0.8744	1.2065	0.8027	1.0948	2.0444	2.0396
1.6342	1.0353	0.9133	0.8491	0.8516	0.8210	0.8080	0.9092	0.9877	1.4641	0.8218	0.8261	1.1270	0.7810	1.1201	0.8480	2.0297
1.6501	1.0450	0.9026	0.8518	1.0219	0.8305	0.8622	0.9521	0.9025	1.4963	0.8486	0.7969	1.1534	0.7708	1.1388	0.8475	0.7626
