0.1873	0.0000	0.1433	0.1290	0.0000	0.0000	0.0000	0.0033	0.0184	0.0516	0.1844	0.0000	0.0000	0.2062	0.0000	0.0762	0.0000
0.1248	0.6627	0.0197	0.0000	0.0000	0.2878	0.0512	0.0000	0.0027	0.0800	0.0786	0.0000	0.0020	0.0487	0.0000	0.0976	0.0000
0.0783	0.1334	0.6440	0.1189	0.1033	0.1104	0.0000	0.0043	0.0779	0.0091	0.0789	0.0251	0.0125	0.1288	0.0813	0.0954	0.1564
0.0714	0.0261	0.1678	0.6560	0.0205	0.0022	0.0383	0.0000	0.0128	0.0831	0.1402	0.0525	0.0388	0.2171	0.0200	0.4077	0.0616
0.0556	0.0000	0.0032	0.1827	0.7029	0.0000	0.1290	0.0619	0.0081	0.0623	0.0000	0.1132	0.1441	0.0741	0.0106	0.1757	0.1108
0.0580	0.2583	0.0590	0.0760	0.1495	0.6693	0.1290	0.1040	0.0155	0.1127	0.0000	0.0268	0.0262	0.0574	0.0000	0.1119	0.0879
0.0585	0.0705	0.1744	0.0568	0.1203	0.3080	0.7121	0.0526	0.0189	0.0567	0.0601	0.2006	0.0609	0.0553	0.0505	0.1051	0.0238
0.0096	0.1080	0.0416	0.0255	0.1330	0.2201	0.3226	0.6407	0.0580	0.0664	0.0645	0.0791	0.1279	0.0323	0.1307	0.0140	0.0205
0.0394	0.1549	0.1646	0.0858	0.0031	0.0860	0.0723	0.1853	0.6884	0.0740	0.0545	0.0482	0.0481	0.0000	0.1914	0.0496	0.0469
0.0250	0.0855	0.0224	0.1064	0.2304	0.2358	0.0987	0.1174	0.2549	0.5151	0.0000	0.1219	0.2404	0.0069	0.0746	0.1120	0.0032
0.1093	0.1182	0.2572	0.0945	0.1394	0.0952	0.0600	0.0574	0.0938	0.0792	0.7101	0.0000	0.0000	0.1058	0.0000	0.1633	0.0067
0.0000	0.0044	0.0582	0.1827	0.4068	0.0886	0.1037	0.1336	0.1717	0.1683	0.0739	0.7007	0.1924	0.0000	0.0000	0.0261	0.0884
0.0000	0.0693	0.0000	0.1516	0.1127	0.0063	0.1290	0.1758	0.0523	0.1562	0.1180	0.2741	0.6895	0.0444	0.0957	0.0726	0.0191
0.0645	0.0972	0.0801	0.0691	0.2222	0.1915	0.0443	0.0000	0.1305	0.0585	0.0060	0.0000	0.0844	0.2747	0.2213	0.1459	0.0184
0.0000	0.0212	0.2594	0.0367	0.2194	0.0279	0.0350	0.0641	0.0452	0.0668	0.0032	0.1214	0.2595	0.2747	0.3069	0.1394	0.1345
0.0616	0.1685	0.0304	0.2312	0.2211	0.3745	0.0643	0.0000	0.0240	0.0962	0.2124	0.0346	0.1794	0.2724	0.2305	0.7240	0.0254
0.0179	0.0022	0.1681	0.0598	0.1146	0.0529	0.0000	0.0167	0.0827	0.0119	0.0772	0.1130	0.0771	0.0366	0.2675	0.1740	0.7374
