0.7666	1.9713	2.2392	2.2964	2.0162	1.9075	2.0466	2.1752	2.2381	2.0591	2.1551	2.2075	2.0279	2.1427	2.2662	1.8622	2.1275
0.6791	0.5776	2.1501	2.2400	2.0641	1.9291	2.0545	2.1353	2.2287	2.0592	2.1047	2.1642	2.1667	2.0860	2.2111	2.0079	2.0164
0.7155	0.6244	0.7201	2.0477	2.0878	1.9289	2.1573	2.2785	2.3322	2.1921	2.2598	2.2760	2.1534	2.2513	2.3042	2.0317	2.0995
0.6515	0.7342	0.7226	0.5663	2.0063	1.9759	2.1703	2.2959	2.2307	2.3126	2.2720	2.3822	2.1276	2.0320	2.2104	1.9342	2.1577
0.6927	0.7939	0.8438	0.5881	0.6811	1.9693	2.1642	2.3343	2.3266	2.3108	2.2310	2.2598	2.1413	2.0433	2.2652	1.9464	2.0265
0.6990	0.7351	0.7425	0.6215	0.7393	0.5105	2.0856	2.4102	2.3150	2.1739	2.2368	2.3097	2.0952	2.1415	2.3273	1.9490	2.1219
0.7453	0.6643	0.8125	0.7235	0.8713	0.5915	1.3997	2.2610	2.2986	2.2467	2.3228	2.2716	2.1777	2.1558	2.1801	2.0754	2.1149
0.6695	0.7955	1.1310	0.9070	0.9855	0.9025	1.5212	1.1420	2.1520	2.2077	2.0798	2.0546	2.0474	2.0216	2.1246	1.9451	2.0424
0.6350	0.9502	1.0112	0.7469	0.8492	0.7211	1.4456	1.2576	0.7525	2.3490	2.2671	2.0600	2.0066	2.0669	2.2540	1.9135	1.9850
0.7391	0.8863	0.9971	0.7355	0.8157	0.7143	1.4551	1.2022	0.7487	0.6184	2.2140	2.0237	2.1577	2.0693	2.2221	1.9293	2.0261
0.7279	0.8141	1.0181	0.7288	0.8368	0.6968	1.4921	1.2581	0.7729	0.6559	0.6581	1.9389	2.2128	2.2192	2.0883	1.9812	2.0745
0.8071	0.9036	1.0148	0.7552	0.8021	0.7095	1.4597	1.2734	0.7480	0.6636	0.6743	0.7256	2.2175	2.1374	2.1099	2.1196	2.0501
0.7847	0.8229	0.9568	0.7974	0.7769	0.6552	1.4937	1.3034	0.7420	0.7036	0.6641	0.7379	1.1208	2.1515	2.1216	2.1158	1.9727
0.9135	0.7142	0.9549	0.7215	0.7850	0.7133	1.4824	1.2968	0.7456	0.6371	0.6877	0.7482	1.1234	0.6618	2.2069	2.0591	2.1081
0.7402	1.0560	0.9870	0.7866	0.8153	0.7058	1.4803	1.2887	0.7472	0.6397	0.7419	0.7332	1.1494	0.6767	0.8191	2.0217	2.1799
0.8571	0.9070	0.9015	0.8492	0.7797	0.6633	1.4939	1.2771	0.7972	0.7033	0.8228	0.8033	1.1860	0.7143	0.8242	0.6678	2.1654
0.7731	0.9101	0.9546	0.8461	0.8074	0.6810	1.4777	1.2412	0.7641	0.6561	0.7202	0.7635	1.1944	0.7093	0.8138	0.6736	0.7531
