0.6307	0.0670	0.0118	0.0160	0.0694	0.0995	0.1073	0.0540	0.0104	0.0844	0.0128	0.0430	0.1164	0.0215	0.0512	0.2252	0.0330
0.6242	0.7042	0.0133	0.0079	0.0833	0.1380	0.0893	0.0691	0.0000	0.0137	0.0304	0.0427	0.0143	0.0647	0.0000	0.1060	0.0757
0.6279	0.6885	0.6711	0.0727	0.0847	0.1158	0.0469	0.0369	0.0000	0.0104	0.0087	0.0112	0.0089	0.0164	0.0000	0.0819	0.0389
0.6966	0.6617	0.6991	0.7732	0.1121	0.1042	0.0265	0.0264	0.0053	0.0018	0.0087	0.0034	0.0000	0.1021	0.0135	0.1361	0.0406
0.6975	0.6436	0.6434	0.7700	0.7189	0.1000	0.0444	0.0069	0.0136	0.0037	0.0623	0.0595	0.0263	0.1080	0.0000	0.1175	0.0961
0.6860	0.6682	0.6919	0.7313	0.6678	0.7978	0.0693	0.0062	0.0045	0.0297	0.0140	0.0076	0.0255	0.0571	0.0000	0.1362	0.0424
0.6349	0.6920	0.6680	0.7097	0.5825	0.7702	0.2782	0.0182	0.0190	0.0108	0.0297	0.0377	0.0074	0.0589	0.0093	0.0730	0.0411
0.6917	0.6280	0.6084	0.7438	0.5919	0.7405	0.2847	0.6056	0.0264	0.0105	0.0517	0.0697	0.0722	0.0941	0.0354	0.1323	0.0847
0.6733	0.5893	0.6300	0.7239	0.6595	0.7535	0.3133	0.5590	0.6704	0.0124	0.0125	0.0607	0.1004	0.0653	0.0000	0.1289	0.0921
0.6376	0.6070	0.6415	0.7369	0.6848	0.7587	0.2856	0.5818	0.6794	0.7515	0.0065	0.0801	0.0188	0.0705	0.0000	0.0785	0.0837
0.6598	0.6350	0.6227	0.7677	0.6636	0.7760	0.1722	0.5651	0.6681	0.6985	0.7012	0.0829	0.0124	0.0205	0.0139	0.0756	0.0632
0.6436	0.6038	0.6207	0.7312	0.7028	0.7550	0.3133	0.5686	0.6579	0.6993	0.7098	0.7119	0.0173	0.0494	0.0279	0.0547	0.0708
0.6374	0.6346	0.6256	0.6877	0.6706	0.7657	0.2330	0.5550	0.6944	0.6849	0.7250	0.6987	0.4074	0.0337	0.0143	0.0487	0.0996
0.6038	0.6682	0.6148	0.7197	0.6721	0.7457	0.2197	0.5641	0.6826	0.7332	0.7296	0.6867	0.3012	0.7284	0.0106	0.0672	0.0568
0.6554	0.5441	0.6530	0.7114	0.6565	0.7624	0.2252	0.5599	0.6604	0.7243	0.6945	0.6776	0.4075	0.7152	0.3481	0.0820	0.0151
0.6123	0.5971	0.6406	0.6666	0.6771	0.7498	0.2168	0.5601	0.6788	0.6923	0.6591	0.6826	0.3816	0.7137	0.3380	0.6903	0.0419
0.6554	0.5951	0.6354	0.6934	0.6953	0.7662	0.2311	0.5773	0.6519	0.7213	0.7105	0.6871	0.3663	0.6765	0.3481	0.7068	0.6890
