0.6307	0.0670	0.0118	0.0160	0.0694	0.0995	0.1073	0.0540	0.0104	0.0844	0.0128	0.0430	0.1164	0.0215	0.0512	0.2252	0.0330
-0.0065	0.6372	0.0015	-0.0081	0.0139	0.0385	-0.0180	0.0151	-0.0104	-0.0707	0.0176	-0.0003	-0.1021	0.0432	-0.0512	-0.1192	0.0427
0.0037	-0.0157	0.6578	0.0648	0.0014	-0.0222	-0.0424	-0.0322	0.0000	-0.0033	-0.0217	-0.0315	-0.0054	-0.0483	0.0000	-0.0241	-0.0368
0.0687	-0.0268	0.0280	0.7005	0.0274	-0.0116	-0.0204	-0.0105	0.0053	-0.0086	0.0000	-0.0078	-0.0089	0.0857	0.0135	0.0542	0.0017
0.0009	-0.0181	-0.0557	-0.0032	0.6068	-0.0042	0.0179	-0.0195	0.0083	0.0019	0.0536	0.0561	0.0263	0.0059	-0.0135	-0.0186	0.0555
-0.0115	0.0246	0.0485	-0.0387	-0.0511	0.6978	0.0249	-0.0007	-0.0091	0.0260	-0.0483	-0.0519	-0.0008	-0.0509	0.0000	0.0187	-0.0537
-0.0511	0.0238	-0.0239	-0.0216	-0.0853	-0.0276	0.2089	0.0120	0.0145	-0.0189	0.0157	0.0301	-0.0181	0.0018	0.0093	-0.0632	-0.0013
0.0568	-0.0640	-0.0596	0.0341	0.0094	-0.0297	0.0065	0.5874	0.0074	-0.0003	0.0220	0.0320	0.0648	0.0352	0.0261	0.0593	0.0436
-0.0184	-0.0387	0.0216	-0.0199	0.0676	0.0130	0.0286	-0.0466	0.6440	0.0019	-0.0392	-0.0090	0.0282	-0.0288	-0.0354	-0.0034	0.0074
-0.0357	0.0177	0.0115	0.0130	0.0253	0.0052	-0.0277	0.0228	0.0090	0.7391	-0.0060	0.0194	-0.0816	0.0052	0.0000	-0.0504	-0.0084
0.0222	0.0280	-0.0188	0.0308	-0.0212	0.0173	-0.1134	-0.0167	-0.0113	-0.0530	0.6947	0.0028	-0.0064	-0.0500	0.0139	-0.0029	-0.0205
-0.0162	-0.0312	-0.0020	-0.0365	0.0392	-0.0210	0.1411	0.0035	-0.0102	0.0008	0.0086	0.6290	0.0049	0.0289	0.0140	-0.0209	0.0076
-0.0062	0.0308	0.0049	-0.0435	-0.0322	0.0107	-0.0803	-0.0136	0.0365	-0.0144	0.0152	-0.0132	0.3901	-0.0157	-0.0136	-0.0060	0.0288
-0.0336	0.0336	-0.0108	0.0320	0.0015	-0.0200	-0.0133	0.0091	-0.0118	0.0483	0.0046	-0.0120	-0.1062	0.6947	-0.0037	0.0185	-0.0428
0.0516	-0.1241	0.0382	-0.0083	-0.0156	0.0167	0.0055	-0.0042	-0.0222	-0.0089	-0.0351	-0.0091	0.1063	-0.0132	0.3375	0.0148	-0.0417
-0.0431	0.0530	-0.0124	-0.0448	0.0206	-0.0126	-0.0084	0.0002	0.0184	-0.0320	-0.0354	0.0050	-0.0259	-0.0015	-0.0101	0.6083	0.0268
0.0431	-0.0020	-0.0052	0.0268	0.0182	0.0164	0.0143	0.0172	-0.0269	0.0290	0.0514	0.0045	-0.0153	-0.0372	0.0101	0.0165	0.6471
