0.7000	0.2028	0.0125	0.0225	0.1400	0.2275	0.2069	0.1045	0.0125	0.1500	0.0175	0.1050	0.2600	0.0350	0.0309	0.3775	0.0575
0.7000	0.7061	0.0175	0.0125	0.2400	0.3325	0.2069	0.1182	0.0000	0.0200	0.0450	0.0600	0.0200	0.0825	0.0000	0.2650	0.1475
0.6800	0.6931	0.6925	0.1525	0.1700	0.2550	0.1034	0.0409	0.0000	0.0150	0.0075	0.0150	0.0100	0.0125	0.0000	0.1400	0.0650
0.7280	0.6718	0.7075	0.7850	0.1550	0.2200	0.0345	0.0250	0.0050	0.0025	0.0075	0.0050	0.0000	0.1975	0.0206	0.2700	0.0575
0.7320	0.6607	0.6500	0.7800	0.7275	0.2100	0.0690	0.0068	0.0175	0.0050	0.0725	0.1375	0.0300	0.1275	0.0000	0.2600	0.2575
0.7400	0.6767	0.6950	0.7525	0.6800	0.8125	0.1034	0.0045	0.0075	0.0475	0.0125	0.0075	0.0300	0.0550	0.0000	0.2750	0.0650
0.7240	0.6921	0.6800	0.7350	0.6050	0.7925	0.4138	0.0159	0.0300	0.0150	0.0475	0.0725	0.0100	0.0925	0.0103	0.1150	0.0750
0.7360	0.6474	0.6150	0.7575	0.6400	0.7725	0.4138	0.5886	0.0475	0.0175	0.1025	0.2275	0.1400	0.2075	0.0309	0.3400	0.2275
0.7260	0.6238	0.6300	0.7400	0.6750	0.7825	0.4138	0.5409	0.6900	0.0200	0.0150	0.1725	0.1600	0.1250	0.0000	0.3300	0.2150
0.6860	0.6334	0.6400	0.7450	0.6925	0.7850	0.4138	0.5705	0.6825	0.7750	0.0075	0.2175	0.0200	0.1875	0.0000	0.2300	0.2275
0.7160	0.6510	0.6275	0.7775	0.6825	0.7925	0.3276	0.5545	0.6800	0.7375	0.7150	0.1950	0.0200	0.0375	0.0206	0.1575	0.1425
0.6820	0.6322	0.6175	0.7425	0.7125	0.7625	0.4138	0.5568	0.6650	0.7350	0.7200	0.7225	0.0200	0.1225	0.0515	0.1200	0.1825
0.7000	0.6506	0.6225	0.7025	0.6775	0.7750	0.3448	0.5432	0.7050	0.7300	0.7425	0.7125	0.4200	0.0625	0.0206	0.0950	0.3000
0.6400	0.6714	0.6150	0.7300	0.6775	0.7525	0.3793	0.5523	0.6900	0.7525	0.7350	0.6950	0.3300	0.7350	0.0103	0.1450	0.1650
0.7060	0.5990	0.6500	0.7225	0.6675	0.7750	0.3793	0.5386	0.6725	0.7475	0.7025	0.6900	0.4200	0.7275	0.7010	0.2800	0.0250
0.6740	0.6280	0.6450	0.6800	0.6900	0.7675	0.3793	0.5409	0.7000	0.7250	0.6700	0.7025	0.3800	0.7325	0.7010	0.7250	0.0725
0.6960	0.6274	0.6375	0.7075	0.7050	0.7775	0.3966	0.5591	0.6625	0.7375	0.7175	0.7000	0.3700	0.6900	0.7010	0.7225	0.6975
