0.2874	0.0829	0.0591	0.0401	0.0000	0.0664	0.1016	0.1366	0.0856	0.0618	0.0238	0.1380	0.0548	0.0465	0.0000	0.0866	0.1598
0.2024	0.7089	0.1328	0.0067	0.0001	0.0657	0.0649	0.0641	0.0338	0.1022	0.0876	0.1267	0.0077	0.0340	0.0000	0.1156	0.0560
0.2114	0.6731	0.6874	0.0587	0.0001	0.0770	0.0623	0.0916	0.0472	0.1124	0.0900	0.0963	0.0365	0.1103	0.0000	0.0893	0.0784
0.2010	0.7041	0.6687	0.6647	0.0004	0.0316	0.0861	0.0894	0.0831	0.1170	0.1059	0.1475	0.0160	0.1429	0.0000	0.0918	0.0141
0.2030	0.6530	0.5425	0.6210	0.7006	0.0335	0.0339	0.0295	0.0551	0.0803	0.0309	0.0587	0.0029	0.0238	0.0000	0.0365	0.0724
0.1882	0.6569	0.5392	0.6304	0.6879	0.7121	0.0246	0.0452	0.1141	0.0833	0.0770	0.1583	0.0014	0.0267	0.0000	0.0520	0.0881
0.2114	0.6505	0.6521	0.6383	0.6396	0.6719	0.6659	0.0053	0.1418	0.0857	0.0706	0.2245	0.0014	0.0302	0.0138	0.0617	0.0656
0.2612	0.6400	0.5882	0.6361	0.5770	0.6958	0.6859	0.6927	0.0924	0.0786	0.0353	0.1509	0.0000	0.0629	0.0000	0.0249	0.0663
0.1916	0.6656	0.6378	0.6241	0.5626	0.7154	0.6692	0.6870	0.6240	0.1001	0.0380	0.1292	0.0000	0.0317	0.0147	0.0285	0.0815
0.2740	0.5904	0.5898	0.5509	0.6681	0.6886	0.6652	0.5767	0.5693	0.5649	0.0305	0.0585	0.0016	0.0178	0.0556	0.0405	0.1244
0.2361	0.5382	0.6503	0.6292	0.6690	0.7109	0.6720	0.5685	0.5847	0.5228	0.6707	0.0596	0.0024	0.0041	0.0650	0.0709	0.0987
0.2688	0.5220	0.6260	0.5741	0.6808	0.7042	0.6554	0.6034	0.5811	0.4853	0.6741	0.6881	0.0000	0.0578	0.0000	0.0367	0.1015
0.1697	0.6614	0.8045	0.6472	0.6705	0.7374	0.6161	0.6226	0.5374	0.5205	0.6230	0.6766	0.6066	0.0325	0.0292	0.0289	0.0970
0.1811	0.5463	0.7613	0.5715	0.6748	0.7025	0.5457	0.4888	0.5707	0.4401	0.5672	0.6308	0.6297	0.2747	0.0435	0.0438	0.0979
0.1821	0.4972	0.7261	0.4785	0.6644	0.6321	0.4975	0.4784	0.4627	0.4157	0.4253	0.6100	0.6479	0.2764	0.2825	0.0569	0.0956
0.2824	0.5687	0.7130	0.6081	0.6532	0.7035	0.6564	0.5380	0.5498	0.4416	0.5687	0.6556	0.6720	0.2747	0.2585	0.7348	0.0640
0.2510	0.5585	0.7154	0.6368	0.6670	0.7018	0.6533	0.5975	0.5691	0.4898	0.6275	0.6618	0.6001	0.2747	0.2156	0.7058	0.6787
