0.2874	0.0829	0.0591	0.0401	0.0000	0.0664	0.1016	0.1366	0.0856	0.0618	0.0238	0.1380	0.0548	0.0465	0.0000	0.0866	0.1598
-0.0850	0.6260	0.0737	-0.0334	0.0001	-0.0007	-0.0367	-0.0725	-0.0518	0.0404	0.0638	-0.0113	-0.0471	-0.0125	0.0000	0.0290	-0.1038
0.0090	-0.0358	0.5546	0.0520	0.0000	0.0113	-0.0026	0.0275	0.0134	0.0102	0.0024	-0.0304	0.0288	0.0763	0.0000	-0.0263	0.0224
-0.0104	0.0310	-0.0187	0.6060	0.0003	-0.0454	0.0238	-0.0022	0.0359	0.0046	0.0159	0.0512	-0.0205	0.0326	0.0000	0.0025	-0.0643
0.0020	-0.0511	-0.1262	-0.0437	0.7002	0.0019	-0.0522	-0.0599	-0.0280	-0.0367	-0.0750	-0.0888	-0.0131	-0.1191	0.0000	-0.0553	0.0583
-0.0148	0.0039	-0.0033	0.0094	-0.0127	0.6786	-0.0093	0.0157	0.0590	0.0030	0.0461	0.0996	-0.0015	0.0029	0.0000	0.0155	0.0157
0.0232	-0.0064	0.1129	0.0079	-0.0483	-0.0402	0.6413	-0.0399	0.0277	0.0024	-0.0064	0.0662	0.0000	0.0035	0.0138	0.0097	-0.0225
0.0498	-0.0105	-0.0639	-0.0022	-0.0626	0.0239	0.0200	0.6874	-0.0494	-0.0071	-0.0353	-0.0736	-0.0014	0.0327	-0.0138	-0.0368	0.0007
-0.0696	0.0256	0.0496	-0.0120	-0.0144	0.0196	-0.0167	-0.0057	0.5316	0.0215	0.0027	-0.0217	0.0000	-0.0312	0.0147	0.0036	0.0152
0.0824	-0.0752	-0.0480	-0.0732	0.1055	-0.0268	-0.0040	-0.1103	-0.0547	0.4648	-0.0075	-0.0707	0.0016	-0.0139	0.0409	0.0120	0.0429
-0.0379	-0.0522	0.0605	0.0783	0.0009	0.0223	0.0068	-0.0082	0.0154	-0.0421	0.6402	0.0011	0.0008	-0.0137	0.0094	0.0304	-0.0257
0.0327	-0.0162	-0.0243	-0.0551	0.0118	-0.0067	-0.0166	0.0349	-0.0036	-0.0375	0.0034	0.6285	-0.0024	0.0537	-0.0650	-0.0342	0.0028
-0.0991	0.1394	0.1785	0.0731	-0.0103	0.0332	-0.0393	0.0192	-0.0437	0.0352	-0.0511	-0.0115	0.6066	-0.0253	0.0292	-0.0078	-0.0045
0.0114	-0.1151	-0.0432	-0.0757	0.0043	-0.0349	-0.0704	-0.1338	0.0333	-0.0804	-0.0558	-0.0458	0.0231	0.2422	0.0143	0.0149	0.0009
0.0010	-0.0491	-0.0352	-0.0930	-0.0104	-0.0704	-0.0482	-0.0104	-0.1080	-0.0244	-0.1419	-0.0208	0.0182	0.0017	0.2390	0.0131	-0.0023
0.1003	0.0715	-0.0131	0.1296	-0.0112	0.0714	0.1589	0.0596	0.0871	0.0259	0.1434	0.0456	0.0241	-0.0017	-0.0240	0.6779	-0.0316
-0.0314	-0.0102	0.0024	0.0287	0.0138	-0.0017	-0.0031	0.0595	0.0193	0.0482	0.0588	0.0062	-0.0719	0.0000	-0.0429	-0.0290	0.6147
