1.4022	2.0382	1.9741	2.1114	2.2692	2.0759	2.1764	2.0084	1.9943	2.1054	2.0806	2.0047	2.2060	2.1145	2.1325	1.9997	1.9477
1.4278	0.6832	1.9149	2.1475	2.3838	2.1680	2.2185	2.0674	2.1177	2.0474	2.0388	1.9980	2.2311	2.1623	2.1174	1.9669	2.0179
1.4193	0.7754	0.7116	2.1172	2.3954	2.1742	2.3772	2.0041	2.1821	1.9786	2.0627	2.0039	2.0512	2.0419	2.2266	2.0368	2.0202
1.4579	0.7042	0.8066	0.7731	2.4150	2.2266	2.2449	2.0531	2.1103	1.9820	2.1141	1.8936	2.1483	1.9579	2.2203	1.9951	2.1449
1.6133	1.0640	1.1497	1.1192	0.5768	2.1180	2.0846	2.0839	2.0462	2.0858	2.1355	1.9521	2.2114	2.1372	2.1810	2.1115	1.9998
1.4973	0.7930	0.9220	0.8814	0.6282	0.6540	2.1745	2.0835	1.9119	2.0704	2.0645	1.9108	2.2903	2.1818	2.2943	2.1119	1.9501
1.4833	0.7916	0.8569	0.8870	0.7334	0.6980	0.7291	2.1402	1.9726	2.0643	2.1129	1.8465	2.3135	2.0499	2.2138	2.1212	2.0000
1.5231	0.8193	0.9219	0.9067	0.8881	0.7181	0.7422	0.7317	1.9179	2.0366	2.2132	1.8651	2.2438	2.0076	2.1544	2.1296	2.1130
1.5591	0.7782	0.8107	0.8322	0.9420	0.7086	0.7559	0.7551	0.8343	2.0279	2.1626	1.8933	2.3803	2.0934	2.1761	2.0550	2.0189
1.5427	1.0747	1.1255	1.1617	0.6761	0.9116	0.8829	0.9365	1.1153	1.1358	2.1551	2.1681	2.1875	2.0936	2.1276	2.1208	1.8879
1.5003	0.9403	0.9420	1.0365	0.6884	0.8126	0.7883	0.8643	1.0396	1.2420	0.7255	2.2133	2.2531	2.1077	2.1492	2.1078	1.9145
1.5167	0.9782	0.8863	0.9729	0.6614	0.7368	0.7771	0.7936	0.9945	1.2859	0.8063	0.7542	2.2927	2.0261	2.2582	2.1116	1.8777
1.6433	0.8965	0.7345	1.0418	0.6490	0.7770	0.8982	0.9610	1.1775	1.2055	0.8320	0.7967	0.7852	2.0983	2.1337	2.1654	1.9381
1.5739	0.9370	0.7177	1.0293	0.6423	0.7697	0.9509	0.9937	1.1212	1.3110	0.9729	0.8068	0.7659	0.7332	2.2223	2.1072	1.8759
1.5646	0.9702	0.7462	1.0949	0.6491	0.8200	1.0333	1.0554	1.1192	1.3531	1.2443	0.8233	0.7703	0.7405	1.0817	2.0868	1.7616
1.4805	0.8419	0.7135	0.9296	0.6785	0.8020	0.8697	0.9488	1.0856	1.2973	1.0096	0.7760	0.8287	0.7459	1.1224	0.6518	1.9042
1.4949	0.8418	0.6661	0.8842	0.6554	0.7695	0.8095	0.8915	1.0378	1.2810	0.8682	0.7553	0.9541	0.7402	1.1432	0.6817	0.7663
