0.4483	0.2225	0.0700	0.0575	0.0001	0.1550	0.2800	0.3750	0.1425	0.0636	0.0250	0.2825	0.0960	0.0619	0.0000	0.1975	0.3450
0.3966	0.7225	0.2175	0.0050	0.0002	0.1800	0.1875	0.1600	0.0425	0.1614	0.2950	0.3400	0.0080	0.0722	0.0000	0.3250	0.1575
0.4138	0.6900	0.6975	0.0925	0.0001	0.2075	0.1350	0.2300	0.1000	0.2045	0.3075	0.2850	0.0260	0.1959	0.0000	0.1825	0.1550
0.3966	0.7125	0.6700	0.6850	0.0004	0.0400	0.2550	0.1625	0.1275	0.1795	0.3200	0.2700	0.0100	0.5155	0.0000	0.1375	0.0100
0.3966	0.6525	0.5450	0.6200	0.7014	0.0575	0.0675	0.0600	0.0925	0.1455	0.0575	0.2350	0.0020	0.0412	0.0000	0.0875	0.2225
0.3621	0.6725	0.5675	0.6400	0.6898	0.7250	0.0325	0.0975	0.2425	0.1523	0.2000	0.3425	0.0020	0.0412	0.0000	0.1150	0.2050
0.4138	0.6625	0.6525	0.6450	0.6570	0.6850	0.6775	0.0075	0.2700	0.1500	0.1650	0.3125	0.0020	0.0309	0.0100	0.0575	0.1175
0.4310	0.6600	0.5975	0.6375	0.6185	0.7000	0.6900	0.7000	0.3325	0.1955	0.0575	0.2825	0.0000	0.1443	0.0000	0.0325	0.0925
0.3621	0.6800	0.6475	0.6350	0.6098	0.7225	0.6750	0.6950	0.6350	0.1818	0.0675	0.1850	0.0000	0.0515	0.0100	0.0275	0.1850
0.4483	0.6175	0.6100	0.5825	0.6746	0.7000	0.6750	0.6050	0.5825	0.5409	0.0525	0.1175	0.0020	0.0412	0.1000	0.0750	0.2700
0.3621	0.5975	0.6525	0.6375	0.6746	0.7225	0.6800	0.6025	0.5925	0.5136	0.6800	0.1150	0.0040	0.0103	0.0900	0.2425	0.2275
0.3966	0.5875	0.6425	0.6025	0.6816	0.7175	0.6575	0.6300	0.5900	0.4818	0.6825	0.6975	0.0000	0.1237	0.0000	0.0650	0.2400
0.2414	0.6875	0.8100	0.6700	0.6739	0.7450	0.6400	0.6425	0.5875	0.5341	0.6425	0.6900	0.6900	0.0412	0.0500	0.0550	0.2375
0.3103	0.5975	0.7650	0.6125	0.6760	0.7125	0.5850	0.5650	0.6025	0.4818	0.5800	0.6550	0.7080	0.7010	0.0600	0.1000	0.2925
0.2759	0.5475	0.7275	0.5575	0.6666	0.6425	0.5275	0.5625	0.5350	0.4750	0.4450	0.6350	0.7000	0.7010	0.4200	0.1550	0.3500
0.4138	0.6250	0.7125	0.6375	0.6577	0.7125	0.6600	0.5900	0.5775	0.4818	0.5875	0.6725	0.7140	0.7010	0.4100	0.7425	0.2725
0.3793	0.6150	0.7250	0.6575	0.6670	0.7125	0.6575	0.6175	0.5925	0.4864	0.6300	0.6775	0.6800	0.7010	0.3800	0.7225	0.6875
