0.7727	0.0858	0.0022	0.0720	0.0141	0.2315	0.0400	0.0570	0.0409	0.0847	0.0000	0.0304	0.0151	0.1303	0.0344	0.0000	0.0285
0.5312	0.7252	0.0000	0.0000	0.1362	0.1208	0.0000	0.0599	0.0041	0.1449	0.0052	0.0000	0.1163	0.0000	0.1526	0.0000	0.0383
0.1952	0.0007	0.7506	0.0000	0.0523	0.0407	0.0880	0.0136	0.0144	0.2568	0.0103	0.1011	0.0000	0.1358	0.0000	0.0000	0.0000
0.0991	0.2383	0.0131	0.7587	0.0952	0.0157	0.0000	0.1146	0.1198	0.0866	0.1074	0.0000	0.0071	0.0379	0.1088	0.1903	0.1161
0.0485	0.1077	0.1299	0.3280	0.6924	0.0205	0.0876	0.0833	0.0000	0.4317	0.0874	0.0745	0.0000	0.0232	0.0000	0.0717	0.0000
0.4422	0.1204	0.0983	0.1391	0.1569	0.8037	0.0673	0.0719	0.0911	0.0146	0.0032	0.0943	0.0000	0.0000	0.0000	0.0000	0.0327
0.0308	0.0001	0.0976	0.1125	0.2024	0.1833	0.2164	0.0332	0.0824	0.0063	0.1595	0.0722	0.0106	0.0000	0.0000	0.0410	0.0000
0.0454	0.0665	0.1076	0.0575	0.0000	0.0518	0.1528	0.5888	0.1090	0.0733	0.0775	0.1084	0.0533	0.1394	0.0000	0.0932	0.0742
0.0696	0.0000	0.0244	0.1630	0.0000	0.1498	0.0866	0.1043	0.6817	0.0399	0.1181	0.1311	0.0617	0.2294	0.0041	0.0962	0.1224
0.0852	0.0947	0.3128	0.0110	0.1671	0.0201	0.0000	0.1391	0.0587	0.7751	0.0358	0.0000	0.0606	0.0096	0.0253	0.0312	0.0306
0.0838	0.0943	0.0000	0.2168	0.0636	0.0044	0.0332	0.0468	0.0277	0.1984	0.7327	0.0187	0.2453	0.2256	0.0253	0.1770	0.0333
0.1484	0.0000	0.2634	0.0021	0.1436	0.0283	0.1105	0.1220	0.1359	0.3029	0.1827	0.7157	0.0000	0.1215	0.0000	0.0821	0.0415
0.0923	0.0002	0.0000	0.0670	0.1290	0.0000	0.0435	0.1401	0.1844	0.1854	0.4184	0.4355	0.2859	0.1465	0.1212	0.0000	0.0270
0.0000	0.0000	0.0000	0.0000	0.0000	0.0000	0.0000	0.0000	0.0000	0.0000	0.0000	0.0000	0.0000	0.0000	0.0000	0.0000	0.0000
0.0000	0.0000	0.0000	0.0000	0.0000	0.0000	0.0000	0.0000	0.0000	0.0000	0.0000	0.0000	0.0000	0.0000	0.0000	0.0000	0.0000
0.0000	0.0000	0.0000	0.0000	0.0000	0.0000	0.0000	0.0000	0.0000	0.0000	0.0000	0.0000	0.0000	0.0000	0.0000	0.0000	0.0000
0.0000	0.0000	0.0000	0.0000	0.0000	0.0000	0.0000	0.0000	0.0000	0.0000	0.0000	0.0000	0.0000	0.0000	0.0000	0.0000	0.0000
