1.6674	2.5963	2.7563	2.2316	2.5421	2.4647	2.3526	2.3765	2.4965	2.4052	2.5558	2.4960	2.7823	2.2888	2.2065	2.4748	2.2518
1.5433	0.7750	2.6762	2.3148	2.4803	2.0504	2.1907	2.1553	2.3266	2.2189	2.4105	2.3005	2.7533	2.1028	2.2337	2.0878	2.1195
1.5547	0.7816	0.8241	2.1536	2.1914	2.0941	2.1104	2.1566	2.3516	2.2128	2.2916	2.3106	2.7876	2.0128	2.2400	2.1539	2.0944
1.5401	0.8247	0.8330	0.8668	2.1072	2.2540	2.0505	2.2427	2.4208	2.2434	2.3030	2.4265	2.8758	2.0604	2.2361	2.2590	2.0930
1.5225	0.8567	0.8484	0.8921	0.5884	2.2657	2.0963	2.2865	2.4426	2.2716	2.3339	2.3722	2.8038	2.0392	2.1948	2.2540	2.1049
1.5115	0.7699	0.8372	0.9578	0.6011	0.8063	2.0934	2.3055	2.4090	2.2158	2.3222	2.4143	2.8321	2.0365	2.1860	2.1634	2.0918
1.5837	0.7693	0.8301	0.8671	1.1055	0.9977	0.8016	2.1673	2.3554	2.2423	2.1989	2.3806	2.8461	2.0433	2.2335	2.1486	2.0775
1.5898	0.8220	0.8847	0.8953	1.6332	1.2353	0.8947	0.8708	2.3386	2.2266	2.1163	2.3101	2.8142	2.0250	2.2197	2.1049	2.0733
1.5957	0.8013	0.8668	0.8944	1.6404	1.1800	0.8402	0.8744	0.8705	2.2449	2.1798	2.3497	2.8425	2.0405	2.2121	2.1258	2.0719
1.5320	0.8092	0.8591	0.9176	0.6716	0.9040	0.8669	0.9329	0.9866	1.4280	2.3522	2.4453	2.8658	2.0399	2.2268	2.1655	2.0794
1.5886	0.8164	0.8845	0.9269	0.9688	1.0760	0.8664	0.8836	0.8984	1.7922	0.8527	2.3873	2.8706	2.0440	2.2424	2.1435	2.0774
1.6245	0.8824	0.9720	1.0003	1.7780	1.3432	0.9461	0.8905	0.9690	2.2199	0.9414	0.8742	2.8574	2.0430	2.2199	2.1098	2.0656
1.6815	1.0796	1.1357	1.1889	2.2105	1.7936	1.3823	1.1924	1.3985	2.9129	1.1923	1.1921	0.9894	1.9224	2.3396	1.9476	2.0528
1.7199	1.2542	1.3185	1.3283	2.3741	2.1327	1.8097	1.4409	1.6414	3.1617	1.4433	1.4755	1.3368	0.8198	2.4168	1.8901	2.0392
1.7271	1.2511	1.3152	1.3267	1.9439	2.0230	1.6088	1.3859	1.4507	3.0656	1.3719	1.3348	1.7138	0.8197	1.0997	1.8987	2.0272
1.7438	1.3819	1.3384	1.3001	2.7724	2.1236	1.6793	1.3366	1.6342	3.1468	1.3913	1.3773	1.4129	0.8204	1.1040	0.8561	2.0222
1.6160	0.8484	0.8542	0.9042	0.9656	0.9377	0.8369	0.9266	0.9083	1.7621	0.9119	0.9469	2.6082	0.8340	1.1034	1.9304	0.8999
