0.1942	0.0000	0.0779	0.0051	0.0000	0.0051	0.0544	0.0000	0.0000	0.0343	0.0458	0.0000	0.0000	0.0000	0.0370	0.0436	0.0000
0.1936	0.6718	0.0000	0.0198	0.0000	0.0762	0.0448	0.0139	0.0000	0.0170	0.0618	0.0000	0.0000	0.0000	0.0000	0.0575	0.0000
0.1713	0.6687	0.6324	0.0041	0.0000	0.0946	0.0807	0.0171	0.0000	0.0000	0.0817	0.0000	0.0000	0.0000	0.0085	0.0610	0.0000
0.1606	0.6318	0.6493	0.6263	0.0077	0.0294	0.2047	0.0000	0.0000	0.0000	0.0780	0.0000	0.0000	0.0000	0.0100	0.0667	0.0000
0.1769	0.6044	0.6299	0.6167	0.7014	0.0000	0.1418	0.0000	0.0000	0.0000	0.0125	0.0000	0.0000	0.0000	0.0000	0.0097	0.0000
0.1687	0.6798	0.6385	0.5732	0.6894	0.6644	0.1443	0.0000	0.0000	0.0000	0.0325	0.0000	0.0000	0.0000	0.0000	0.0218	0.0000
0.1109	0.6896	0.6053	0.6407	0.4465	0.5063	0.6319	0.0000	0.0000	0.0000	0.1015	0.0000	0.0000	0.0000	0.0167	0.0580	0.0000
0.1109	0.6511	0.5574	0.5736	0.3570	0.4419	0.5774	0.6232	0.0000	0.0000	0.1240	0.0000	0.0000	0.0000	0.0475	0.0613	0.0000
0.1113	0.6708	0.5762	0.5939	0.3624	0.4515	0.6048	0.6349	0.5814	0.0000	0.1059	0.0000	0.0000	0.0000	0.0357	0.0562	0.0000
0.1587	0.6261	0.6006	0.5795	0.6454	0.5449	0.5858	0.5696	0.4392	0.2983	0.0759	0.0000	0.0000	0.0000	0.0167	0.0486	0.0000
0.1109	0.6344	0.5768	0.5444	0.5396	0.4654	0.5803	0.6020	0.5835	0.2052	0.5987	0.0000	0.0000	0.0000	0.0400	0.0611	0.0000
0.1113	0.6096	0.5124	0.4984	0.3479	0.3599	0.5319	0.5832	0.5069	0.1171	0.5179	0.5877	0.0000	0.0000	0.0927	0.0621	0.0000
0.0732	0.4229	0.3286	0.3673	0.3342	0.2181	0.2744	0.3026	0.2514	0.0510	0.3954	0.3026	0.5559	0.0900	0.0089	0.0962	0.0000
0.0732	0.3116	0.2333	0.2555	0.3333	0.1850	0.2011	0.2075	0.1837	0.0508	0.2659	0.2167	0.3586	0.2747	0.0000	0.1290	0.0000
0.0732	0.3146	0.2379	0.2327	0.3333	0.1850	0.2069	0.2172	0.1986	0.0508	0.2728	0.2467	0.2201	0.2747	0.1654	0.1290	0.0000
0.0732	0.2949	0.2481	0.2702	0.3333	0.2017	0.2504	0.2533	0.2217	0.0508	0.3524	0.2633	0.4075	0.2747	0.2006	0.5823	0.0000
0.0732	0.5963	0.5864	0.5919	0.4201	0.4369	0.6086	0.5547	0.5807	0.1332	0.5862	0.4265	0.1398	0.2747	0.2581	0.1298	0.5644
