0.1942	0.0659	0.0625	0.0987	0.1100	0.1893	0.2581	0.0791	0.1098	0.0765	0.1827	0.0000	0.0750	0.0891	0.0000	0.0698	0.0000
0.2722	0.6406	0.1827	0.0983	0.0856	0.1592	0.1001	0.0829	0.1153	0.1313	0.1827	0.0267	0.0998	0.0625	0.0085	0.1236	0.0492
0.2236	0.5901	0.5928	0.0637	0.0015	0.1043	0.0678	0.0710	0.1547	0.0800	0.1961	0.0000	0.1262	0.0111	0.0109	0.1150	0.0221
0.2000	0.6466	0.5998	0.6191	0.0632	0.0978	0.1545	0.1207	0.2202	0.0800	0.2061	0.0093	0.1455	0.0129	0.0000	0.0856	0.0238
0.1885	0.6092	0.5413	0.5584	0.7160	0.2539	0.2395	0.0933	0.1096	0.0929	0.2400	0.0000	0.1225	0.0946	0.0090	0.1220	0.0000
0.1778	0.5713	0.6041	0.5875	0.7008	0.6462	0.1178	0.1290	0.0567	0.0772	0.2009	0.0398	0.1925	0.0422	0.0681	0.1447	0.0177
0.1843	0.5590	0.5323	0.6293	0.6461	0.6892	0.6489	0.0979	0.0000	0.0742	0.1450	0.0000	0.2044	0.1131	0.0500	0.1844	0.0274
0.1746	0.5269	0.4614	0.6263	0.6943	0.6501	0.6394	0.6792	0.0000	0.0872	0.1844	0.0035	0.2170	0.1186	0.1133	0.1844	0.0025
0.1735	0.5422	0.5496	0.6162	0.6728	0.6513	0.5801	0.6708	0.6232	0.1191	0.1844	0.0041	0.1920	0.1038	0.0270	0.1844	0.0137
0.0000	0.0000	0.0000	0.0000	0.0000	0.0000	0.0000	0.0000	0.0000	0.0000	0.0000	0.0000	0.0000	0.0000	0.0000	0.0000	0.0000
0.0000	0.0000	0.0000	0.0000	0.0000	0.0000	0.0000	0.0000	0.0000	0.0000	0.0000	0.0000	0.0000	0.0000	0.0000	0.0000	0.0000
0.0000	0.0000	0.0000	0.0000	0.0000	0.0000	0.0000	0.0000	0.0000	0.0000	0.0000	0.0000	0.0000	0.0000	0.0000	0.0000	0.0000
0.0000	0.0000	0.0000	0.0000	0.0000	0.0000	0.0000	0.0000	0.0000	0.0000	0.0000	0.0000	0.0000	0.0000	0.0000	0.0000	0.0000
0.0000	0.0000	0.0000	0.0000	0.0000	0.0000	0.0000	0.0000	0.0000	0.0000	0.0000	0.0000	0.0000	0.0000	0.0000	0.0000	0.0000
0.0000	0.0000	0.0000	0.0000	0.0000	0.0000	0.0000	0.0000	0.0000	0.0000	0.0000	0.0000	0.0000	0.0000	0.0000	0.0000	0.0000
0.0000	0.0000	0.0000	0.0000	0.0000	0.0000	0.0000	0.0000	0.0000	0.0000	0.0000	0.0000	0.0000	0.0000	0.0000	0.0000	0.0000
0.0000	0.0000	0.0000	0.0000	0.0000	0.0000	0.0000	0.0000	0.0000	0.0000	0.0000	0.0000	0.0000	0.0000	0.0000	0.0000	0.0000
