0.8209	0.0000	0.0000	0.0000	0.0000	0.0000	0.0000	0.0000	0.0000	0.0000	0.0000	0.0000	0.0000	0.0000	0.0000	0.0000	0.0000
1.2393	1.1928	0.0000	0.0000	0.0000	0.0000	0.0000	0.0000	0.0000	0.0000	0.0000	0.0000	0.0000	0.0000	0.0000	0.0000	0.0000
3.0060	2.7286	0.7254	0.0000	0.0000	0.0000	0.0000	0.0000	0.0000	0.0000	0.0000	0.0000	0.0000	0.0000	0.0000	0.0000	0.0000
2.4293	2.4989	1.0461	0.7044	0.0000	0.0000	0.0000	0.0000	0.0000	0.0000	0.0000	0.0000	0.0000	0.0000	0.0000	0.0000	0.0000
3.7866	2.9324	1.1201	1.0971	0.7363	0.0000	0.0000	0.0000	0.0000	0.0000	0.0000	0.0000	0.0000	0.0000	0.0000	0.0000	0.0000
4.4071	3.1383	1.5896	2.0839	1.3172	1.5733	0.0000	0.0000	0.0000	0.0000	0.0000	0.0000	0.0000	0.0000	0.0000	0.0000	0.0000
1.9943	2.4948	3.3818	2.7220	2.2499	1.7374	0.8340	0.0000	0.0000	0.0000	0.0000	0.0000	0.0000	0.0000	0.0000	0.0000	0.0000
2.5754	2.6662	3.4618	3.3742	2.2292	1.6166	1.3029	0.8642	0.0000	0.0000	0.0000	0.0000	0.0000	0.0000	0.0000	0.0000	0.0000
2.6267	2.7284	4.0906	3.8939	2.6374	1.6761	1.0578	1.0977	1.0289	0.0000	0.0000	0.0000	0.0000	0.0000	0.0000	0.0000	0.0000
2.1246	2.4897	4.6148	4.4712	3.1191	1.7222	1.1275	1.1358	1.0946	1.0723	0.0000	0.0000	0.0000	0.0000	0.0000	0.0000	0.0000
2.3870	2.2912	3.4943	4.0073	2.7561	1.6133	1.1701	1.2082	1.1085	1.0740	1.0809	0.0000	0.0000	0.0000	0.0000	0.0000	0.0000
2.3880	2.6289	4.7133	4.5543	2.8154	1.7018	1.1372	1.1305	1.1051	1.0842	1.0891	1.0804	0.0000	0.0000	0.0000	0.0000	0.0000
2.6975	2.1205	2.4895	2.9473	1.9801	1.7039	1.8841	1.5086	1.4607	1.4062	1.2318	1.2850	0.6932	0.0000	0.0000	0.0000	0.0000
2.2837	2.6359	5.4901	4.8789	2.8608	1.9435	1.2485	1.1141	1.1336	1.1386	1.1148	1.0944	0.6934	1.0807	0.0000	0.0000	0.0000
2.7280	2.4177	4.5310	4.8532	2.7030	1.7522	1.6397	1.1341	1.1694	1.1293	1.1158	1.0929	0.6943	1.1407	1.0811	0.0000	0.0000
2.2287	2.2327	4.4080	4.6767	2.5821	1.7813	1.5717	1.1942	1.1905	1.1494	1.1106	1.1117	0.6933	1.1784	1.0899	1.0815	0.0000
1.4551	2.5015	6.2090	4.3362	4.8876	3.9896	3.2052	2.4186	1.9040	1.6455	1.9982	1.3190	1.1146	1.3646	1.5012	1.1511	1.0804
