0.3966	0.0000	0.0000	0.0000	0.0000	0.0000	0.0000	0.0000	0.0000	0.0000	0.0000	0.0000	0.0000	0.0000	0.0000	0.0000	0.0000
0.3448	0.6475	0.0000	0.0000	0.0000	0.0000	0.0000	0.0000	0.0000	0.0000	0.0000	0.0000	0.0000	0.0000	0.0000	0.0000	0.0000
0.3448	0.3775	0.7000	0.0000	0.0000	0.0000	0.0000	0.0000	0.0000	0.0000	0.0000	0.0000	0.0000	0.0000	0.0000	0.0000	0.0000
0.3448	0.3825	0.3775	0.3825	0.0000	0.0000	0.0000	0.0000	0.0000	0.0000	0.0000	0.0000	0.0000	0.0000	0.0000	0.0000	0.0000
0.2759	0.1900	0.3475	0.3175	0.6352	0.0000	0.0000	0.0000	0.0000	0.0000	0.0000	0.0000	0.0000	0.0000	0.0000	0.0000	0.0000
0.3448	0.3475	0.3775	0.2075	0.5963	0.6250	0.0000	0.0000	0.0000	0.0000	0.0000	0.0000	0.0000	0.0000	0.0000	0.0000	0.0000
0.0000	0.0000	0.3775	0.2400	0.5000	0.3775	0.3825	0.0000	0.0000	0.0000	0.0000	0.0000	0.0000	0.0000	0.0000	0.0000	0.0000
0.0000	0.0000	0.3775	0.2400	0.5000	0.3775	0.3825	0.3825	0.0000	0.0000	0.0000	0.0000	0.0000	0.0000	0.0000	0.0000	0.0000
0.0000	0.0000	0.3775	0.2400	0.5000	0.3775	0.3825	0.3825	0.3825	0.0000	0.0000	0.0000	0.0000	0.0000	0.0000	0.0000	0.0000
0.0000	0.0000	0.3775	0.2400	0.0000	0.3775	0.3775	0.3825	0.3825	0.2500	0.0000	0.0000	0.0000	0.0000	0.0000	0.0000	0.0000
0.0000	0.0000	0.3775	0.2400	0.5000	0.3775	0.3825	0.3775	0.3825	0.2500	0.3825	0.0000	0.0000	0.0000	0.0000	0.0000	0.0000
0.0000	0.3775	0.3775	0.0000	0.0000	0.3775	0.3825	0.3775	0.3825	0.2295	0.3825	0.3825	0.0000	0.0000	0.0000	0.0000	0.0000
0.1552	0.3775	0.1050	0.1900	0.3172	0.2100	0.3425	0.2300	0.3825	0.2227	0.2375	0.4925	0.5160	0.0000	0.0000	0.0000	0.0000
0.0000	0.3775	0.3775	0.3775	0.5000	0.3825	0.2400	0.4550	0.3825	0.2295	0.3775	0.3825	0.4080	0.7010	0.0000	0.0000	0.0000
0.0000	0.3775	0.3775	0.2400	0.5000	0.3775	0.3825	0.3825	0.3825	0.2295	0.3775	0.3825	0.4080	0.7010	0.3400	0.0000	0.0000
0.0000	0.0000	0.3775	0.2400	0.5000	0.3775	0.3825	0.3775	0.3825	0.2500	0.3825	0.3775	0.4160	0.7010	0.3400	0.3825	0.0000
0.0000	0.3775	0.3775	0.2400	0.0000	0.3775	0.3825	0.3825	0.3825	0.2273	0.3775	0.3775	0.4160	0.7010	0.3400	0.3825	0.3825
