0.2015	0.0000	0.0000	0.0000	0.0000	0.0000	0.0000	0.0000	0.0000	0.0000	0.0000	0.0000	0.0000	0.0000	0.0000	0.0000	0.0000
0.1026	0.6402	0.0000	0.0000	0.0000	0.0000	0.0000	0.0000	0.0000	0.0000	0.0000	0.0000	0.0000	0.0000	0.0000	0.0000	0.0000
0.1026	0.1827	0.6933	0.0000	0.0000	0.0000	0.0000	0.0000	0.0000	0.0000	0.0000	0.0000	0.0000	0.0000	0.0000	0.0000	0.0000
0.1026	0.1844	0.1827	0.1844	0.0000	0.0000	0.0000	0.0000	0.0000	0.0000	0.0000	0.0000	0.0000	0.0000	0.0000	0.0000	0.0000
0.1287	0.1150	0.2731	0.2083	0.6352	0.0000	0.0000	0.0000	0.0000	0.0000	0.0000	0.0000	0.0000	0.0000	0.0000	0.0000	0.0000
0.1026	0.1498	0.1827	0.1286	0.5912	0.4809	0.0000	0.0000	0.0000	0.0000	0.0000	0.0000	0.0000	0.0000	0.0000	0.0000	0.0000
0.0000	0.0000	0.1827	0.1290	0.3333	0.1827	0.1844	0.0000	0.0000	0.0000	0.0000	0.0000	0.0000	0.0000	0.0000	0.0000	0.0000
0.0000	0.0000	0.1827	0.1290	0.3333	0.1827	0.1844	0.1844	0.0000	0.0000	0.0000	0.0000	0.0000	0.0000	0.0000	0.0000	0.0000
0.0000	0.0000	0.1827	0.1290	0.3333	0.1827	0.1844	0.1844	0.1844	0.0000	0.0000	0.0000	0.0000	0.0000	0.0000	0.0000	0.0000
0.0000	0.0000	0.1827	0.1290	0.0000	0.1827	0.1827	0.1844	0.1844	0.0800	0.0000	0.0000	0.0000	0.0000	0.0000	0.0000	0.0000
0.0000	0.0000	0.1827	0.1290	0.3333	0.1827	0.1844	0.1827	0.1844	0.0800	0.1844	0.0000	0.0000	0.0000	0.0000	0.0000	0.0000
0.0000	0.1827	0.1827	0.0000	0.0000	0.1827	0.1844	0.1827	0.1844	0.0747	0.1844	0.1844	0.0000	0.0000	0.0000	0.0000	0.0000
0.0682	0.1827	0.0790	0.0757	0.1504	0.1226	0.2880	0.1770	0.1844	0.0733	0.1816	0.3640	0.3789	0.0000	0.0000	0.0000	0.0000
0.0000	0.1827	0.1827	0.1827	0.3333	0.1844	0.1290	0.3483	0.1844	0.0747	0.1827	0.1844	0.1932	0.2747	0.0000	0.0000	0.0000
0.0000	0.1827	0.1827	0.1290	0.3333	0.1827	0.1844	0.1844	0.1844	0.0747	0.1827	0.1844	0.1932	0.2747	0.1692	0.0000	0.0000
0.0000	0.0000	0.1827	0.1290	0.3333	0.1827	0.1844	0.1827	0.1844	0.0800	0.1844	0.1827	0.1959	0.2747	0.1692	0.1844	0.0000
0.0000	0.1827	0.1827	0.1290	0.0000	0.1827	0.1844	0.1844	0.1844	0.0741	0.1827	0.1827	0.1959	0.2747	0.1692	0.1844	0.1844
