0.3448	0.0000	0.0000	0.0000	0.0000	0.0000	0.0000	0.0000	0.0000	0.0000	0.0000	0.0000	0.0000	0.0000	0.0000	0.0000	0.0000
0.3966	0.6275	0.0000	0.0000	0.0000	0.0000	0.0000	0.0000	0.0000	0.0000	0.0000	0.0000	0.0000	0.0000	0.0000	0.0000	0.0000
0.3276	0.6600	0.6075	0.0000	0.0000	0.0000	0.0000	0.0000	0.0000	0.0000	0.0000	0.0000	0.0000	0.0000	0.0000	0.0000	0.0000
0.2586	0.3025	0.3325	0.6125	0.0000	0.0000	0.0000	0.0000	0.0000	0.0000	0.0000	0.0000	0.0000	0.0000	0.0000	0.0000	0.0000
0.3448	0.6100	0.6000	0.4550	0.7160	0.0000	0.0000	0.0000	0.0000	0.0000	0.0000	0.0000	0.0000	0.0000	0.0000	0.0000	0.0000
0.3103	0.3450	0.4075	0.5975	0.6909	0.6150	0.0000	0.0000	0.0000	0.0000	0.0000	0.0000	0.0000	0.0000	0.0000	0.0000	0.0000
0.3103	0.4300	0.4875	0.5450	0.7100	0.5950	0.6050	0.0000	0.0000	0.0000	0.0000	0.0000	0.0000	0.0000	0.0000	0.0000	0.0000
0.3276	0.6175	0.5500	0.4975	0.5490	0.5700	0.5475	0.6325	0.0000	0.0000	0.0000	0.0000	0.0000	0.0000	0.0000	0.0000	0.0000
0.3103	0.6300	0.5750	0.5250	0.5964	0.5850	0.5525	0.6300	0.6025	0.0000	0.0000	0.0000	0.0000	0.0000	0.0000	0.0000	0.0000
0.2931	0.4750	0.5525	0.5400	0.6870	0.5700	0.5825	0.6200	0.5250	0.3955	0.0000	0.0000	0.0000	0.0000	0.0000	0.0000	0.0000
0.3276	0.4775	0.5325	0.5675	0.6966	0.6025	0.5925	0.6000	0.5600	0.4000	0.6575	0.0000	0.0000	0.0000	0.0000	0.0000	0.0000
0.3621	0.6025	0.5525	0.5625	0.6502	0.5700	0.5925	0.6150	0.5750	0.3750	0.6500	0.5875	0.0000	0.0000	0.0000	0.0000	0.0000
0.2241	0.4675	0.5300	0.6375	0.5424	0.4550	0.5775	0.5475	0.3350	0.3136	0.5200	0.5800	0.5940	0.0000	0.0000	0.0000	0.0000
0.3103	0.5750	0.6150	0.5075	0.6822	0.6050	0.5875	0.6425	0.5900	0.2909	0.5825	0.5325	0.4240	0.7010	0.0000	0.0000	0.0000
0.2931	0.4350	0.5675	0.5175	0.5722	0.4875	0.6350	0.6075	0.4525	0.3864	0.6450	0.5650	0.4660	0.7010	0.4200	0.0000	0.0000
0.2931	0.6575	0.5875	0.4500	0.6569	0.5700	0.5275	0.5725	0.5825	0.1705	0.4925	0.4675	0.4160	0.7010	0.3500	0.6050	0.0000
0.2759	0.4500	0.5400	0.5850	0.6015	0.5175	0.6000	0.5675	0.4500	0.3500	0.6550	0.6325	0.4540	0.7010	0.4600	0.5475	0.5575
