0.2004	0.0000	0.0000	0.0000	0.0000	0.0000	0.0000	0.0000	0.0000	0.0000	0.0000	0.0000	0.0000	0.0000	0.0000	0.0000	0.0000
0.1953	0.6208	0.0000	0.0000	0.0000	0.0000	0.0000	0.0000	0.0000	0.0000	0.0000	0.0000	0.0000	0.0000	0.0000	0.0000	0.0000
0.1000	0.6599	0.6037	0.0000	0.0000	0.0000	0.0000	0.0000	0.0000	0.0000	0.0000	0.0000	0.0000	0.0000	0.0000	0.0000	0.0000
0.1320	0.2407	0.2797	0.6013	0.0000	0.0000	0.0000	0.0000	0.0000	0.0000	0.0000	0.0000	0.0000	0.0000	0.0000	0.0000	0.0000
0.1039	0.6094	0.5989	0.3498	0.7159	0.0000	0.0000	0.0000	0.0000	0.0000	0.0000	0.0000	0.0000	0.0000	0.0000	0.0000	0.0000
0.1167	0.3049	0.3910	0.5778	0.6846	0.6003	0.0000	0.0000	0.0000	0.0000	0.0000	0.0000	0.0000	0.0000	0.0000	0.0000	0.0000
0.1167	0.4200	0.4862	0.4930	0.7088	0.5474	0.5876	0.0000	0.0000	0.0000	0.0000	0.0000	0.0000	0.0000	0.0000	0.0000	0.0000
0.0987	0.6123	0.5230	0.4403	0.4411	0.5022	0.5105	0.6334	0.0000	0.0000	0.0000	0.0000	0.0000	0.0000	0.0000	0.0000	0.0000
0.1169	0.6270	0.5536	0.4690	0.5331	0.5275	0.5250	0.6300	0.5926	0.0000	0.0000	0.0000	0.0000	0.0000	0.0000	0.0000	0.0000
0.1118	0.4723	0.5505	0.4863	0.6803	0.5238	0.5772	0.6261	0.5292	0.3347	0.0000	0.0000	0.0000	0.0000	0.0000	0.0000	0.0000
0.1465	0.4755	0.5296	0.5396	0.6946	0.5949	0.5834	0.6050	0.5657	0.3274	0.6548	0.0000	0.0000	0.0000	0.0000	0.0000	0.0000
0.1757	0.5987	0.5442	0.5373	0.6254	0.5677	0.5741	0.6098	0.5801	0.3235	0.6468	0.5848	0.0000	0.0000	0.0000	0.0000	0.0000
0.1111	0.4645	0.5294	0.6282	0.4258	0.4022	0.5728	0.5503	0.2786	0.2237	0.5146	0.5875	0.5381	0.0000	0.0000	0.0000	0.0000
0.1475	0.5798	0.6127	0.4391	0.6726	0.5310	0.5639	0.6416	0.5870	0.2438	0.5455	0.4882	0.2190	0.2747	0.0000	0.0000	0.0000
0.1514	0.4185	0.5704	0.4604	0.4852	0.3884	0.6269	0.6128	0.4060	0.3428	0.6310	0.5455	0.3010	0.2747	0.3056	0.0000	0.0000
0.0907	0.6558	0.5719	0.3511	0.6355	0.4423	0.4882	0.5526	0.5417	0.0915	0.4167	0.3829	0.1959	0.2747	0.2270	0.5948	0.0000
0.1417	0.4437	0.5390	0.5620	0.5405	0.4645	0.5874	0.5700	0.4143	0.2980	0.6556	0.6330	0.3424	0.2747	0.3196	0.5492	0.5445
