0.7386	0.0961	0.0201	0.0018	0.0304	0.0113	0.1357	0.0827	0.0827	0.0000	0.1251	0.2011	0.0462	0.0311	0.0717	0.1449	0.0330
0.0000	0.7211	0.1840	0.0076	0.1290	0.0000	0.1067	0.1134	0.0000	0.0000	0.0000	0.1827	0.0000	0.1827	0.0000	0.1360	0.0148
0.0000	0.1867	0.6398	0.0040	0.0962	0.0000	0.0787	0.0680	0.0000	0.0178	0.0000	0.1359	0.1332	0.2108	0.0000	0.0302	0.1180
0.0998	0.0840	0.1048	0.6349	0.1290	0.0000	0.0000	0.0741	0.1146	0.0163	0.0995	0.4027	0.0167	0.1844	0.0449	0.1487	0.0000
0.0755	0.1289	0.0747	0.1100	0.6959	0.0000	0.0467	0.0894	0.1407	0.0000	0.0833	0.1427	0.0750	0.1342	0.0449	0.2625	0.0152
0.0741	0.1660	0.0000	0.0000	0.0000	0.4822	0.1576	0.0508	0.0316	0.0000	0.2219	0.3903	0.0833	0.0000	0.0291	0.0000	0.0000
0.0000	0.0000	0.0000	0.0000	0.0000	0.1827	0.1595	0.0000	0.1844	0.0000	0.1844	0.0000	0.1202	0.0000	0.1232	0.0970	0.0000
0.0000	0.0939	0.0296	0.0640	0.0630	0.0054	0.1074	0.6135	0.0311	0.0300	0.0610	0.2229	0.0544	0.1832	0.0515	0.1272	0.1125
0.0714	0.0000	0.0034	0.0000	0.0258	0.1307	0.0145	0.0496	0.5916	0.0000	0.1643	0.2656	0.0890	0.1557	0.1866	0.0000	0.0000
0.0027	0.0097	0.1657	0.1131	0.0075	0.0000	0.0740	0.0723	0.0000	0.6905	0.1612	0.0888	0.1450	0.0023	0.1238	0.0584	0.0479
0.0356	0.0000	0.0641	0.1131	0.0276	0.0063	0.0197	0.0231	0.0000	0.0573	0.6356	0.0982	0.0855	0.1021	0.1370	0.2829	0.0000
0.0777	0.0203	0.0000	0.0000	0.0065	0.1175	0.0632	0.0438	0.0154	0.0000	0.1400	0.6845	0.0556	0.0890	0.1766	0.1728	0.0000
0.0976	0.1724	0.1560	0.0000	0.1958	0.0000	0.1313	0.0508	0.0000	0.0041	0.0000	0.1827	0.3473	0.0329	0.0000	0.1827	0.0986
0.0101	0.0047	0.0000	0.0575	0.0390	0.0000	0.0899	0.0456	0.0049	0.0000	0.0571	0.1827	0.0395	0.6600	0.0245	0.1502	0.0000
0.0000	0.0137	0.0000	0.0000	0.0000	0.0412	0.0588	0.0377	0.0913	0.0000	0.0000	0.0057	0.0909	0.1014	0.2747	0.1375	0.0000
0.0057	0.0004	0.0152	0.1127	0.0924	0.0000	0.0000	0.0805	0.0655	0.0071	0.1183	0.1493	0.1202	0.1844	0.0449	0.6407	0.0000
0.0000	0.2243	0.1392	0.0261	0.1701	0.0000	0.1032	0.0986	0.0000	0.0042	0.0000	0.0650	0.0286	0.2014	0.0000	0.0536	0.6782
