0.7516	2.0204	2.1893	2.2444	2.0624	2.1214	2.0822	2.1639	1.9713	2.7779	2.0542	1.8517	2.3150	2.0589	2.1943	1.9966	2.2992
2.3248	0.5547	1.8775	2.1335	2.1203	2.4612	2.3048	2.0755	2.5950	2.2748	2.1222	1.9158	1.9908	1.9014	2.2055	2.0284	1.9730
2.3130	1.8175	0.7954	2.1924	1.9966	2.5371	2.1554	1.9990	2.4919	2.2473	2.3778	2.0225	1.8957	1.9560	2.2443	2.2322	1.7852
2.1659	2.0929	2.3108	0.8202	2.1549	2.1004	2.2680	2.1589	2.1178	2.2590	2.0845	1.9135	2.1882	2.0405	2.1134	1.7966	2.3520
2.0580	1.8468	2.1754	2.1068	0.7594	2.3032	2.3516	2.0071	2.1484	2.4520	2.2074	1.9291	2.3476	2.0226	2.3451	1.7965	2.3308
1.9500	1.9382	2.4151	2.3497	2.1523	0.9558	2.0071	2.2153	2.0695	2.7095	2.0286	1.8934	2.3868	2.1850	2.2920	2.2684	2.6512
2.0372	2.5056	2.4258	2.1768	2.4665	1.8233	1.5315	2.3635	1.8668	2.3043	1.9228	2.3201	2.5735	2.4594	2.0625	2.1446	2.7098
2.2732	1.7946	2.0203	2.0763	2.1628	2.3247	2.2156	1.1454	2.2640	2.2297	2.0358	1.9039	2.1385	1.8766	2.1114	1.9081	1.9103
1.8700	2.2870	2.2707	2.2181	2.2737	2.0408	2.1545	2.1895	0.8573	2.5587	2.0707	1.8844	2.5532	2.1664	2.2146	2.1076	2.6642
2.5719	2.2342	1.9989	2.0306	2.4019	2.1768	2.2933	2.0932	2.3559	0.7853	1.9738	2.3002	1.9024	2.2096	1.8990	2.1144	2.1000
2.3056	2.1483	2.2158	2.1009	2.5691	2.1894	2.1304	2.3644	2.1942	2.1185	0.8027	2.2074	2.2739	2.0491	2.0906	1.9934	2.2977
2.0067	2.2393	2.2600	2.1553	2.2010	2.0291	2.0701	2.1479	2.1201	2.3703	1.8669	0.8034	2.2801	1.9688	2.3294	2.0077	2.4505
1.9867	1.8184	1.9080	2.2904	1.7790	2.4380	2.1364	2.1205	2.3524	2.4410	2.3268	2.0215	1.0765	1.9911	2.1587	2.1674	1.9945
2.0499	2.0360	2.1112	2.1093	2.2721	2.4139	2.1081	2.1946	2.0563	2.5860	2.0074	2.0219	2.2433	0.7817	2.1889	2.0081	2.1897
1.8893	2.1478	2.2555	2.1953	2.2064	2.0292	2.1688	2.1596	1.9942	2.5756	2.0819	2.1423	2.4678	2.2178	0.8264	1.8811	2.5412
2.1705	2.1326	2.2330	2.0280	2.4307	2.2629	2.3222	2.1063	2.1686	2.3107	1.8287	1.9759	2.3275	2.1455	2.2385	0.7815	2.4086
2.1833	1.7924	1.9394	2.1526	1.9524	2.5217	2.2408	2.0497	2.3790	2.3783	2.3411	2.1128	2.0433	1.9022	2.2539	2.2702	0.8599
