0.6854	0.0282	0.0249	0.0505	0.1239	0.0875	0.1156	0.1158	0.0205	0.0141	0.0389	0.0521	0.1068	0.0998	0.0117	0.0134	0.0461
0.0064	0.6742	0.0091	0.0130	0.0155	-0.0044	-0.0011	-0.0153	0.0142	0.0399	0.0072	-0.0118	-0.0212	-0.0642	0.0145	0.0135	-0.0014
-0.0543	-0.0466	0.6774	0.0376	-0.1077	-0.0154	0.0843	0.0013	-0.0247	0.0223	0.0315	0.0490	-0.0510	0.0284	-0.0072	0.0552	-0.0060
0.0567	-0.0874	-0.0625	0.6213	0.0304	-0.0028	-0.0990	-0.0069	0.0222	-0.0188	0.0193	0.0227	0.0022	0.0764	0.0237	-0.0192	0.0324
0.0090	0.0116	0.0315	0.0106	0.6165	0.0030	0.0006	-0.0245	0.0012	0.0079	0.0053	0.0125	0.0519	-0.0226	-0.0208	-0.0134	-0.0308
-0.0050	0.0140	0.0112	0.0113	-0.0001	0.7385	0.0765	-0.0140	0.0135	-0.0168	0.0054	0.0028	-0.0377	-0.0135	-0.0086	-0.0023	-0.0147
0.0013	0.0215	-0.0063	-0.0047	-0.0309	0.0008	0.0275	-0.0065	0.0204	-0.0008	-0.0232	-0.0007	0.0397	-0.0161	0.0448	-0.0194	0.0224
0.0175	-0.0009	-0.0389	-0.0035	-0.0014	0.0205	-0.0064	0.5021	-0.0127	0.0113	0.0012	-0.0119	0.0093	0.0460	-0.0093	0.0087	0.0291
-0.0160	-0.0254	0.0096	0.0122	0.0447	-0.0183	0.0637	-0.0026	0.6443	0.0117	-0.0090	-0.0332	-0.0091	0.0047	-0.0003	-0.0202	-0.0106
0.0087	0.0128	0.0061	0.0089	-0.0047	0.0134	-0.0109	-0.0124	-0.0048	0.7030	-0.0086	0.0049	0.0114	-0.0079	-0.0084	0.0076	0.0280
-0.0195	0.0075	0.0204	-0.0106	0.0001	-0.0231	-0.0226	-0.0159	0.0063	-0.0272	0.6506	-0.0019	-0.0161	0.0108	0.0088	0.0007	0.0012
-0.0382	-0.0026	-0.0118	0.0056	-0.0235	-0.0056	-0.0166	0.0212	-0.0009	0.0013	0.0029	0.6200	0.0138	0.0045	0.0047	-0.0115	0.0067
-0.0001	0.0025	-0.0087	0.0004	-0.0294	0.0182	0.0184	-0.0161	-0.0360	-0.0224	-0.0539	-0.0422	0.3050	-0.0132	-0.0228	0.0187	-0.0209
-0.0115	-0.0005	0.0017	0.0181	-0.0021	-0.0019	0.0167	0.0051	0.0337	0.0325	0.0384	0.0404	-0.0797	0.5804	-0.0052	-0.0008	0.0048
-0.0189	-0.0027	-0.0052	-0.0117	0.0388	-0.0313	-0.0422	0.0138	0.0066	-0.0015	0.0133	-0.0019	0.0055	-0.0255	0.2491	0.0324	0.0330
0.0428	-0.0057	-0.0249	-0.0141	-0.0334	0.0202	-0.0167	-0.0092	-0.0020	-0.0325	-0.0169	-0.0028	-0.0370	-0.0354	0.0000	0.6526	0.0100
-0.0063	-0.0119	-0.0105	0.0148	0.0478	0.0066	0.0165	-0.0100	-0.0154	0.0217	0.0223	0.0255	0.0231	0.0073	0.0000	-0.0020	0.5922
