0.4828	0.0000	0.0250	0.1975	0.0557	0.0000	0.0050	0.0000	0.0000	0.1523	0.0350	0.0000	0.0000	0.1546	0.1500	0.1925	0.1050
0.5000	0.6975	0.0175	0.0650	0.0001	0.0025	0.0000	0.0000	0.0700	0.1682	0.0175	0.0000	0.0020	0.5979	0.1400	0.1625	0.0025
0.4310	0.6925	0.6875	0.1825	0.0000	0.0150	0.0000	0.0000	0.1150	0.0409	0.1175	0.0000	0.0000	0.2680	0.1200	0.0750	0.1450
0.4655	0.6800	0.6850	0.6900	0.0000	0.0050	0.0000	0.0025	0.1500	0.0068	0.1775	0.0000	0.0000	0.2990	0.0500	0.1575	0.0325
0.4483	0.6800	0.6850	0.6875	0.7018	0.0025	0.0000	0.0275	0.1350	0.0114	0.1750	0.0000	0.0720	0.1959	0.1200	0.1950	0.0150
0.4828	0.6825	0.6700	0.6750	0.6889	0.7400	0.0000	0.0000	0.1975	0.0068	0.1425	0.0000	0.0440	0.2887	0.0100	0.2200	0.1600
0.4655	0.6750	0.6825	0.6775	0.6857	0.7450	0.7200	0.0000	0.1625	0.0295	0.1925	0.0000	0.1300	0.6186	0.0000	0.2600	0.1300
0.4655	0.7000	0.6625	0.6700	0.6841	0.7250	0.7225	0.7225	0.0775	0.0205	0.1375	0.0000	0.0480	0.6701	0.0100	0.3275	0.1825
0.4310	0.6400	0.6625	0.6550	0.6721	0.7300	0.7100	0.7225	0.6300	0.0068	0.0700	0.0000	0.0300	0.6701	0.0100	0.3050	0.1350
0.5000	0.5975	0.6250	0.5900	0.6850	0.7150	0.6600	0.6700	0.6200	0.5545	0.0800	0.0275	0.1500	0.5155	0.0200	0.0525	0.2725
0.3966	0.5875	0.6225	0.6000	0.6796	0.7350	0.6725	0.6375	0.5975	0.5159	0.6300	0.0800	0.1800	0.6186	0.0100	0.0475	0.1925
0.3966	0.6075	0.6175	0.6200	0.6513	0.7200	0.6900	0.6450	0.6050	0.4909	0.6125	0.5700	0.2860	0.4227	0.0000	0.0575	0.0525
0.3621	0.6775	0.7275	0.5725	0.6387	0.7575	0.7275	0.6925	0.6575	0.4727	0.6075	0.6125	0.6480	0.6804	0.0000	0.1950	0.0175
0.3448	0.6175	0.7325	0.5500	0.6459	0.7450	0.7150	0.6625	0.6250	0.4318	0.5425	0.6425	0.6180	0.7010	0.0000	0.2375	0.0200
0.3448	0.6475	0.7225	0.5250	0.6670	0.7325	0.7350	0.6700	0.6050	0.4318	0.4800	0.6150	0.5760	0.7010	0.4600	0.2675	0.0425
0.3793	0.6550	0.6725	0.5550	0.6728	0.7325	0.7100	0.6675	0.6075	0.4773	0.4575	0.6100	0.5460	0.7010	0.4600	0.6950	0.1925
0.3793	0.6600	0.6925	0.5750	0.6765	0.7050	0.7200	0.6750	0.6275	0.4886	0.5000	0.5925	0.5820	0.7010	0.4500	0.6425	0.6700
