0.5450	0.1455	0.0480	0.2400	0.0000	0.1724	0.0000	0.0000	0.3775	0.0000	0.3775	0.0000	0.5000	0.3775	0.1150	0.3775	0.2525
0.3775	0.2500	0.1760	0.0000	0.3825	0.1724	0.0000	0.0000	0.3825	0.0000	0.0000	0.2400	0.0000	0.3775	0.0000	0.3775	0.0000
0.5125	0.2795	0.3860	0.2400	0.3825	0.1724	0.0000	0.2400	0.3825	0.0000	0.1300	0.0000	0.0182	0.3775	0.2675	0.3775	0.0000
0.4500	0.2614	0.3680	0.4900	0.0625	0.1724	0.0000	0.2400	0.3175	0.0000	0.0000	0.1900	0.0000	0.3775	0.0000	0.3775	0.0000
0.5025	0.2659	0.3860	0.5050	0.5225	0.1724	0.0000	0.2400	0.3825	0.0000	0.0900	0.3775	0.0000	0.3775	0.0000	0.3775	0.0825
0.5050	0.2614	0.3860	0.4975	0.5175	0.2241	0.0000	0.2400	0.3825	0.0000	0.0000	0.3050	0.0000	0.3775	0.0000	0.3775	0.0800
0.5050	0.2636	0.3840	0.5025	0.5100	0.2241	0.7010	0.2400	0.3825	0.0000	0.0000	0.0000	0.0000	0.3775	0.0000	0.3775	0.0825
0.5000	0.2273	0.3820	0.5025	0.5325	0.2241	0.7010	0.5250	0.3825	0.0000	0.0975	0.0900	0.0000	0.3775	0.0000	0.3775	0.0925
0.5000	0.2273	0.3820	0.5025	0.5325	0.2241	0.7010	0.5250	0.5150	0.0000	0.0000	0.0900	0.0000	0.3775	0.0000	0.3775	0.0925
0.4600	0.2500	0.3700	0.5125	0.5225	0.2241	0.7010	0.5200	0.5050	0.3400	0.0000	0.1450	0.0000	0.3775	0.0000	0.3775	0.3775
0.4425	0.2091	0.3460	0.5000	0.5200	0.2241	0.7010	0.5200	0.4975	0.3400	0.5100	0.1675	0.5001	0.3775	0.0000	0.3775	0.1725
0.4250	0.2500	0.3600	0.4925	0.5175	0.2241	0.7010	0.5275	0.4900	0.3400	0.5025	0.5000	0.0429	0.3775	0.0000	0.3775	0.2150
0.2400	0.2636	0.3620	0.3825	0.3825	0.2241	0.7010	0.3825	0.3825	0.3400	0.3825	0.3825	0.4998	0.3775	0.0000	0.3775	0.3775
0.4475	0.2500	0.3560	0.5050	0.4375	0.2241	0.7010	0.5200	0.4975	0.3400	0.5100	0.5150	0.5000	0.5125	0.2825	0.3775	0.1675
0.4500	0.2500	0.3600	0.5075	0.5225	0.2241	0.7010	0.5175	0.4975	0.3400	0.5100	0.5125	0.5000	0.5125	0.5075	0.3775	0.1625
0.4725	0.2500	0.3960	0.5275	0.5350	0.2241	0.7010	0.4725	0.5100	0.3400	0.5150	0.5350	0.5000	0.5225	0.5025	0.5000	0.1450
0.0000	0.0000	0.0000	0.0000	0.0000	0.0000	0.0000	0.0000	0.0000	0.0000	0.0000	0.0000	0.0000	0.0000	0.0000	0.0000	0.0000
