1.4382	0.0000	0.0000	0.0000	0.0000	0.0000	0.0000	0.0000	0.0000	0.0000	0.0000	0.0000	0.0000	0.0000	0.0000	0.0000	0.0000
1.3921	0.6820	0.0000	0.0000	0.0000	0.0000	0.0000	0.0000	0.0000	0.0000	0.0000	0.0000	0.0000	0.0000	0.0000	0.0000	0.0000
1.3972	0.7222	0.7792	0.0000	0.0000	0.0000	0.0000	0.0000	0.0000	0.0000	0.0000	0.0000	0.0000	0.0000	0.0000	0.0000	0.0000
1.5055	0.7040	0.8321	0.7550	0.0000	0.0000	0.0000	0.0000	0.0000	0.0000	0.0000	0.0000	0.0000	0.0000	0.0000	0.0000	0.0000
1.4768	1.2292	1.4157	1.2828	0.5853	0.0000	0.0000	0.0000	0.0000	0.0000	0.0000	0.0000	0.0000	0.0000	0.0000	0.0000	0.0000
1.4548	0.9657	1.1783	0.9342	0.6403	0.7415	0.0000	0.0000	0.0000	0.0000	0.0000	0.0000	0.0000	0.0000	0.0000	0.0000	0.0000
1.4911	0.8588	1.0959	0.8769	0.6176	0.7332	0.7364	0.0000	0.0000	0.0000	0.0000	0.0000	0.0000	0.0000	0.0000	0.0000	0.0000
1.4188	0.8969	1.1358	0.8898	0.6331	0.8188	0.7888	0.6744	0.0000	0.0000	0.0000	0.0000	0.0000	0.0000	0.0000	0.0000	0.0000
1.4742	0.8703	0.9952	0.8576	0.6341	0.8366	0.8138	0.7063	0.8127	0.0000	0.0000	0.0000	0.0000	0.0000	0.0000	0.0000	0.0000
1.4355	1.0718	1.3837	1.1656	0.6980	0.9111	0.9464	0.8335	1.0727	1.1457	0.0000	0.0000	0.0000	0.0000	0.0000	0.0000	0.0000
1.3977	0.9849	1.1663	1.0006	0.6854	0.7796	0.8765	0.7571	0.9857	1.2230	0.7619	0.0000	0.0000	0.0000	0.0000	0.0000	0.0000
1.4814	0.8987	1.1845	0.9883	0.6910	0.8137	0.9875	0.7166	0.9940	1.3556	0.8020	0.7120	0.0000	0.0000	0.0000	0.0000	0.0000
1.4322	1.0268	1.0112	1.0816	0.6447	0.8524	0.9299	0.8909	1.1439	1.2450	0.8837	0.8025	0.6972	0.0000	0.0000	0.0000	0.0000
1.4813	0.9404	0.9801	0.9852	0.6356	0.8013	0.9007	0.8265	1.0073	1.3211	0.8191	0.7342	0.8585	0.8167	0.0000	0.0000	0.0000
1.4810	1.0400	1.0102	1.0446	0.6275	0.8775	0.9164	0.9147	1.0919	1.3875	0.8938	0.7921	1.0682	0.8629	1.0983	0.0000	0.0000
1.5329	0.9731	0.9045	0.9921	0.6707	0.9282	0.9328	0.9149	1.1314	1.3490	0.8564	0.7892	1.1186	0.8760	1.1110	0.6811	0.0000
1.5898	0.9186	0.9554	1.0141	0.6462	0.8607	0.9568	0.8859	1.0354	1.2933	0.7923	0.7181	1.1282	0.8535	1.1243	0.7414	0.7227
