0.3966	0.0000	0.0000	0.0000	0.0000	0.0000	0.0000	0.0000	0.0000	0.0000	0.0000	0.0000	0.0000	0.0000	0.0000	0.0000	0.0000
0.4483	0.7150	0.0000	0.0000	0.0000	0.0000	0.0000	0.0000	0.0000	0.0000	0.0000	0.0000	0.0000	0.0000	0.0000	0.0000	0.0000
0.4138	0.7150	0.6800	0.0000	0.0000	0.0000	0.0000	0.0000	0.0000	0.0000	0.0000	0.0000	0.0000	0.0000	0.0000	0.0000	0.0000
0.4138	0.6975	0.6525	0.6775	0.0000	0.0000	0.0000	0.0000	0.0000	0.0000	0.0000	0.0000	0.0000	0.0000	0.0000	0.0000	0.0000
0.3966	0.5025	0.4225	0.4525	0.6916	0.0000	0.0000	0.0000	0.0000	0.0000	0.0000	0.0000	0.0000	0.0000	0.0000	0.0000	0.0000
0.4310	0.6025	0.4850	0.6275	0.6718	0.6850	0.0000	0.0000	0.0000	0.0000	0.0000	0.0000	0.0000	0.0000	0.0000	0.0000	0.0000
0.3793	0.6550	0.5650	0.6475	0.6818	0.7075	0.6950	0.0000	0.0000	0.0000	0.0000	0.0000	0.0000	0.0000	0.0000	0.0000	0.0000
0.3966	0.6250	0.5150	0.6375	0.6807	0.6700	0.6950	0.7375	0.0000	0.0000	0.0000	0.0000	0.0000	0.0000	0.0000	0.0000	0.0000
0.3621	0.6325	0.6075	0.6000	0.6795	0.6625	0.6675	0.7150	0.6350	0.0000	0.0000	0.0000	0.0000	0.0000	0.0000	0.0000	0.0000
0.4655	0.6175	0.5325	0.5800	0.6564	0.6775	0.5850	0.6650	0.5475	0.5727	0.0000	0.0000	0.0000	0.0000	0.0000	0.0000	0.0000
0.4655	0.6275	0.5550	0.5500	0.6610	0.6850	0.6175	0.6825	0.5650	0.5364	0.6700	0.0000	0.0000	0.0000	0.0000	0.0000	0.0000
0.3793	0.6325	0.4925	0.5775	0.6571	0.6475	0.5575	0.7075	0.5475	0.4705	0.6475	0.7075	0.0000	0.0000	0.0000	0.0000	0.0000
0.4310	0.6675	0.7300	0.6675	0.6506	0.7025	0.6425	0.6650	0.5875	0.5364	0.6650	0.7075	0.7320	0.0000	0.0000	0.0000	0.0000
0.3793	0.6425	0.7725	0.6575	0.6554	0.6875	0.5975	0.6700	0.5850	0.5000	0.6550	0.7175	0.7000	0.7010	0.0000	0.0000	0.0000
0.4310	0.5975	0.7700	0.5900	0.6576	0.6475	0.6175	0.5850	0.4800	0.4659	0.5625	0.6700	0.6860	0.6907	0.4100	0.0000	0.0000
0.3276	0.6600	0.7775	0.6175	0.6412	0.6500	0.6350	0.6750	0.5425	0.4955	0.6650	0.6675	0.6420	0.6907	0.4200	0.7150	0.0000
0.2586	0.6050	0.6275	0.5325	0.6501	0.6450	0.5900	0.6425	0.5525	0.4909	0.6725	0.7125	0.6500	0.7010	0.4200	0.6900	0.7000
