0.8747	2.2448	2.2985	2.1749	2.0719	2.2784	1.5974	2.3386	1.9932	2.2285	2.2114	2.0128	1.9720	1.9474	2.0516	1.9979	2.3752
2.6823	1.1773	2.1539	1.9557	2.1062	1.9791	2.0886	2.0859	2.0465	2.0505	1.9839	1.8732	2.0171	2.2634	2.1413	2.0412	2.0206
2.7555	2.0143	0.6638	2.3312	2.3835	2.0931	2.7647	1.9542	1.9465	1.9384	2.2372	2.1129	2.2986	2.3025	2.0445	2.2996	2.0084
2.3624	2.0955	2.0693	0.6675	2.1156	1.9739	2.2430	2.3088	2.0972	2.0653	1.8365	2.2903	2.1827	2.2041	2.2790	1.9787	2.0585
2.1500	2.2725	3.1010	1.4738	0.7805	2.0998	1.9433	2.3734	2.2256	2.0673	2.0074	2.1397	2.1173	1.9506	2.0984	2.0190	2.0565
2.7710	1.8513	1.9110	1.8001	1.9621	1.5721	2.6462	2.0413	2.1439	1.9909	1.8864	2.1207	2.5227	2.1769	2.2894	2.1609	2.0480
1.6018	2.9650	3.5721	2.3711	1.8030	2.4232	0.9161	2.1730	2.2061	2.4073	2.2249	2.1543	2.4353	1.9133	2.0113	1.9517	2.4434
2.2280	2.5559	2.1766	2.8078	2.5222	2.3778	1.5686	0.7705	2.0274	2.3125	2.2084	2.2055	2.1783	2.2346	2.0038	2.1523	2.3467
2.0330	2.3955	1.8903	2.3670	2.2616	2.3590	1.7050	1.8387	0.8739	2.2916	2.2618	2.1404	2.2700	2.2775	2.1221	2.2212	2.0772
2.8073	2.5627	1.5114	2.4699	2.6114	1.8469	3.3779	1.9646	2.0149	1.1233	1.9525	2.4448	2.7272	2.1494	2.1442	2.3896	1.9651
2.6759	2.0640	1.7870	1.7499	1.9924	1.7722	2.7818	2.3993	2.4732	1.5719	0.8537	2.3916	2.4418	2.2309	2.2218	2.0526	2.1968
2.1083	1.9117	2.7084	2.1329	2.0515	2.3864	1.5201	2.0853	2.2626	2.7064	2.3136	0.8136	1.7457	2.0156	1.9889	2.2198	2.2211
1.6800	1.9115	3.1689	2.2143	1.8082	2.4619	1.2167	2.3497	2.0387	3.2135	2.6661	1.2588	0.5833	2.2644	1.8371	2.0858	2.1162
1.9026	2.1023	2.7941	2.0835	1.9669	2.2307	1.7518	2.4058	2.2417	2.1499	2.1490	1.9021	1.5555	0.7838	1.9352	1.9344	1.9875
1.9412	2.2593	2.0865	2.1339	1.9818	2.4720	2.0717	2.2723	2.0829	2.0483	2.3564	1.7509	1.0083	1.4334	0.9284	2.0208	2.0592
1.8805	2.0737	2.9187	1.8389	1.8728	2.4083	1.5532	2.5305	2.1762	2.3426	2.0774	1.9427	1.0704	1.3702	1.3769	0.9224	2.0936
2.2312	1.9231	2.2246	2.1527	2.0218	2.0637	2.5967	2.5005	1.9899	1.8480	2.1269	2.3962	2.3075	1.8369	2.0395	1.6592	0.8766
