0.2759	0.0000	0.2400	0.2325	0.0000	0.0000	0.2400	0.0000	0.0000	0.2295	0.3825	0.0000	0.0000	0.0103	0.2200	0.2375	0.0000
0.1897	0.6950	0.3525	0.2875	0.0175	0.3400	0.2275	0.3775	0.0000	0.2227	0.3325	0.0100	0.0040	0.6701	0.0000	0.1000	0.0400
0.2931	0.6150	0.6350	0.0450	0.3452	0.2700	0.2200	0.3775	0.0150	0.2273	0.3825	0.2950	0.3120	0.0000	0.0100	0.2325	0.0000
0.1724	0.3950	0.3575	0.5550	0.0000	0.0925	0.0175	0.3775	0.0475	0.2023	0.1800	0.0000	0.0380	0.7010	0.0200	0.1975	0.0000
0.3448	0.4175	0.4725	0.3500	0.7078	0.0000	0.1875	0.0000	0.0000	0.2295	0.0000	0.3625	0.1740	0.0000	0.0900	0.2400	0.0000
0.2759	0.3625	0.3775	0.3500	0.4998	0.6275	0.0000	0.5150	0.1925	0.2091	0.3750	0.3675	0.3060	0.0000	0.2600	0.2400	0.0000
0.3276	0.3575	0.3800	0.3750	0.5000	0.4875	0.6475	0.1750	0.0050	0.2409	0.1200	0.2325	0.0380	0.0000	0.3000	0.2400	0.0025
0.3448	0.0900	0.1925	0.2700	0.4995	0.5000	0.3400	0.5725	0.0000	0.2182	0.0000	0.3075	0.1760	0.0103	0.2100	0.2400	0.0000
0.1379	0.0100	0.1125	0.0075	0.4995	0.2000	0.2400	0.2250	0.6600	0.1409	0.2575	0.3575	0.0900	0.1134	0.0400	0.2275	0.0125
0.2069	0.1125	0.3575	0.0050	0.5284	0.2725	0.1600	0.3700	0.4150	0.5568	0.3475	0.0800	0.1660	0.0103	0.3200	0.2350	0.0000
0.1552	0.0775	0.3775	0.0675	0.5000	0.3200	0.0800	0.3825	0.3650	0.2114	0.5725	0.3825	0.1760	0.2268	0.4500	0.0725	0.0000
0.2069	0.1450	0.2000	0.0625	0.5181	0.2400	0.1475	0.3600	0.5075	0.2591	0.4650	0.7125	0.1740	0.0928	0.1400	0.2400	0.0000
0.2759	0.1950	0.0900	0.3625	0.4963	0.5950	0.2250	0.5200	0.1450	0.2295	0.5625	0.4425	0.7460	0.2062	0.1300	0.1400	0.0000
0.0345	0.3775	0.3775	0.3775	0.0000	0.3825	0.0000	0.3650	0.2400	0.2500	0.3825	0.2400	0.4080	0.7010	0.4400	0.0000	0.0000
0.0000	0.3775	0.3775	0.3775	0.0000	0.3825	0.0000	0.0000	0.2200	0.2500	0.3825	0.2400	0.4080	0.7010	0.3400	0.0000	0.0000
0.1552	0.3850	0.3850	0.1850	0.0050	0.3575	0.0375	0.0675	0.4300	0.2523	0.3825	0.1650	0.3860	0.6907	0.3200	0.6400	0.0000
0.2931	0.3825	0.3975	0.3750	0.2414	0.4750	0.1675	0.2525	0.3125	0.2568	0.3200	0.1600	0.4100	0.4639	0.3300	0.4725	0.6525
