0.1388	0.0000	0.1290	0.0975	0.0000	0.0000	0.1290	0.0000	0.0000	0.0747	0.1844	0.0000	0.0000	0.0278	0.1202	0.0975	0.0000
0.0992	0.6921	0.2942	0.2261	0.0162	0.1631	0.1330	0.1827	0.0000	0.1069	0.1954	0.0083	0.0049	0.2044	0.0000	0.0499	0.0221
0.0919	0.4961	0.6107	0.0571	0.1942	0.1278	0.1023	0.1827	0.0180	0.0847	0.1844	0.1253	0.2729	0.0000	0.0143	0.1026	0.0000
0.0899	0.3344	0.2941	0.5349	0.0000	0.0757	0.0160	0.1827	0.0647	0.0615	0.0672	0.0000	0.0402	0.2747	0.0167	0.2007	0.0000
0.1026	0.1447	0.3398	0.1304	0.7076	0.0000	0.1246	0.0000	0.0000	0.0782	0.0000	0.1384	0.0750	0.0000	0.1023	0.1290	0.0000
0.0796	0.1510	0.1827	0.1587	0.3352	0.6006	0.0000	0.3940	0.0841	0.0975	0.1379	0.1400	0.2581	0.0000	0.2329	0.1290	0.0000
0.1670	0.1386	0.1938	0.1429	0.3333	0.3961	0.6326	0.1102	0.0058	0.1050	0.0621	0.1253	0.0498	0.0000	0.1941	0.1290	0.0033
0.1026	0.0460	0.1478	0.1765	0.3334	0.4158	0.2869	0.5124	0.0000	0.1357	0.0000	0.1411	0.0998	0.0192	0.0875	0.1290	0.0000
0.0895	0.0112	0.0443	0.0083	0.3557	0.1729	0.1290	0.1825	0.6514	0.0446	0.1079	0.1349	0.0480	0.0611	0.0465	0.1143	0.0139
0.0745	0.0537	0.1065	0.0050	0.3125	0.1952	0.0781	0.1998	0.2823	0.5624	0.1368	0.0660	0.0783	0.0119	0.2588	0.0782	0.0000
0.0625	0.0429	0.1827	0.0401	0.3333	0.2376	0.0661	0.1844	0.2851	0.1484	0.4399	0.1391	0.0998	0.0932	0.2977	0.1021	0.0000
0.1053	0.1004	0.1155	0.0422	0.4782	0.1725	0.0695	0.1996	0.4593	0.2066	0.3285	0.7083	0.0791	0.0435	0.1344	0.1098	0.0000
0.0731	0.0636	0.0518	0.1586	0.2236	0.5616	0.1764	0.5203	0.1276	0.1638	0.4185	0.3853	0.6753	0.1246	0.0754	0.0716	0.0000
0.0238	0.1827	0.1827	0.1827	0.0000	0.1844	0.0000	0.1440	0.1290	0.0800	0.1844	0.1290	0.1932	0.2747	0.2037	0.0000	0.0000
0.0000	0.1827	0.1827	0.1827	0.0000	0.1844	0.0000	0.0000	0.1384	0.0800	0.1844	0.1290	0.1932	0.2747	0.1692	0.0000	0.0000
0.0735	0.2141	0.2141	0.0819	0.0066	0.1963	0.0492	0.0623	0.3260	0.0878	0.1844	0.1087	0.1949	0.2724	0.2266	0.6229	0.0000
0.0798	0.1599	0.2347	0.1410	0.1657	0.4002	0.1282	0.1031	0.2648	0.1030	0.1936	0.1202	0.2353	0.1705	0.2238	0.4020	0.6101
