0.3103	0.0000	0.1950	0.0275	0.0347	0.3775	0.2925	0.0000	0.0000	0.1068	0.1925	0.0025	0.0020	0.0619	0.3300	0.3800	0.1450
0.3448	0.6775	0.0000	0.0000	0.0218	0.0250	0.2825	0.1975	0.0900	0.2432	0.1250	0.2700	0.0900	0.2784	0.0100	0.0200	0.0100
0.2069	0.4175	0.7525	0.0250	0.0001	0.1150	0.0425	0.2525	0.0000	0.2273	0.1300	0.0025	0.0020	0.0103	0.3800	0.3000	0.0275
0.0000	0.1150	0.4750	0.7625	0.0000	0.0600	0.0000	0.3575	0.2050	0.1977	0.0325	0.2750	0.0340	0.1649	0.0200	0.0175	0.0125
0.0000	0.1125	0.3000	0.1350	0.7489	0.1350	0.0950	0.0000	0.5025	0.2795	0.2875	0.0000	0.2280	0.2165	0.3400	0.3425	0.0000
0.2069	0.2650	0.0900	0.0925	0.5077	0.7800	0.0275	0.0075	0.0525	0.2182	0.0825	0.0000	0.0000	0.1031	0.0000	0.1025	0.0000
0.0517	0.3350	0.0750	0.0000	0.4582	0.7350	0.7275	0.0000	0.0000	0.1386	0.3825	0.0000	0.0000	0.0722	0.1600	0.0800	0.1950
0.0690	0.2925	0.1875	0.3175	0.0086	0.4225	0.4900	0.7100	0.0650	0.1432	0.0000	0.0750	0.2080	0.0103	0.2700	0.0850	0.2725
0.0000	0.1125	0.3725	0.4850	0.6026	0.1100	0.2400	0.5125	0.7250	0.0182	0.0975	0.0025	0.0540	0.0103	0.3900	0.0100	0.0450
0.0172	0.0375	0.0675	0.1600	0.2611	0.2975	0.0700	0.3875	0.1875	0.5523	0.0375	0.2500	0.1580	0.0000	0.3100	0.1450	0.2975
0.1552	0.1300	0.3575	0.0300	0.6208	0.3825	0.3225	0.0200	0.6900	0.4045	0.7200	0.0025	0.3340	0.2062	0.0900	0.3750	0.0000
0.2069	0.1425	0.1875	0.1025	0.0188	0.0700	0.2875	0.4275	0.0000	0.4045	0.4650	0.7325	0.3780	0.0000	0.0300	0.1300	0.1875
0.0345	0.1250	0.0000	0.0150	0.0926	0.0000	0.0000	0.5250	0.1075	0.1477	0.0800	0.4300	0.8580	0.0000	0.1100	0.2250	0.1600
0.2069	0.1225	0.3850	0.0625	0.4654	0.3825	0.1175	0.0000	0.0750	0.1386	0.4450	0.0025	0.0780	0.7216	0.0000	0.4300	0.2125
0.3793	0.0150	0.3350	0.0000	0.4999	0.2825	0.3825	0.0350	0.0000	0.0727	0.1800	0.0125	0.0980	0.7010	0.3500	0.3425	0.0000
0.1552	0.0225	0.2975	0.0275	0.4807	0.0575	0.0325	0.2975	0.0075	0.1000	0.0125	0.1250	0.1220	0.2784	0.3700	0.7275	0.0325
0.0172	0.1975	0.0075	0.0275	0.0548	0.0000	0.1950	0.5150	0.2100	0.2909	0.0500	0.0700	0.4080	0.0103	0.1900	0.4950	0.7275
