1.6377	2.0439	2.0227	2.1481	2.1691	1.9670	1.9976	2.2334	2.1189	2.1469	1.9490	2.1955	2.1442	1.9689	2.0327	1.9729	2.1391
1.9847	0.8526	2.2599	2.2132	2.1122	2.1312	1.8850	2.1137	2.2211	2.0693	2.1515	1.9022	2.0488	1.8674	2.2203	2.2757	2.2285
2.0386	2.0270	0.7957	2.1062	2.1756	2.0438	2.1994	2.0933	2.0656	2.0624	2.0315	2.1705	2.2513	2.0539	1.9467	2.0167	2.2666
2.1611	2.1161	1.8073	0.7995	2.2058	2.1723	2.2482	1.9160	1.9606	2.0656	2.2269	2.0907	2.1036	2.1621	2.0335	2.2208	2.1469
2.1562	2.2023	2.0013	2.0184	0.5364	2.0155	2.2863	2.2887	1.8620	2.1271	2.0030	2.1927	2.0249	2.1424	1.9458	1.9681	2.1417
2.0173	2.0230	2.0571	2.1097	1.5996	0.7517	2.2069	2.1561	2.1278	2.1085	2.0837	2.1827	2.2660	2.0131	2.1829	2.0535	2.2091
2.0876	1.8581	2.1743	2.3202	1.6847	1.4804	0.8601	2.2685	2.1374	2.0607	1.9422	2.1959	2.2014	2.0137	1.9950	2.1469	2.1194
2.1264	1.9185	2.1014	1.9208	2.9152	2.0054	1.9617	0.9583	2.0425	2.0589	2.3878	2.0299	2.1050	2.1656	2.0155	2.1710	1.9963
2.1965	2.2245	1.8733	1.7865	1.4456	2.1136	2.2141	1.5538	0.9185	2.1644	2.0610	2.1994	2.0295	2.2699	2.0446	2.3221	2.0289
2.1719	2.0499	2.0766	2.1371	1.9805	2.1019	2.1579	1.8126	1.9670	1.2262	2.1159	1.9757	1.9733	2.3044	2.0106	2.1547	2.0372
2.0167	2.1988	1.9484	2.2164	1.3050	2.0004	1.8556	2.3439	1.8086	1.7689	1.0228	2.1466	2.0748	1.9653	2.1093	2.0335	2.1088
2.0763	1.8663	2.3168	2.0712	2.2711	2.0998	2.0685	1.9146	2.1178	1.8821	1.8267	0.9194	2.0258	2.2294	2.3281	2.1776	2.1230
2.1912	2.2265	2.3950	2.2469	2.3008	2.8814	2.3100	1.7967	2.0090	2.1783	2.2453	2.0038	0.5206	2.3036	2.1962	2.5134	1.9426
2.0280	1.9271	1.8193	2.4496	1.2461	1.7023	1.9314	2.2711	2.0429	2.3119	2.0242	2.4312	2.5098	0.8377	2.1213	1.8971	2.1903
1.9784	2.0415	1.8597	2.2483	1.3381	2.0002	2.0072	2.1330	2.1364	2.1166	1.9634	2.3288	2.4366	1.5312	1.1646	1.9160	2.2282
2.0426	2.1163	2.0727	2.3493	1.4177	2.0130	2.1757	2.1529	2.3570	2.0987	2.2521	2.2984	2.3364	2.0711	1.8196	0.9015	2.2307
2.2318	2.2224	2.3090	2.2112	2.2862	2.2585	2.1780	1.8471	1.9255	2.0123	2.1389	2.1559	1.6733	2.0133	2.0760	1.5628	0.8884
