0.1825	0.0000	0.1012	0.0219	0.0154	0.1243	0.1835	0.0000	0.0000	0.0384	0.0938	0.0022	0.0024	0.0204	0.1008	0.1408	0.0652
0.0877	0.6777	0.0000	0.0000	0.0135	0.0275	0.1403	0.0997	0.0467	0.1343	0.1193	0.1641	0.0552	0.1925	0.0174	0.0113	0.0094
0.1034	0.2346	0.7506	0.0262	0.0001	0.0628	0.0311	0.1577	0.0000	0.1259	0.0988	0.0017	0.0022	0.0154	0.1609	0.1140	0.0143
0.0000	0.0897	0.4023	0.7526	0.0000	0.0415	0.0000	0.1413	0.1442	0.0592	0.0170	0.1492	0.0219	0.1067	0.0136	0.0103	0.0095
0.0000	0.0829	0.1539	0.1331	0.7489	0.0600	0.0530	0.0000	0.3783	0.1557	0.1211	0.0000	0.1002	0.1228	0.1318	0.1317	0.0000
0.0690	0.1047	0.0589	0.0647	0.3510	0.7760	0.0185	0.0070	0.0270	0.1287	0.0464	0.0000	0.0000	0.0903	0.0000	0.0592	0.0000
0.0333	0.1531	0.0401	0.0000	0.3309	0.7335	0.7250	0.0000	0.0000	0.1093	0.1844	0.0000	0.0000	0.0449	0.0924	0.0418	0.0925
0.0347	0.1836	0.1435	0.1509	0.0067	0.2137	0.2998	0.7019	0.0556	0.0871	0.0000	0.0800	0.1253	0.0263	0.1049	0.0449	0.1498
0.0000	0.1323	0.2021	0.2753	0.3720	0.0416	0.1290	0.4324	0.6912	0.0209	0.1061	0.0023	0.0294	0.0088	0.1482	0.0063	0.0313
0.0250	0.0341	0.0447	0.0600	0.1029	0.1833	0.0275	0.2356	0.1156	0.5677	0.0297	0.1643	0.0717	0.0000	0.0948	0.0669	0.1742
0.0643	0.0729	0.1603	0.0163	0.3984	0.1386	0.1857	0.0129	0.4075	0.3228	0.7088	0.0018	0.1097	0.1129	0.0522	0.1471	0.0000
0.0718	0.0878	0.1492	0.0645	0.0144	0.0284	0.0966	0.3113	0.0000	0.2583	0.2504	0.7269	0.1817	0.0000	0.0261	0.1244	0.1210
0.0301	0.0878	0.0000	0.0087	0.0465	0.0000	0.0000	0.3242	0.0504	0.0515	0.0430	0.2252	0.8233	0.0000	0.0509	0.1181	0.0990
0.0667	0.1122	0.1409	0.0521	0.3445	0.1844	0.0981	0.0000	0.0427	0.0568	0.3424	0.0017	0.0646	0.4458	0.0000	0.2832	0.1246
0.1296	0.0104	0.1346	0.0000	0.2222	0.1051	0.1844	0.0252	0.0000	0.0435	0.1476	0.0095	0.1241	0.2747	0.2555	0.1324	0.0000
0.0793	0.0160	0.1442	0.0181	0.2180	0.0357	0.0268	0.0982	0.0047	0.0959	0.0109	0.0758	0.1349	0.1762	0.3335	0.7212	0.0247
0.0190	0.1388	0.0063	0.0188	0.0390	0.0000	0.1240	0.4258	0.2109	0.1215	0.0303	0.0424	0.2845	0.0066	0.1063	0.3259	0.7052
