0.7677	0.0000	0.0000	0.0000	0.0000	0.0000	0.0000	0.0000	0.0000	0.0000	0.0000	0.0000	0.0000	0.0000	0.0000	0.0000	0.0000
0.9805	1.1256	0.0000	0.0000	0.0000	0.0000	0.0000	0.0000	0.0000	0.0000	0.0000	0.0000	0.0000	0.0000	0.0000	0.0000	0.0000
0.9944	1.1962	0.6330	0.0000	0.0000	0.0000	0.0000	0.0000	0.0000	0.0000	0.0000	0.0000	0.0000	0.0000	0.0000	0.0000	0.0000
0.8809	1.3204	0.7472	0.5777	0.0000	0.0000	0.0000	0.0000	0.0000	0.0000	0.0000	0.0000	0.0000	0.0000	0.0000	0.0000	0.0000
0.9372	1.2916	0.7061	0.5731	0.6408	0.0000	0.0000	0.0000	0.0000	0.0000	0.0000	0.0000	0.0000	0.0000	0.0000	0.0000	0.0000
0.9594	1.1894	0.7611	0.6726	0.7306	1.3779	0.0000	0.0000	0.0000	0.0000	0.0000	0.0000	0.0000	0.0000	0.0000	0.0000	0.0000
0.9704	1.2059	0.7943	0.6016	0.7227	1.3867	0.8366	0.0000	0.0000	0.0000	0.0000	0.0000	0.0000	0.0000	0.0000	0.0000	0.0000
0.9116	1.3604	0.8928	0.6628	0.6723	1.3872	0.8325	0.7107	0.0000	0.0000	0.0000	0.0000	0.0000	0.0000	0.0000	0.0000	0.0000
0.9440	1.2799	0.7173	0.6480	0.6584	1.4193	0.8149	0.7071	0.6428	0.0000	0.0000	0.0000	0.0000	0.0000	0.0000	0.0000	0.0000
1.0085	1.2490	0.6826	0.6563	0.6974	1.4396	0.8308	0.7574	0.6532	1.0661	0.0000	0.0000	0.0000	0.0000	0.0000	0.0000	0.0000
0.9206	1.3164	0.6664	0.6253	0.7055	1.4020	0.8359	0.7247	0.6799	1.1404	0.7019	0.0000	0.0000	0.0000	0.0000	0.0000	0.0000
0.9080	1.2353	0.7692	0.6140	0.6862	1.4746	0.8263	0.7111	0.6900	1.1202	0.7005	0.5811	0.0000	0.0000	0.0000	0.0000	0.0000
1.3137	1.3203	0.7021	0.9840	1.0736	1.6129	1.3811	1.2775	1.1060	1.5236	1.1690	0.9988	0.5820	0.0000	0.0000	0.0000	0.0000
0.9490	1.3378	0.6265	0.7056	0.7794	1.4403	1.0509	0.9073	0.8613	1.2453	0.8328	0.7509	0.6206	0.5469	0.0000	0.0000	0.0000
0.8851	1.3030	0.7498	0.7375	0.7972	1.4238	1.0666	0.9613	0.9400	1.2732	0.8701	0.8719	0.6237	0.6939	0.6654	0.0000	0.0000
0.8901	1.2759	0.6818	0.7047	0.7509	1.4608	1.1290	0.9038	0.8943	1.2884	0.9244	0.7962	0.6728	0.6053	0.6754	0.7305	0.0000
0.8318	1.2340	1.0403	0.6982	0.7019	1.4054	1.2313	0.8530	0.7792	1.2683	0.8892	0.7563	0.6383	0.5803	0.6983	0.7305	0.6284
