0.1026	0.0000	0.0000	0.0000	0.0000	0.0000	0.0000	0.0000	0.0000	0.0000	0.0000	0.0000	0.0000	0.0000	0.0000	0.0000	0.0000
0.1594	0.7337	0.0000	0.0000	0.0000	0.0000	0.0000	0.0000	0.0000	0.0000	0.0000	0.0000	0.0000	0.0000	0.0000	0.0000	0.0000
0.0310	0.1096	0.6819	0.0000	0.0000	0.0000	0.0000	0.0000	0.0000	0.0000	0.0000	0.0000	0.0000	0.0000	0.0000	0.0000	0.0000
0.0686	0.0907	0.0259	0.4905	0.0000	0.0000	0.0000	0.0000	0.0000	0.0000	0.0000	0.0000	0.0000	0.0000	0.0000	0.0000	0.0000
0.0000	0.1362	0.0122	0.1844	0.7136	0.0000	0.0000	0.0000	0.0000	0.0000	0.0000	0.0000	0.0000	0.0000	0.0000	0.0000	0.0000
0.0732	0.0849	0.0680	0.1438	0.1289	0.7192	0.0000	0.0000	0.0000	0.0000	0.0000	0.0000	0.0000	0.0000	0.0000	0.0000	0.0000
0.0696	0.0173	0.0157	0.0601	0.0572	0.1155	0.7795	0.0000	0.0000	0.0000	0.0000	0.0000	0.0000	0.0000	0.0000	0.0000	0.0000
0.0000	0.1346	0.0000	0.1113	0.0022	0.1000	0.0415	0.6734	0.0000	0.0000	0.0000	0.0000	0.0000	0.0000	0.0000	0.0000	0.0000
0.0732	0.1827	0.1019	0.3366	0.0000	0.1290	0.0143	0.0188	0.6099	0.0000	0.0000	0.0000	0.0000	0.0000	0.0000	0.0000	0.0000
0.0000	0.1466	0.0711	0.0869	0.1569	0.0572	0.0000	0.0939	0.1700	0.6223	0.0000	0.0000	0.0000	0.0000	0.0000	0.0000	0.0000
0.0743	0.0234	0.0000	0.1138	0.1035	0.0694	0.3640	0.0000	0.1265	0.0421	0.6552	0.0000	0.0000	0.0000	0.0000	0.0000	0.0000
0.0660	0.0000	0.1486	0.0996	0.0000	0.0168	0.0000	0.0123	0.1472	0.0349	0.0777	0.7538	0.0000	0.0000	0.0000	0.0000	0.0000
0.0367	0.0183	0.1537	0.2104	0.0879	0.1193	0.0295	0.0122	0.0304	0.0632	0.1068	0.0882	0.7547	0.0000	0.0000	0.0000	0.0000
0.0973	0.0000	0.0000	0.1290	0.0000	0.0000	0.1827	0.0000	0.0000	0.0000	0.2974	0.0000	0.0000	0.2747	0.0000	0.0000	0.0000
0.0732	0.0000	0.0000	0.0738	0.0000	0.1290	0.0000	0.0000	0.1388	0.0515	0.1844	0.1827	0.0998	0.0000	0.2677	0.0000	0.0000
0.1690	0.0000	0.0000	0.0714	0.1542	0.0166	0.0095	0.0000	0.1159	0.0190	0.1316	0.0103	0.0149	0.0932	0.1692	0.6343	0.0000
0.0732	0.0262	0.0971	0.1162	0.1319	0.0449	0.0128	0.0344	0.0083	0.0619	0.1342	0.0997	0.0364	0.0000	0.2334	0.0557	0.7101
