0.7600	0.1477	0.1500	0.1450	0.0025	0.2241	0.0000	0.2325	0.0075	0.1800	0.3350	0.0175	0.0950	0.0400	0.0625	0.0775	0.0775
0.7550	0.6818	0.0900	0.2625	0.0175	0.1724	0.0000	0.1850	0.0375	0.0700	0.0625	0.1600	0.0060	0.0550	0.1050	0.0775	0.2575
0.7150	0.6545	0.8820	0.3425	0.0275	0.1897	0.0928	0.1275	0.0250	0.1700	0.0525	0.0825	0.0015	0.0575	0.1925	0.0025	0.3325
0.6750	0.6409	0.8980	0.8225	0.0625	0.1379	0.0619	0.2250	0.0750	0.1400	0.0000	0.0600	0.0010	0.2650	0.1250	0.0000	0.3675
0.6925	0.6386	0.8980	0.8425	0.7675	0.1552	0.0928	0.3125	0.0150	0.1600	0.0475	0.1800	0.0005	0.1200	0.0675	0.0000	0.2175
0.6275	0.6409	0.8920	0.8200	0.7700	0.5000	0.0412	0.2725	0.0050	0.1500	0.0475	0.1775	0.0030	0.1625	0.1100	0.0250	0.2925
0.6575	0.6477	0.8920	0.8200	0.7650	0.4828	0.6804	0.2725	0.0025	0.1400	0.0200	0.2025	0.0026	0.1200	0.0625	0.0000	0.1375
0.7500	0.6159	0.8900	0.8275	0.7525	0.5172	0.7216	0.7875	0.0075	0.0600	0.0625	0.2850	0.0008	0.0525	0.0800	0.0075	0.2125
0.7225	0.6455	0.9000	0.7700	0.7475	0.5000	0.7113	0.7700	0.7800	0.1400	0.0350	0.1825	0.0007	0.1300	0.0250	0.0050	0.3075
0.7400	0.6227	0.8980	0.8075	0.7400	0.4828	0.7010	0.7600	0.7500	0.3900	0.0825	0.3250	0.0046	0.1100	0.0475	0.0000	0.3400
0.7250	0.6114	0.8720	0.7900	0.7500	0.4483	0.7216	0.7625	0.7600	0.4100	0.7175	0.3375	0.0032	0.0875	0.0500	0.0000	0.1775
0.6900	0.6182	0.8760	0.7900	0.7475	0.4828	0.6804	0.7650	0.7325	0.4700	0.6950	0.8375	0.0186	0.0800	0.0375	0.0000	0.2575
0.7050	0.5909	0.8700	0.7500	0.6775	0.4138	0.6907	0.7400	0.6825	0.4700	0.7125	0.8125	0.7026	0.0500	0.1575	0.0425	0.2100
0.6875	0.5977	0.8640	0.7675	0.6975	0.3966	0.7320	0.7250	0.6775	0.4500	0.6650	0.8100	0.7104	0.9000	0.1050	0.0100	0.1275
0.6600	0.6068	0.8480	0.7700	0.6800	0.4483	0.7320	0.7300	0.6075	0.4500	0.6000	0.8100	0.7054	0.9025	0.7450	0.0425	0.2100
0.7000	0.6159	0.8580	0.7875	0.6950	0.5172	0.7010	0.7425	0.6500	0.4600	0.6050	0.7900	0.6991	0.9025	0.7450	0.7050	0.1650
0.7150	0.5864	0.8920	0.8025	0.7075	0.4483	0.7113	0.7625	0.6825	0.4500	0.6325	0.8200	0.7047	0.8950	0.7275	0.7175	0.8275
