0.7480	0.0702	0.0617	0.0448	0.0032	0.0732	0.0000	0.0695	0.0064	0.0562	0.0754	0.0143	0.0473	0.0268	0.0313	0.0477	0.0439
0.7391	0.6664	0.0392	0.0984	0.0144	0.0546	0.0000	0.0623	0.0345	0.0460	0.0322	0.0879	0.0039	0.0285	0.0606	0.0435	0.0852
0.6941	0.6243	0.8486	0.0924	0.0173	0.1013	0.0547	0.0639	0.0154	0.0925	0.0191	0.0575	0.0012	0.0271	0.0767	0.0018	0.1379
0.6754	0.6181	0.8782	0.8153	0.0602	0.0381	0.0474	0.0955	0.0523	0.0613	0.0000	0.0625	0.0006	0.1047	0.0537	0.0000	0.1398
0.6920	0.6131	0.8748	0.8309	0.7535	0.0469	0.0427	0.1261	0.0153	0.0721	0.0185	0.1123	0.0003	0.0501	0.0305	0.0000	0.0800
0.6035	0.6212	0.8609	0.7961	0.7407	0.3077	0.0214	0.0920	0.0057	0.0613	0.0227	0.1105	0.0015	0.0602	0.0550	0.0171	0.1096
0.6502	0.6227	0.8725	0.8022	0.7461	0.3009	0.4598	0.0741	0.0029	0.0473	0.0106	0.1119	0.0014	0.0510	0.0368	0.0000	0.0645
0.7331	0.5792	0.8704	0.8050	0.7310	0.2951	0.4626	0.7698	0.0075	0.0358	0.0233	0.1279	0.0004	0.0277	0.0385	0.0064	0.0664
0.7069	0.6223	0.8792	0.7480	0.7133	0.2897	0.4341	0.7524	0.7649	0.0467	0.0290	0.1126	0.0005	0.0471	0.0123	0.0032	0.1040
0.7242	0.5926	0.8796	0.7967	0.7096	0.2810	0.4334	0.7368	0.7367	0.3396	0.0335	0.1740	0.0026	0.0385	0.0192	0.0000	0.1121
0.7048	0.5799	0.8458	0.7768	0.7137	0.2604	0.4957	0.7339	0.7470	0.3053	0.6980	0.1596	0.0021	0.0366	0.0282	0.0000	0.0744
0.6876	0.5790	0.8557	0.7801	0.7219	0.2712	0.4248	0.7496	0.7257	0.3242	0.6865	0.8288	0.0086	0.0374	0.0222	0.0000	0.0902
0.7016	0.5546	0.8469	0.7127	0.6472	0.2739	0.5150	0.7259	0.6664	0.2810	0.6993	0.7995	0.6998	0.0294	0.0780	0.0239	0.0789
0.6856	0.5604	0.8411	0.7405	0.6808	0.2480	0.5328	0.7169	0.6606	0.2357	0.6635	0.8034	0.7092	0.8939	0.0538	0.0063	0.0662
0.6408	0.5770	0.8241	0.7585	0.6674	0.2757	0.4900	0.7223	0.5774	0.2352	0.6021	0.8030	0.7047	0.8954	0.7236	0.0221	0.0837
0.6755	0.5891	0.8353	0.7734	0.6786	0.3439	0.4548	0.7315	0.6339	0.2614	0.6027	0.7836	0.6983	0.8955	0.7283	0.6926	0.0671
0.6997	0.5588	0.8648	0.7879	0.6883	0.2882	0.4638	0.7510	0.6679	0.2341	0.6299	0.8098	0.7042	0.8828	0.7148	0.6987	0.8171
