0.6020	2.0485	2.2847	2.1755	2.2594	2.4146	2.2751	2.0238	2.1776	2.0648	2.0762	2.1552	1.8616	2.0544	2.1814	2.1286	2.0566
0.7380	0.8540	2.1883	2.0832	2.1412	2.1697	2.1926	2.0436	2.2521	2.0450	2.2353	2.0842	2.1530	2.2675	2.1118	2.1581	2.0062
0.7239	0.9025	0.2855	1.9897	2.2138	2.2546	2.1359	2.0737	2.3133	2.0502	2.4055	2.1973	2.2339	2.2767	2.1260	2.2304	1.9942
0.7282	0.9231	0.2837	0.4950	2.0545	2.2738	2.0800	1.9304	2.1466	2.0821	2.5098	2.2355	2.4998	2.1763	2.2464	2.4171	1.8937
0.7439	0.9617	0.2656	0.4829	0.6374	2.2722	2.1478	1.8697	2.2970	2.0530	2.2959	2.0764	2.4662	2.3307	2.1794	2.4326	2.0871
0.8440	0.9340	0.2767	0.5356	0.6637	1.2444	2.1983	1.8993	2.4207	2.0786	2.3167	2.0668	2.3391	2.2862	2.0970	2.1657	1.9913
0.8138	0.9613	0.2813	0.5318	0.6286	1.2345	0.7135	1.9930	2.4108	2.1650	2.2760	2.0512	2.2941	2.2481	2.1213	2.3628	2.1130
0.6434	0.9970	0.2905	0.5170	0.6272	1.2548	0.7258	0.5480	2.4624	2.2021	2.3471	1.9782	2.5807	2.2987	2.0857	2.4111	2.0619
0.6714	0.9627	0.2691	0.6216	0.7004	1.2390	0.7760	0.5873	0.6346	2.1667	2.4178	2.0755	2.5608	2.2136	2.2215	2.5727	1.9317
0.6856	1.0322	0.2709	0.5173	0.7206	1.2888	0.7705	0.6370	0.6789	1.1943	2.2367	2.0134	2.4275	2.1896	2.2672	2.5532	1.9546
0.7049	1.0695	0.2934	0.5516	0.7276	1.3063	0.7457	0.6225	0.6121	1.1978	0.7172	1.9388	2.3528	2.2149	2.2575	2.6208	2.0416
0.7206	1.0787	0.3100	0.5586	0.6859	1.2748	0.7554	0.5892	0.7123	1.1959	0.7243	0.5313	2.1597	2.2511	2.2974	2.4931	1.9510
1.1196	1.1056	0.3903	1.0074	1.0723	1.5517	1.0764	1.0272	1.0344	1.3980	1.0673	0.5931	0.5802	2.1729	2.1313	2.1500	1.9812
1.0159	1.0865	0.3476	0.8584	0.9976	1.4793	0.9372	0.9544	0.9506	1.3043	1.0247	0.5470	0.5753	0.2817	2.1683	2.2548	2.0435
0.8907	1.0457	0.3817	0.7601	0.9344	1.3916	0.8497	0.8202	1.0475	1.2042	1.0517	0.5505	0.5827	0.2883	0.6877	2.2754	1.9909
0.7601	1.0678	0.3567	0.7368	0.9116	1.4349	0.9040	0.7037	0.8956	1.1977	0.9891	0.5454	0.5907	0.2968	0.6884	0.6809	1.9727
0.7157	1.1079	0.2823	0.7006	0.8388	1.4016	1.0071	0.7085	0.8351	1.2140	0.9339	0.5239	0.5895	0.3202	0.6796	0.6739	0.5045
