1.4720	2.1699	2.2659	2.1461	2.2365	2.2345	2.3488	2.2279	2.1324	1.9261	2.3735	2.1276	2.1241	2.0994	1.8682	2.2751	2.1762
2.0967	0.8870	2.3209	2.1522	2.5756	2.2213	2.1051	2.4973	2.0373	2.0413	1.9816	2.1484	2.0445	1.7827	1.6692	2.2147	2.2526
2.3032	2.2213	0.7380	2.2143	2.0892	2.2341	2.6905	2.0837	2.5016	2.0293	2.0808	1.8737	2.3677	2.2046	2.0349	2.0721	2.2380
2.2157	2.1241	2.3563	0.8433	2.4074	2.1992	1.9344	2.5359	2.0667	1.9912	2.1993	2.2763	2.1912	1.9807	1.9979	2.2857	2.2366
2.3000	2.3086	1.9465	2.2337	0.6214	2.3124	2.1105	2.0163	2.4436	2.3989	2.2401	2.3407	2.4311	2.6840	2.7631	2.0193	2.2363
2.0437	2.2485	2.6051	2.0249	2.5556	0.7674	2.0276	2.0229	1.7501	2.0314	2.0822	2.0792	1.9089	2.4221	1.9487	2.1770	2.1238
2.2788	2.0245	2.3121	1.8856	2.1178	2.1317	0.8539	2.2404	2.1130	2.0180	2.5124	2.3195	2.1102	2.2104	2.1472	2.1131	1.9073
2.2332	2.3460	2.1837	2.4141	2.0601	2.2014	2.3512	0.7486	2.3120	2.1345	2.1149	1.8378	2.1656	2.0673	2.0973	2.2896	2.1302
2.0930	2.2728	2.4841	2.0527	2.2141	1.9824	2.0990	2.0295	0.7923	2.0327	2.2008	2.1636	2.0853	2.7008	2.0761	1.9423	2.1597
2.0107	2.2449	2.3686	2.1888	2.0703	2.2202	2.2018	2.0440	2.1807	1.1060	2.3781	2.0989	2.3509	2.2657	1.9871	2.1877	2.2048
2.4366	2.1796	2.0300	2.2254	2.2393	2.2812	2.6593	2.2694	2.2036	2.2791	0.7635	1.9829	2.1802	1.7449	2.1429	2.2416	2.5637
2.3906	2.1356	2.0763	2.2648	2.1279	2.2405	2.6397	2.0003	2.2122	2.0333	2.0017	0.7208	2.5141	2.1813	2.1974	2.1097	2.1613
1.9346	2.0972	2.4929	2.1236	2.4202	1.8444	1.7751	2.2047	1.7777	2.1275	2.0403	2.3531	0.6590	1.9827	1.7371	2.2218	2.2143
2.0461	2.5322	2.2384	2.3964	2.0926	2.0209	2.5062	1.8923	2.0731	2.1988	1.8217	2.0891	1.8992	0.8454	1.9937	2.3537	2.3009
1.8938	2.1077	2.5106	1.9732	2.4719	2.1138	2.0398	2.1664	1.9224	2.0373	2.2880	2.0996	1.7847	1.8687	1.1021	2.2999	1.9576
2.1045	1.9512	2.0438	2.0949	2.1664	2.2069	2.0992	2.1747	2.1833	1.9872	2.3377	2.1775	2.4416	2.9091	2.4386	0.8719	2.1442
2.1884	2.2720	2.1451	2.0094	2.1447	2.1693	1.8806	2.1292	1.9400	2.0324	2.4899	2.0244	2.2284	2.2072	1.8900	2.0984	0.7636
