0.2028	0.0000	0.1844	0.0062	0.0000	0.0764	0.0000	0.0970	0.0000	0.0772	0.0000	0.0000	0.1464	0.0000	0.0256	0.1396	0.0000
0.0658	0.6982	0.0047	0.0509	0.0000	0.0206	0.0171	0.0198	0.0878	0.0944	0.0489	0.0972	0.0718	0.1303	0.2914	0.0908	0.0219
0.0474	0.1464	0.6838	0.1572	0.0038	0.0162	0.0000	0.1231	0.0000	0.0985	0.0792	0.1417	0.0000	0.0000	0.0000	0.0723	0.1083
0.0595	0.1062	0.0000	0.6656	0.0089	0.0851	0.1824	0.0690	0.0543	0.0828	0.0163	0.0082	0.0144	0.0523	0.0755	0.1006	0.1024
0.0317	0.0000	0.0830	0.0026	0.6884	0.1290	0.1146	0.0000	0.0000	0.0291	0.0000	0.0588	0.0000	0.0340	0.0000	0.0716	0.0000
0.0571	0.1060	0.0000	0.0452	0.0004	0.6863	0.0987	0.0804	0.2330	0.1097	0.1242	0.1514	0.1162	0.0186	0.1180	0.0386	0.0189
0.0529	0.1409	0.0000	0.1266	0.0064	0.0000	0.5884	0.1410	0.0476	0.0743	0.0000	0.0299	0.0404	0.0400	0.0000	0.1423	0.1556
0.0663	0.0686	0.0213	0.0000	0.1256	0.0782	0.0000	0.7077	0.0279	0.0395	0.1011	0.2771	0.0822	0.0000	0.0840	0.0140	0.0000
0.0574	0.0500	0.0000	0.2446	0.0000	0.0403	0.1257	0.1290	0.6791	0.0747	0.0000	0.0469	0.0000	0.0057	0.0167	0.1103	0.0803
0.1302	0.0462	0.0231	0.0042	0.0549	0.0804	0.0988	0.1290	0.0097	0.6131	0.0000	0.0843	0.0167	0.0000	0.0771	0.0514	0.0203
0.0667	0.2208	0.0000	0.0038	0.0000	0.0000	0.0000	0.0059	0.0000	0.0423	0.6529	0.1393	0.0020	0.1456	0.0000	0.0000	0.0046
0.0489	0.1473	0.1316	0.0958	0.0000	0.0686	0.0000	0.1096	0.0425	0.1161	0.1349	0.6824	0.0000	0.0000	0.0000	0.0719	0.0000
0.1107	0.0641	0.0000	0.0707	0.0000	0.2731	0.2630	0.0022	0.4495	0.1171	0.1269	0.0277	0.7077	0.0501	0.1447	0.0168	0.0478
0.0588	0.0000	0.0000	0.0000	0.1250	0.0000	0.0000	0.1827	0.0000	0.0051	0.1827	0.0102	0.1236	0.3598	0.0000	0.0000	0.0000
0.1133	0.0000	0.0000	0.1960	0.0000	0.0803	0.0122	0.1290	0.1378	0.0508	0.0000	0.1827	0.1952	0.1340	0.4201	0.0000	0.0948
0.1018	0.1329	0.0000	0.0540	0.0473	0.0789	0.0730	0.1290	0.0120	0.1082	0.0000	0.0915	0.0000	0.0291	0.0000	0.4680	0.0179
0.0652	0.1097	0.0141	0.1670	0.0281	0.0060	0.1504	0.0955	0.0660	0.0806	0.0000	0.1620	0.0569	0.0143	0.1188	0.0720	0.6856
