0.2028	0.0000	0.1844	0.0062	0.0000	0.0764	0.0000	0.0970	0.0000	0.0772	0.0000	0.0000	0.1464	0.0000	0.0256	0.1396	0.0000
-0.1370	0.6982	-0.1797	0.0447	0.0000	-0.0558	0.0171	-0.0772	0.0878	0.0172	0.0489	0.0972	-0.0746	0.1303	0.2658	-0.0488	0.0219
-0.0184	-0.5518	0.6791	0.1063	0.0038	-0.0044	-0.0171	0.1033	-0.0878	0.0041	0.0303	0.0445	-0.0718	-0.1303	-0.2914	-0.0185	0.0864
0.0121	-0.0402	-0.6838	0.5084	0.0051	0.0689	0.1824	-0.0541	0.0543	-0.0157	-0.0629	-0.1335	0.0144	0.0523	0.0755	0.0283	-0.0059
-0.0278	-0.1062	0.0830	-0.6630	0.6795	0.0439	-0.0678	-0.0690	-0.0543	-0.0537	-0.0163	0.0506	-0.0144	-0.0183	-0.0755	-0.0290	-0.1024
0.0254	0.1060	-0.0830	0.0426	-0.6880	0.5573	-0.0159	0.0804	0.2330	0.0806	0.1242	0.0926	0.1162	-0.0154	0.1180	-0.0330	0.0189
-0.0042	0.0349	0.0000	0.0814	0.0060	-0.6863	0.4897	0.0606	-0.1854	-0.0354	-0.1242	-0.1215	-0.0758	0.0214	-0.1180	0.1037	0.1367
0.0134	-0.0723	0.0213	-0.1266	0.1192	0.0782	-0.5884	0.5667	-0.0197	-0.0348	0.1011	0.2472	0.0418	-0.0400	0.0840	-0.1283	-0.1556
-0.0089	-0.0186	-0.0213	0.2446	-0.1256	-0.0379	0.1257	-0.5787	0.6512	0.0352	-0.1011	-0.2302	-0.0822	0.0057	-0.0673	0.0963	0.0803
0.0728	-0.0038	0.0231	-0.2404	0.0549	0.0401	-0.0269	0.0000	-0.6694	0.5384	0.0000	0.0374	0.0167	-0.0057	0.0604	-0.0589	-0.0600
-0.0635	0.1746	-0.0231	-0.0004	-0.0549	-0.0804	-0.0988	-0.1231	-0.0097	-0.5708	0.6529	0.0550	-0.0147	0.1456	-0.0771	-0.0514	-0.0157
-0.0178	-0.0735	0.1316	0.0920	0.0000	0.0686	0.0000	0.1037	0.0425	0.0738	-0.5180	0.5431	-0.0020	-0.1456	0.0000	0.0719	-0.0046
0.0618	-0.0832	-0.1316	-0.0251	0.0000	0.2045	0.2630	-0.1074	0.4070	0.0010	-0.0080	-0.6547	0.7077	0.0501	0.1447	-0.0551	0.0478
-0.0519	-0.0641	0.0000	-0.0707	0.1250	-0.2731	-0.2630	0.1805	-0.4495	-0.1120	0.0558	-0.0175	-0.5841	0.3097	-0.1447	-0.0168	-0.0478
0.0545	0.0000	0.0000	0.1960	-0.1250	0.0803	0.0122	-0.0537	0.1378	0.0457	-0.1827	0.1725	0.0716	-0.2258	0.4201	0.0000	0.0948
-0.0115	0.1329	0.0000	-0.1420	0.0473	-0.0014	0.0608	0.0000	-0.1258	0.0574	0.0000	-0.0912	-0.1952	-0.1049	-0.4201	0.4680	-0.0769
-0.0366	-0.0232	0.0141	0.1130	-0.0192	-0.0729	0.0774	-0.0335	0.0540	-0.0276	0.0000	0.0705	0.0569	-0.0148	0.1188	-0.3960	0.6677
