0.3793	0.0000	0.3825	0.0050	0.0000	0.1450	0.0000	0.2400	0.0000	0.2227	0.0000	0.0000	0.4100	0.0000	0.0200	0.3775	0.0000
0.0862	0.7050	0.0075	0.1300	0.0000	0.0350	0.0200	0.0425	0.2325	0.1364	0.0925	0.1175	0.2080	0.3093	0.4200	0.1725	0.0325
0.0690	0.3075	0.6925	0.1800	0.0039	0.0125	0.0000	0.1700	0.0000	0.1614	0.1550	0.2175	0.0000	0.0000	0.0000	0.1550	0.1275
0.0862	0.2550	0.0000	0.6800	0.0116	0.1850	0.3325	0.1600	0.1100	0.1659	0.0250	0.0050	0.0200	0.0722	0.0800	0.1700	0.1900
0.0345	0.0000	0.1075	0.0025	0.6930	0.2400	0.3575	0.0000	0.0000	0.0295	0.0000	0.0650	0.0000	0.0722	0.0000	0.0975	0.0000
0.1034	0.3000	0.0000	0.0850	0.0006	0.6875	0.3200	0.2175	0.3425	0.2227	0.2050	0.2975	0.3260	0.0412	0.2100	0.0675	0.0350
0.0862	0.3775	0.0000	0.1000	0.0082	0.0000	0.6250	0.1100	0.0750	0.2273	0.0000	0.0200	0.0560	0.0412	0.0000	0.3400	0.2275
0.0862	0.1575	0.0275	0.0000	0.4237	0.2400	0.0000	0.7100	0.0600	0.0773	0.1850	0.4500	0.1360	0.0000	0.2100	0.0150	0.0000
0.0690	0.0825	0.0000	0.3525	0.0000	0.0325	0.3300	0.2400	0.6900	0.2295	0.0000	0.1425	0.0000	0.0103	0.0200	0.2750	0.1100
0.2241	0.0750	0.0250	0.0050	0.1359	0.2200	0.1225	0.2400	0.0100	0.5977	0.0000	0.1950	0.0260	0.0000	0.1600	0.0550	0.0325
0.1724	0.4175	0.0000	0.0025	0.0000	0.0000	0.0000	0.0075	0.0000	0.1432	0.6625	0.3775	0.0020	0.2784	0.0000	0.0000	0.0050
0.0690	0.2475	0.3100	0.1000	0.0000	0.0900	0.0000	0.2350	0.0600	0.1750	0.2275	0.6975	0.0000	0.0000	0.0000	0.1325	0.0000
0.2414	0.0750	0.0000	0.1550	0.0000	0.6050	0.5550	0.0025	0.5850	0.2432	0.2675	0.0550	0.7640	0.1753	0.2200	0.0150	0.0650
0.1724	0.0000	0.0000	0.0000	0.2412	0.0000	0.0000	0.3775	0.0000	0.0045	0.3775	0.0050	0.2560	0.7113	0.0000	0.0000	0.0000
0.2414	0.0000	0.0000	0.2600	0.0000	0.1450	0.0125	0.2400	0.3775	0.1455	0.0000	0.3775	0.4140	0.2371	0.4700	0.0000	0.2300
0.1897	0.2625	0.0000	0.1300	0.0601	0.1175	0.2075	0.2400	0.0125	0.2023	0.0000	0.1425	0.0000	0.0619	0.0000	0.5575	0.0275
0.1552	0.2700	0.0175	0.3650	0.0502	0.0075	0.3400	0.1375	0.1200	0.1545	0.0000	0.3275	0.1000	0.0103	0.2400	0.0800	0.7100
