0.8000	0.0019	0.0000	0.2425	0.0025	0.1850	0.1207	0.0636	0.0750	0.0575	0.0000	0.1475	0.0300	0.2400	0.0515	0.0050	0.0625
0.5280	0.7193	0.0000	0.2225	0.3575	0.6075	0.0000	0.2091	0.0000	0.1375	0.0000	0.0000	0.0900	0.0800	0.0309	0.0000	0.0000
0.4220	0.5820	0.7225	0.3700	0.0575	0.3625	0.0000	0.0250	0.0000	0.0000	0.0000	0.0000	0.0000	0.3225	0.0000	0.0150	0.0000
0.1760	0.4362	0.5700	0.7900	0.3025	0.0725	0.0000	0.0932	0.0975	0.0725	0.2125	0.0000	0.2700	0.2400	0.0515	0.1250	0.2050
0.0960	0.4990	0.3750	0.3875	0.5675	0.3475	0.0000	0.1636	0.0000	0.2175	0.2325	0.0000	0.0900	0.0525	0.1340	0.0875	0.0275
0.3460	0.4966	0.3775	0.3725	0.2600	0.7775	0.0690	0.2159	0.0000	0.0000	0.0050	0.0000	0.0000	0.3450	0.0000	0.0000	0.1325
0.4080	0.0000	0.3775	0.0000	0.0000	0.2400	0.2241	0.1455	0.2400	0.0000	0.0000	0.0000	0.0000	0.3825	0.0000	0.0000	0.0000
0.4080	0.0000	0.0000	0.0000	0.0000	0.2400	0.3448	0.2500	0.2400	0.0000	0.0000	0.0000	0.0000	0.3825	0.0000	0.0000	0.0000
0.0000	0.0000	0.0000	0.0000	0.0000	0.0000	0.0517	0.2500	0.3825	0.0000	0.3775	0.2400	0.0000	0.3775	0.0000	0.0000	0.0000
0.4160	0.0000	0.0000	0.0000	0.0000	0.0000	0.0517	0.2500	0.3825	0.3825	0.0000	0.2400	0.0000	0.0000	0.2268	0.0000	0.0000
0.0000	0.0000	0.0000	0.0000	0.2150	0.0000	0.0345	0.1477	0.3825	0.4625	0.6275	0.0225	0.0200	0.0000	0.0000	0.2225	0.0000
0.0000	0.0000	0.0000	0.0000	0.0000	0.0000	0.1724	0.2500	0.3825	0.3775	0.3775	0.3775	0.0000	0.0000	0.0000	0.0000	0.0000
0.0000	0.0000	0.0000	0.0000	0.0000	0.0000	0.0517	0.2500	0.3825	0.2400	0.3825	0.3775	0.3400	0.0000	0.0000	0.0000	0.0000
0.0000	0.0000	0.0000	0.0000	0.0000	0.0000	0.0000	0.2500	0.3825	0.3825	0.3775	0.3825	0.3400	0.3825	0.0000	0.0000	0.0000
0.0000	0.0000	0.0000	0.0000	0.2400	0.0000	0.0000	0.1455	0.3775	0.2400	0.3775	0.2400	0.3400	0.3775	0.7010	0.0000	0.0000
0.0000	0.0000	0.0000	0.0000	0.0000	0.0000	0.0000	0.2500	0.3825	0.3825	0.3775	0.3825	0.3400	0.3775	0.7010	0.3825	0.0000
0.0000	0.0000	0.0000	0.0000	0.2400	0.0000	0.0000	0.1455	0.3825	0.3825	0.3775	0.3825	0.3400	0.3775	0.7010	0.3825	0.3825
