0.6672	0.0000	0.2295	0.0901	0.0493	0.1038	0.0000	0.1844	0.1313	0.0000	0.1248	0.0884	0.0013	0.1363	0.0000	0.0563	0.0000
0.5408	0.5300	0.1932	0.0216	0.0000	0.0761	0.0242	0.1325	0.0000	0.0000	0.0000	0.1835	0.1252	0.1231	0.0000	0.0096	0.0000
0.4173	0.4844	0.7295	0.0802	0.0000	0.0813	0.0437	0.1481	0.0090	0.0000	0.0000	0.0471	0.0495	0.0052	0.0000	0.0324	0.0000
0.4533	0.3807	0.6630	0.7293	0.0033	0.0976	0.0221	0.0994	0.0571	0.0000	0.0260	0.0198	0.0903	0.0000	0.0000	0.0866	0.0064
0.5385	0.2805	0.4935	0.6553	0.6926	0.0432	0.0000	0.1325	0.0909	0.0431	0.0855	0.0000	0.0272	0.0776	0.0187	0.1221	0.0238
0.6648	0.2117	0.6688	0.5681	0.6328	0.1988	0.0222	0.0695	0.1011	0.0000	0.0920	0.0000	0.0090	0.1333	0.0106	0.1352	0.0213
0.6055	0.1906	0.2519	0.3549	0.1896	0.1927	0.2747	0.0086	0.1827	0.0000	0.2048	0.0000	0.3333	0.0000	0.0000	0.1387	0.0022
0.6057	0.2751	0.5503	0.4622	0.4353	0.1026	0.2747	0.6684	0.0805	0.0000	0.2177	0.0000	0.2006	0.1338	0.0000	0.0217	0.0065
0.4895	0.2579	0.4699	0.3958	0.3061	0.1039	0.2747	0.6585	0.6361	0.0000	0.1614	0.0000	0.1473	0.0741	0.0000	0.1515	0.0021
0.4900	0.3008	0.4528	0.4355	0.3145	0.1317	0.2747	0.6082	0.5734	0.2846	0.1702	0.0000	0.1841	0.0643	0.0000	0.1804	0.0213
0.4811	0.2173	0.4523	0.4439	0.3687	0.1039	0.2747	0.6330	0.5963	0.2439	0.5944	0.0000	0.1041	0.0120	0.0000	0.1829	0.0577
0.3528	0.1820	0.3529	0.3702	0.2714	0.1026	0.2747	0.6795	0.6326	0.1821	0.5820	0.6775	0.1512	0.0056	0.0000	0.1941	0.0847
0.5588	0.2945	0.4840	0.4239	0.3584	0.1026	0.2747	0.5153	0.5351	0.2236	0.5470	0.4511	0.6719	0.0265	0.0000	0.2337	0.0881
0.6533	0.2696	0.5744	0.5050	0.5420	0.1039	0.2747	0.4329	0.4410	0.2213	0.4976	0.4089	0.4831	0.7550	0.0000	0.1016	0.0810
0.6529	0.2526	0.5158	0.4822	0.4695	0.1026	0.2747	0.5155	0.5951	0.2675	0.6031	0.5278	0.6632	0.7700	0.5992	0.1482	0.0883
0.6322	0.2132	0.4808	0.4137	0.3861	0.1039	0.2747	0.5743	0.5485	0.2842	0.5728	0.5228	0.6575	0.7729	0.5895	0.6466	0.0892
0.6219	0.1007	0.5669	0.5467	0.6736	0.2025	0.2747	0.2628	0.3400	0.2051	0.3625	0.2617	0.3353	0.6506	0.3678	0.3224	0.3602
