0.6775	0.0000	0.4160	0.2050	0.0650	0.1724	0.0000	0.3825	0.2200	0.0000	0.2575	0.1300	0.0016	0.3475	0.0000	0.1100	0.0000
0.5675	0.5523	0.4080	0.0250	0.0000	0.1724	0.0206	0.3525	0.0000	0.0000	0.0000	0.2700	0.4094	0.3050	0.0000	0.0075	0.0000
0.4950	0.4977	0.7720	0.1825	0.0000	0.1207	0.0722	0.3350	0.0075	0.0000	0.0000	0.0550	0.0846	0.0050	0.0000	0.0300	0.0000
0.5175	0.4205	0.6860	0.7400	0.0025	0.1724	0.0309	0.3275	0.1250	0.0000	0.0325	0.0225	0.2262	0.0000	0.0000	0.1525	0.0075
0.5900	0.3386	0.5620	0.6925	0.7050	0.1207	0.0000	0.2100	0.1900	0.0700	0.3275	0.0000	0.0379	0.1200	0.0200	0.1575	0.0375
0.6850	0.4250	0.6880	0.6025	0.6350	0.3793	0.0206	0.1175	0.1900	0.0000	0.3775	0.0000	0.0142	0.3050	0.0125	0.2100	0.0325
0.6025	0.3045	0.2760	0.3850	0.2725	0.4138	0.7010	0.0075	0.3775	0.0000	0.3475	0.0000	0.5000	0.0000	0.0000	0.3725	0.0025
0.6050	0.3386	0.5820	0.4775	0.4450	0.3448	0.7010	0.6850	0.2500	0.0000	0.3800	0.0000	0.3814	0.2150	0.0000	0.0225	0.0075
0.5175	0.3227	0.5300	0.4550	0.3450	0.3448	0.7010	0.6750	0.6425	0.0000	0.3550	0.0000	0.2010	0.1625	0.0000	0.1825	0.0025
0.5225	0.3818	0.5120	0.4900	0.3475	0.3621	0.7010	0.6500	0.5875	0.3800	0.3650	0.0000	0.3102	0.1150	0.0000	0.3225	0.0275
0.5150	0.3932	0.5080	0.4975	0.3950	0.3448	0.7010	0.6625	0.6075	0.3400	0.6000	0.0000	0.1810	0.0175	0.0000	0.3425	0.1025
0.5025	0.3477	0.4040	0.4175	0.3125	0.3448	0.7010	0.6900	0.6375	0.3400	0.5800	0.6800	0.3764	0.0075	0.0000	0.3550	0.1900
0.5850	0.3682	0.5300	0.4825	0.3775	0.3448	0.7010	0.6025	0.5850	0.4100	0.5800	0.5275	0.6720	0.0500	0.0000	0.3700	0.2200
0.6700	0.3455	0.6040	0.5350	0.5350	0.3448	0.7010	0.5125	0.5000	0.4400	0.5325	0.4825	0.5662	0.7675	0.0000	0.1625	0.1925
0.6550	0.3886	0.5340	0.4975	0.4700	0.3448	0.7010	0.5600	0.6100	0.3600	0.6075	0.5575	0.6640	0.7750	0.6125	0.2375	0.2325
0.6350	0.3477	0.5180	0.4600	0.4100	0.3448	0.7010	0.6175	0.5700	0.3900	0.5800	0.5575	0.6602	0.7700	0.6050	0.6500	0.2650
0.6500	0.1977	0.6540	0.5700	0.6800	0.3966	0.7010	0.4125	0.4475	0.4400	0.4525	0.4075	0.5006	0.6925	0.4550	0.4325	0.4475
