0.6925	0.2455	0.0000	0.2800	0.0000	0.1034	0.0103	0.0275	0.0975	0.1800	0.2475	0.1075	0.0029	0.2000	0.0000	0.2450	0.0175
0.6000	0.6000	0.0800	0.1525	0.0925	0.2759	0.0825	0.0800	0.0300	0.0500	0.1250	0.2575	0.0043	0.0425	0.0500	0.3125	0.0725
0.6300	0.5500	0.6980	0.1400	0.0000	0.0172	0.0103	0.2825	0.0550	0.0100	0.1525	0.2100	0.0529	0.0875	0.0425	0.1125	0.1200
0.5950	0.5341	0.7200	0.7600	0.0000	0.2241	0.0825	0.2550	0.1275	0.2500	0.2200	0.2225	0.0117	0.0975	0.1150	0.1225	0.1900
0.5525	0.5727	0.7120	0.7575	0.7775	0.2931	0.1443	0.1600	0.0200	0.2000	0.0700	0.2125	0.0021	0.0425	0.0250	0.2425	0.2000
0.6350	0.5477	0.7220	0.7500	0.7350	0.3966	0.0619	0.1450	0.0375	0.1100	0.1875	0.0825	0.0010	0.1650	0.0475	0.3000	0.2650
0.6175	0.4955	0.7600	0.7075	0.7225	0.3793	0.7010	0.0200	0.0425	0.3000	0.1925	0.0750	0.0037	0.0850	0.2700	0.1000	0.2200
0.6700	0.5318	0.7420	0.7500	0.7025	0.4310	0.7010	0.7100	0.0875	0.2300	0.1250	0.1950	0.0047	0.0850	0.1425	0.2450	0.1875
0.6350	0.5114	0.7640	0.7600	0.7275	0.4483	0.7010	0.6925	0.7175	0.2900	0.1925	0.2000	0.0091	0.0875	0.0100	0.3050	0.2300
0.6650	0.5227	0.7280	0.7500	0.7425	0.4310	0.6907	0.7075	0.7200	0.4500	0.1675	0.1425	0.0118	0.1350	0.0200	0.1400	0.1950
0.6750	0.4886	0.7200	0.7475	0.7200	0.4310	0.6907	0.7125	0.7200	0.4300	0.6700	0.1625	0.0014	0.0475	0.0450	0.0825	0.0575
0.6625	0.4909	0.6880	0.7100	0.7075	0.4138	0.7010	0.6600	0.7025	0.4400	0.6550	0.7375	0.0031	0.0550	0.0425	0.1000	0.1100
0.6125	0.4864	0.6860	0.6900	0.6850	0.4655	0.6907	0.6800	0.6475	0.4400	0.6050	0.6850	0.6986	0.0200	0.0375	0.1450	0.0550
0.6050	0.4955	0.6840	0.6925	0.7100	0.3793	0.6804	0.6925	0.7000	0.4200	0.6300	0.7225	0.6941	0.7675	0.0100	0.1350	0.1900
0.6300	0.5023	0.6740	0.7275	0.7125	0.3448	0.7010	0.6925	0.6650	0.4400	0.6300	0.6725	0.6938	0.7900	0.7300	0.1675	0.1775
0.5800	0.5000	0.6820	0.7075	0.6850	0.3621	0.6804	0.6975	0.6725	0.4300	0.6400	0.6675	0.6946	0.7725	0.7150	0.7350	0.2125
0.5725	0.4977	0.6780	0.6925	0.7175	0.3966	0.7010	0.7075	0.6700	0.4300	0.6150	0.7025	0.6852	0.7875	0.6750	0.6700	0.7375
