0.7303	2.3562	1.9935	2.1205	2.1743	2.2316	1.9811	2.0354	1.9642	2.2783	2.0174	2.0912	2.1425	2.0720	2.0340	2.0632	2.0873
2.0436	0.5848	2.1198	2.0643	2.1105	2.1303	2.0268	2.0220	1.9946	2.1472	2.0800	2.1368	2.1062	2.0902	2.1707	2.0620	2.1699
2.1083	2.4210	0.6868	2.0789	2.0733	2.2100	1.9586	2.0178	1.9704	2.2950	1.9765	1.9694	2.0199	2.2209	2.1380	1.9559	2.2399
2.0056	2.2233	2.0821	0.7059	2.0900	2.1958	1.9422	2.0646	2.0303	2.1608	2.1205	2.0435	2.0861	2.1387	2.1328	2.1218	2.2393
2.1415	2.3956	1.9514	1.8877	0.6529	2.3912	1.9657	2.0371	1.9508	2.2607	1.9712	1.8700	1.9336	2.4327	2.2636	2.1356	2.2671
1.9428	2.1858	1.9655	2.0342	2.0467	0.7220	1.9815	1.9453	2.0017	2.4424	2.1357	2.1065	2.1692	2.2636	1.9889	2.0397	2.0656
2.1342	2.0013	2.0396	2.1371	2.0969	2.1963	1.4780	2.0852	2.0517	2.0722	1.9868	2.0513	2.0780	2.1245	2.1082	2.1289	2.1076
2.0584	2.0406	2.0465	2.0115	2.1249	2.1025	1.9834	1.1326	2.0020	2.2346	2.1064	2.0771	2.1535	2.1338	2.0253	2.1014	2.1339
1.9445	2.3324	2.0931	2.1225	2.0001	2.1084	1.9670	1.9822	0.7467	2.2850	2.0600	2.0403	2.0210	2.1248	2.2339	2.0961	2.2320
2.1792	2.2425	2.0951	2.0034	2.0519	2.3151	1.9755	2.0684	2.0308	0.6902	2.1344	1.9824	2.1065	2.0623	2.1433	2.2194	2.2690
2.0487	2.5101	1.9159	2.0252	2.0434	2.0919	1.9397	2.0544	2.0456	2.2288	0.6908	2.1070	2.0825	2.2704	2.1117	2.1074	2.1625
2.0454	2.3186	1.9498	1.9895	2.1053	2.3214	2.0031	2.0770	1.8732	2.1535	1.9381	0.7668	2.0794	2.1982	2.1171	2.0062	2.0930
1.9494	2.2682	1.9970	1.9939	2.1013	2.1952	2.0208	2.0743	2.0349	2.3500	1.9213	1.9920	1.0646	2.1147	2.2430	2.1830	2.0294
1.9382	2.2229	1.9628	1.9068	2.1421	2.0826	2.0700	2.0781	1.9591	2.1924	2.0812	2.0370	1.9693	0.6562	1.8988	2.0181	2.2862
2.1134	2.2712	1.9256	2.0023	2.1804	2.1931	2.0063	2.0993	2.0022	2.4095	2.1594	2.1201	2.0958	2.1214	0.8001	1.9716	2.2457
2.1667	2.2426	1.9946	2.0668	2.1331	2.2000	1.9955	2.0465	2.1467	2.3593	2.0344	2.0782	2.0249	2.1011	2.0732	0.7037	2.2222
1.9780	2.3912	2.1060	2.1393	2.2941	2.1707	1.9525	2.0577	2.1331	2.2292	2.0918	1.9771	2.0003	2.2596	2.1502	2.1267	0.7265
