0.6660	0.0207	0.2950	0.0975	0.0225	0.0450	0.2241	0.1682	0.3025	0.0025	0.1975	0.0375	0.1200	0.2125	0.2371	0.2050	0.1625
0.2440	0.7058	0.0125	0.1600	0.0175	0.1725	0.2069	0.1523	0.2300	0.1775	0.1500	0.0575	0.0700	0.0925	0.0515	0.1275	0.0575
0.0860	0.1337	0.6925	0.2150	0.0300	0.0375	0.3276	0.1977	0.3150	0.0300	0.2850	0.2425	0.1700	0.0000	0.0103	0.3625	0.0000
0.3920	0.4399	0.1050	0.7200	0.0400	0.0050	0.3448	0.1841	0.3175	0.0225	0.0250	0.1625	0.0000	0.0000	0.0928	0.0250	0.0025
0.0080	0.4609	0.2650	0.1750	0.7500	0.0125	0.2931	0.1409	0.3475	0.0000	0.4125	0.4200	0.2100	0.0000	0.0000	0.0350	0.0250
0.4040	0.1698	0.3025	0.1850	0.0075	0.6900	0.2241	0.1795	0.1550	0.0800	0.0300	0.0275	0.0000	0.0000	0.4536	0.0450	0.1400
0.0580	0.4705	0.0875	0.2375	0.0000	0.0100	0.3793	0.1182	0.3150	0.2325	0.0875	0.2000	0.0000	0.1600	0.0000	0.0025	0.1775
0.1460	0.4154	0.0950	0.1650	0.0175	0.1625	0.2241	0.5818	0.3675	0.0075	0.0225	0.1625	0.0200	0.0075	0.3093	0.0800	0.0900
0.3620	0.1112	0.0150	0.0100	0.0825	0.0625	0.3448	0.1250	0.7000	0.1200	0.0100	0.2150	0.2600	0.0150	0.0000	0.0450	0.0025
0.0080	0.4664	0.1200	0.4850	0.0000	0.0000	0.2414	0.1500	0.0425	0.7275	0.0050	0.1500	0.0100	0.2600	0.0206	0.0350	0.0075
0.3000	0.0000	0.1850	0.0075	0.0025	0.3075	0.2931	0.1477	0.2175	0.0125	0.7175	0.0825	0.0300	0.0050	0.0103	0.0100	0.0350
0.2320	0.3699	0.1675	0.2225	0.0725	0.0000	0.1897	0.1341	0.3700	0.2350	0.1975	0.6750	0.3200	0.0250	0.0000	0.1325	0.1375
0.3280	0.0776	0.1425	0.2175	0.1800	0.0025	0.0690	0.1364	0.3825	0.0000	0.3825	0.1475	0.4500	0.0050	0.0000	0.0425	0.0100
0.4180	0.0484	0.1650	0.2400	0.0000	0.1675	0.2069	0.1432	0.2150	0.2200	0.1000	0.0500	0.3300	0.7275	0.5979	0.2550	0.0000
0.0120	0.3269	0.3750	0.1750	0.0000	0.0000	0.2069	0.1659	0.3775	0.0000	0.0025	0.0750	0.0000	0.0575	0.7010	0.3750	0.0000
0.1320	0.1930	0.2375	0.0875	0.0075	0.0075	0.1034	0.2205	0.2050	0.0025	0.1125	0.0375	0.0600	0.0300	0.0000	0.7025	0.0025
0.3220	0.0365	0.0000	0.0600	0.0000	0.1450	0.3448	0.1455	0.0225	0.2300	0.0500	0.3325	0.1300	0.0000	0.0722	0.0600	0.7000
