0.6176	0.0096	0.1024	0.0412	0.0212	0.0250	0.1009	0.0997	0.0728	0.0029	0.1054	0.0261	0.0738	0.0710	0.0664	0.0902	0.0783
-0.5282	0.6962	-0.0911	0.0362	-0.0023	0.0253	-0.0269	0.0026	0.0430	0.0541	-0.0446	0.0047	-0.0355	-0.0304	-0.0374	-0.0236	-0.0429
-0.0371	-0.6574	0.6754	0.0231	0.0190	-0.0225	0.0104	0.0383	-0.0259	-0.0277	0.0518	0.0750	0.0455	-0.0406	-0.0242	0.0667	-0.0354
0.0617	0.0578	-0.6274	0.6113	-0.0086	-0.0238	0.0442	-0.0198	0.0386	-0.0137	-0.0942	-0.0147	-0.0838	0.0000	0.0400	-0.1172	0.0029
-0.1081	-0.0255	0.0744	-0.6186	0.7157	0.0038	-0.0107	-0.0210	0.0157	-0.0156	0.2195	0.1504	0.1312	0.0000	-0.0448	0.0079	0.0222
0.1390	-0.0239	-0.0354	-0.0248	-0.7319	0.6671	0.0289	0.0468	-0.0565	0.0357	-0.2143	-0.2193	-0.1312	0.0000	0.0945	0.0109	0.0840
-0.0969	0.0521	-0.0457	0.0098	-0.0131	-0.6680	0.0895	-0.0820	0.0133	0.0283	0.0338	0.0519	0.0000	0.0491	-0.0945	-0.0323	-0.0593
0.0081	-0.0309	0.0039	-0.0003	0.0218	0.0573	-0.1305	0.5353	-0.0054	-0.0574	-0.0334	-0.0101	0.0124	-0.0426	0.0801	0.0392	0.0034
0.0706	-0.0262	-0.0353	-0.0676	0.0411	-0.0233	-0.0032	-0.5300	0.5894	0.0627	-0.0122	0.0282	0.1499	0.0059	-0.0801	-0.0014	-0.0502
-0.1214	0.0784	0.0673	0.2898	-0.0629	-0.0409	0.0292	-0.0152	-0.6505	0.6451	-0.0071	0.0269	-0.1478	0.0803	0.0178	-0.0212	0.0062
0.0724	-0.1302	0.0310	-0.2923	0.0041	0.1021	-0.0140	-0.0032	0.0787	-0.6950	0.6998	-0.0596	0.0055	-0.0877	-0.0045	-0.0067	0.0073
0.0024	0.0987	-0.0258	0.0679	0.0395	-0.1021	0.0206	0.0259	-0.0007	0.0489	-0.5773	0.5990	0.1040	0.0101	-0.0133	0.0528	0.0838
0.0365	-0.0522	-0.0258	0.1053	0.0234	0.0018	-0.0813	-0.0140	0.0719	-0.0683	0.0572	-0.5872	0.1592	-0.0099	0.0000	-0.0301	-0.0834
0.0734	-0.0235	0.0383	-0.0520	-0.0670	0.0651	0.0270	-0.0203	-0.0652	0.0643	-0.1103	-0.0337	-0.1178	0.7120	0.1557	0.0413	-0.0169
-0.1822	0.0570	0.0324	-0.0320	0.0000	-0.0669	-0.0155	0.0700	0.0178	-0.0643	-0.0709	0.0106	-0.1654	-0.6739	0.1190	0.0599	0.0000
0.0664	-0.0265	-0.0130	-0.0525	0.0095	0.0043	0.0211	-0.0315	-0.0604	0.0029	0.0499	-0.0246	0.0536	-0.0239	-0.2747	0.5491	0.0026
0.0588	-0.0354	-0.1256	-0.0028	-0.0095	0.0640	0.0142	-0.0231	-0.0627	0.0696	-0.0182	0.1201	0.0393	-0.0194	0.0394	-0.6417	0.6866
