0.4310	0.0000	0.0000	0.0000	0.0000	0.0000	0.0000	0.0000	0.0000	0.0000	0.0000	0.0000	0.0000	0.0000	0.0000	0.0000	0.0000
0.4310	0.6825	0.0000	0.0000	0.0000	0.0000	0.0000	0.0000	0.0000	0.0000	0.0000	0.0000	0.0000	0.0000	0.0000	0.0000	0.0000
0.4655	0.6775	0.7050	0.0000	0.0000	0.0000	0.0000	0.0000	0.0000	0.0000	0.0000	0.0000	0.0000	0.0000	0.0000	0.0000	0.0000
0.4483	0.6625	0.6825	0.6875	0.0000	0.0000	0.0000	0.0000	0.0000	0.0000	0.0000	0.0000	0.0000	0.0000	0.0000	0.0000	0.0000
0.4138	0.5875	0.6525	0.6650	0.2129	0.0000	0.0000	0.0000	0.0000	0.0000	0.0000	0.0000	0.0000	0.0000	0.0000	0.0000	0.0000
0.3793	0.6225	0.6850	0.6800	0.2286	0.7075	0.0000	0.0000	0.0000	0.0000	0.0000	0.0000	0.0000	0.0000	0.0000	0.0000	0.0000
0.3793	0.6625	0.6800	0.6525	0.1094	0.6650	0.7300	0.0000	0.0000	0.0000	0.0000	0.0000	0.0000	0.0000	0.0000	0.0000	0.0000
0.3621	0.6350	0.6050	0.6450	0.1741	0.7125	0.6675	0.7225	0.0000	0.0000	0.0000	0.0000	0.0000	0.0000	0.0000	0.0000	0.0000
0.3966	0.6900	0.6475	0.6625	0.1570	0.6400	0.6525	0.7225	0.6600	0.0000	0.0000	0.0000	0.0000	0.0000	0.0000	0.0000	0.0000
0.4483	0.5700	0.6150	0.6375	0.7688	0.6025	0.6200	0.6400	0.5925	0.5932	0.0000	0.0000	0.0000	0.0000	0.0000	0.0000	0.0000
0.4138	0.5575	0.5575	0.6400	0.6670	0.6150	0.6250	0.7025	0.6400	0.5659	0.6150	0.0000	0.0000	0.0000	0.0000	0.0000	0.0000
0.5000	0.5800	0.6500	0.6600	0.8273	0.6550	0.6550	0.6525	0.6475	0.5614	0.6350	0.6775	0.0000	0.0000	0.0000	0.0000	0.0000
0.3276	0.6025	0.8200	0.7275	0.4710	0.6750	0.5675	0.6625	0.6725	0.5318	0.6025	0.7125	0.7280	0.0000	0.0000	0.0000	0.0000
0.3966	0.6375	0.7750	0.7175	0.7103	0.7050	0.6425	0.6275	0.6275	0.5227	0.5900	0.6900	0.7200	0.7010	0.0000	0.0000	0.0000
0.3966	0.6350	0.7625	0.7225	0.7083	0.6750	0.6350	0.5925	0.5875	0.5045	0.5800	0.6000	0.7300	0.6804	0.4300	0.0000	0.0000
0.4138	0.6050	0.7350	0.6850	0.5607	0.6900	0.5725	0.6050	0.6525	0.5136	0.5000	0.6375	0.7500	0.6907	0.4000	0.6975	0.0000
0.3793	0.6475	0.7800	0.6950	0.6244	0.6925	0.5900	0.6200	0.6575	0.4750	0.5100	0.6500	0.7700	0.7010	0.4200	0.7075	0.7275
