1.4514	0.0000	0.0000	0.0000	0.0000	0.0000	0.0000	0.0000	0.0000	0.0000	0.0000	0.0000	0.0000	0.0000	0.0000	0.0000	0.0000
1.4548	0.7654	0.0000	0.0000	0.0000	0.0000	0.0000	0.0000	0.0000	0.0000	0.0000	0.0000	0.0000	0.0000	0.0000	0.0000	0.0000
1.4602	0.7825	0.8057	0.0000	0.0000	0.0000	0.0000	0.0000	0.0000	0.0000	0.0000	0.0000	0.0000	0.0000	0.0000	0.0000	0.0000
1.4614	0.7894	0.8111	0.8073	0.0000	0.0000	0.0000	0.0000	0.0000	0.0000	0.0000	0.0000	0.0000	0.0000	0.0000	0.0000	0.0000
1.4752	0.7999	0.8216	0.8180	0.5761	0.0000	0.0000	0.0000	0.0000	0.0000	0.0000	0.0000	0.0000	0.0000	0.0000	0.0000	0.0000
1.4832	0.8035	0.8234	0.8251	0.5766	0.8004	0.0000	0.0000	0.0000	0.0000	0.0000	0.0000	0.0000	0.0000	0.0000	0.0000	0.0000
1.4810	0.7908	0.8267	0.8122	0.5763	0.7999	0.8152	0.0000	0.0000	0.0000	0.0000	0.0000	0.0000	0.0000	0.0000	0.0000	0.0000
1.4627	0.7767	0.8229	0.8107	0.5762	0.7954	0.8099	0.7976	0.0000	0.0000	0.0000	0.0000	0.0000	0.0000	0.0000	0.0000	0.0000
1.4922	0.7630	0.8147	0.8168	0.5783	0.7998	0.8008	0.7974	0.8400	0.0000	0.0000	0.0000	0.0000	0.0000	0.0000	0.0000	0.0000
1.4977	0.8053	0.8406	0.8242	0.5777	0.8219	0.8370	0.8185	0.8586	1.2951	0.0000	0.0000	0.0000	0.0000	0.0000	0.0000	0.0000
1.5022	0.8051	0.8259	0.8238	0.5779	0.8103	0.8318	0.8097	0.8568	1.3067	0.8290	0.0000	0.0000	0.0000	0.0000	0.0000	0.0000
1.4817	0.8010	0.8368	0.8193	0.5791	0.8136	0.8314	0.8030	0.8547	1.3055	0.8255	0.8090	0.0000	0.0000	0.0000	0.0000	0.0000
1.4663	0.7491	0.7173	0.7961	0.5780	0.7686	0.7961	0.7965	0.8311	1.2907	0.8147	0.7919	0.8751	0.0000	0.0000	0.0000	0.0000
1.4712	0.7618	0.7134	0.8016	0.5767	0.7734	0.7974	0.7993	0.8388	1.2972	0.8147	0.7936	0.8925	0.7964	0.0000	0.0000	0.0000
1.5156	0.7600	0.7088	0.8021	0.5756	0.7716	0.8012	0.8010	0.8338	1.2988	0.8195	0.7973	0.8711	0.8019	1.0839	0.0000	0.0000
1.4830	0.7666	0.7165	0.8075	0.5777	0.7867	0.8008	0.8090	0.8402	1.3091	0.8195	0.7997	0.8760	0.7945	1.0924	0.7942	0.0000
1.5277	0.7713	0.7108	0.8067	0.5767	0.7743	0.7983	0.8046	0.8286	1.2991	0.8157	0.7942	0.8846	0.7945	1.0978	0.7914	0.8270
