0.2426	0.0000	0.0000	0.0000	0.0000	0.0000	0.0000	0.0000	0.0000	0.0000	0.0000	0.0000	0.0000	0.0000	0.0000	0.0000	0.0000
0.2356	0.6632	0.0000	0.0000	0.0000	0.0000	0.0000	0.0000	0.0000	0.0000	0.0000	0.0000	0.0000	0.0000	0.0000	0.0000	0.0000
0.2442	0.6489	0.6234	0.0000	0.0000	0.0000	0.0000	0.0000	0.0000	0.0000	0.0000	0.0000	0.0000	0.0000	0.0000	0.0000	0.0000
0.2608	0.6618	0.6196	0.6478	0.0000	0.0000	0.0000	0.0000	0.0000	0.0000	0.0000	0.0000	0.0000	0.0000	0.0000	0.0000	0.0000
0.1839	0.6303	0.6084	0.6583	0.6934	0.0000	0.0000	0.0000	0.0000	0.0000	0.0000	0.0000	0.0000	0.0000	0.0000	0.0000	0.0000
0.2359	0.6382	0.6110	0.6353	0.6902	0.6506	0.0000	0.0000	0.0000	0.0000	0.0000	0.0000	0.0000	0.0000	0.0000	0.0000	0.0000
0.1849	0.6645	0.6273	0.6355	0.6910	0.6426	0.6601	0.0000	0.0000	0.0000	0.0000	0.0000	0.0000	0.0000	0.0000	0.0000	0.0000
0.1681	0.6716	0.6066	0.6439	0.6917	0.6363	0.6655	0.6462	0.0000	0.0000	0.0000	0.0000	0.0000	0.0000	0.0000	0.0000	0.0000
0.2012	0.6637	0.6051	0.6441	0.6902	0.6383	0.6766	0.6469	0.5957	0.0000	0.0000	0.0000	0.0000	0.0000	0.0000	0.0000	0.0000
0.1681	0.6554	0.5886	0.6546	0.6918	0.6468	0.6368	0.6534	0.5833	0.4709	0.0000	0.0000	0.0000	0.0000	0.0000	0.0000	0.0000
0.1672	0.6375	0.6157	0.6324	0.6909	0.6414	0.6405	0.6633	0.5823	0.4599	0.6426	0.0000	0.0000	0.0000	0.0000	0.0000	0.0000
0.1810	0.6594	0.6119	0.6333	0.6916	0.6338	0.6337	0.6643	0.6014	0.4289	0.6492	0.6511	0.0000	0.0000	0.0000	0.0000	0.0000
0.1755	0.6787	0.6854	0.6510	0.6928	0.6450	0.6659	0.6604	0.5946	0.4439	0.6253	0.6399	0.5243	0.0000	0.0000	0.0000	0.0000
0.1651	0.6562	0.6977	0.6398	0.6926	0.6306	0.6756	0.6418	0.5997	0.4485	0.6338	0.6492	0.5057	0.2747	0.0000	0.0000	0.0000
0.1586	0.6553	0.7070	0.6442	0.6946	0.6572	0.6549	0.6655	0.6108	0.4464	0.6363	0.6570	0.5218	0.2747	0.2600	0.0000	0.0000
0.2097	0.6583	0.6908	0.6324	0.6925	0.6569	0.6689	0.6555	0.5736	0.4642	0.6263	0.6508	0.5238	0.2747	0.2753	0.6751	0.0000
0.1658	0.6534	0.6920	0.6272	0.6925	0.6481	0.6674	0.6575	0.6000	0.4604	0.6179	0.6359	0.4907	0.2747	0.2640	0.6575	0.6152
