0.3966	0.0000	0.0000	0.0000	0.0000	0.0000	0.0000	0.0000	0.0000	0.0000	0.0000	0.0000	0.0000	0.0000	0.0000	0.0000	0.0000
0.4138	0.6800	0.0000	0.0000	0.0000	0.0000	0.0000	0.0000	0.0000	0.0000	0.0000	0.0000	0.0000	0.0000	0.0000	0.0000	0.0000
0.3966	0.6675	0.6450	0.0000	0.0000	0.0000	0.0000	0.0000	0.0000	0.0000	0.0000	0.0000	0.0000	0.0000	0.0000	0.0000	0.0000
0.4310	0.6775	0.6400	0.6650	0.0000	0.0000	0.0000	0.0000	0.0000	0.0000	0.0000	0.0000	0.0000	0.0000	0.0000	0.0000	0.0000
0.3621	0.6500	0.6275	0.6750	0.6935	0.0000	0.0000	0.0000	0.0000	0.0000	0.0000	0.0000	0.0000	0.0000	0.0000	0.0000	0.0000
0.4138	0.6575	0.6300	0.6550	0.6903	0.6725	0.0000	0.0000	0.0000	0.0000	0.0000	0.0000	0.0000	0.0000	0.0000	0.0000	0.0000
0.3621	0.6825	0.6450	0.6525	0.6910	0.6650	0.6775	0.0000	0.0000	0.0000	0.0000	0.0000	0.0000	0.0000	0.0000	0.0000	0.0000
0.3276	0.6850	0.6275	0.6600	0.6918	0.6575	0.6850	0.6600	0.0000	0.0000	0.0000	0.0000	0.0000	0.0000	0.0000	0.0000	0.0000
0.3448	0.6850	0.6275	0.6600	0.6902	0.6600	0.6950	0.6675	0.6175	0.0000	0.0000	0.0000	0.0000	0.0000	0.0000	0.0000	0.0000
0.3276	0.6725	0.6050	0.6750	0.6919	0.6700	0.6600	0.6700	0.6075	0.4750	0.0000	0.0000	0.0000	0.0000	0.0000	0.0000	0.0000
0.3276	0.6550	0.6300	0.6500	0.6910	0.6650	0.6575	0.6775	0.6100	0.4659	0.6550	0.0000	0.0000	0.0000	0.0000	0.0000	0.0000
0.3621	0.6750	0.6300	0.6500	0.6917	0.6575	0.6525	0.6775	0.6225	0.4523	0.6625	0.6650	0.0000	0.0000	0.0000	0.0000	0.0000
0.3448	0.6975	0.7050	0.6700	0.6930	0.6700	0.6850	0.6700	0.6250	0.4455	0.6400	0.6550	0.6040	0.0000	0.0000	0.0000	0.0000
0.3276	0.6750	0.7175	0.6575	0.6927	0.6575	0.6925	0.6550	0.6275	0.4568	0.6475	0.6650	0.5940	0.7010	0.0000	0.0000	0.0000
0.3103	0.6725	0.7250	0.6625	0.6948	0.6800	0.6775	0.6750	0.6350	0.4636	0.6475	0.6675	0.6000	0.7010	0.3800	0.0000	0.0000
0.3621	0.6800	0.7075	0.6525	0.6926	0.6825	0.6800	0.6625	0.6075	0.4727	0.6400	0.6625	0.6060	0.7010	0.3900	0.6900	0.0000
0.3276	0.6725	0.7100	0.6450	0.6926	0.6700	0.6825	0.6650	0.6250	0.4682	0.6325	0.6500	0.5880	0.7010	0.3900	0.6700	0.6400
