0.1583	0.0949	0.0000	0.0188	0.0003	0.0000	0.0763	0.1290	0.2824	0.0474	0.0000	0.1827	0.2548	0.2747	0.0917	0.0216	0.0000
0.1657	0.5006	0.0000	0.1170	0.0000	0.0000	0.1844	0.1375	0.1479	0.0508	0.0000	0.1368	0.2398	0.1232	0.0905	0.0948	0.0101
0.0645	0.1844	0.4550	0.0258	0.0000	0.1691	0.1520	0.0000	0.4395	0.1077	0.0196	0.1184	0.0861	0.0000	0.0000	0.0000	0.0554
0.0247	0.2068	0.4269	0.4329	0.0000	0.0000	0.0594	0.1356	0.1830	0.1217	0.0000	0.1711	0.0998	0.0000	0.0000	0.0075	0.1844
0.0197	0.1844	0.0065	0.1719	0.3333	0.0000	0.1844	0.1827	0.1290	0.0747	0.0000	0.1827	0.0998	0.0000	0.0000	0.0000	0.1290
0.0000	0.1290	0.0000	0.1827	0.3333	0.1827	0.0000	0.1827	0.1827	0.0800	0.1827	0.1827	0.0998	0.0000	0.1692	0.0000	0.0000
0.0000	0.1844	0.0000	0.1827	0.3333	0.1844	0.1827	0.1827	0.0000	0.0747	0.0000	0.1827	0.0998	0.0000	0.2037	0.0000	0.1844
0.0000	0.1844	0.0000	0.1827	0.3333	0.1844	0.1844	0.1827	0.0000	0.0000	0.0000	0.1827	0.0998	0.0000	0.2037	0.0000	0.1290
0.0686	0.1290	0.1844	0.1827	0.3333	0.1844	0.1844	0.1827	0.1827	0.0000	0.0000	0.1827	0.0998	0.0000	0.1202	0.1827	0.0000
0.0732	0.1844	0.1827	0.1827	0.3333	0.1844	0.1844	0.1827	0.1827	0.0741	0.0000	0.1827	0.0000	0.1232	0.1202	0.0000	0.0000
0.1026	0.1290	0.0000	0.1827	0.0000	0.1844	0.0000	0.1290	0.1844	0.0741	0.1844	0.1827	0.1959	0.2747	0.1202	0.0000	0.0000
0.0732	0.1290	0.1827	0.1827	0.3333	0.0000	0.1827	0.1290	0.1290	0.0741	0.1844	0.1827	0.1959	0.2747	0.1202	0.0000	0.0000
0.0732	0.1827	0.0000	0.0000	0.0000	0.0000	0.0000	0.0000	0.0000	0.0000	0.0000	0.1844	0.1932	0.0449	0.0000	0.1844	0.0000
0.0732	0.1827	0.0000	0.0000	0.0000	0.0000	0.0000	0.0000	0.0000	0.0747	0.0000	0.1844	0.1932	0.2747	0.0000	0.1844	0.0000
0.0588	0.0000	0.0000	0.0000	0.0000	0.0000	0.0000	0.0000	0.0000	0.0741	0.1827	0.1844	0.1959	0.2747	0.1692	0.1844	0.0000
0.0732	0.1827	0.0000	0.0000	0.0000	0.0000	0.1290	0.0000	0.0000	0.0515	0.0000	0.1844	0.1932	0.0449	0.1692	0.1844	0.0000
0.0588	0.0000	0.0000	0.0000	0.0000	0.0000	0.0000	0.0000	0.0000	0.0515	0.0000	0.1844	0.1959	0.2747	0.1692	0.1844	0.1827
