1.3612	0.0000	0.0000	0.0000	0.0000	0.0000	0.0000	0.0000	0.0000	0.0000	0.0000	0.0000	0.0000	0.0000	0.0000	0.0000	0.0000
1.3763	0.7467	0.0000	0.0000	0.0000	0.0000	0.0000	0.0000	0.0000	0.0000	0.0000	0.0000	0.0000	0.0000	0.0000	0.0000	0.0000
1.4169	0.7558	0.7187	0.0000	0.0000	0.0000	0.0000	0.0000	0.0000	0.0000	0.0000	0.0000	0.0000	0.0000	0.0000	0.0000	0.0000
1.4112	0.8121	0.7578	0.7272	0.0000	0.0000	0.0000	0.0000	0.0000	0.0000	0.0000	0.0000	0.0000	0.0000	0.0000	0.0000	0.0000
1.4894	1.2313	1.0307	1.0117	1.2341	0.0000	0.0000	0.0000	0.0000	0.0000	0.0000	0.0000	0.0000	0.0000	0.0000	0.0000	0.0000
1.5075	0.9430	0.8118	0.8087	1.4878	0.6761	0.0000	0.0000	0.0000	0.0000	0.0000	0.0000	0.0000	0.0000	0.0000	0.0000	0.0000
1.5615	0.9296	0.8103	0.8183	1.8830	0.6965	0.7129	0.0000	0.0000	0.0000	0.0000	0.0000	0.0000	0.0000	0.0000	0.0000	0.0000
1.5334	0.9636	0.9311	0.8062	1.6077	0.7038	0.7946	0.6884	0.0000	0.0000	0.0000	0.0000	0.0000	0.0000	0.0000	0.0000	0.0000
1.5342	0.8884	0.8657	0.7790	1.7075	0.7649	0.8680	0.7073	0.7769	0.0000	0.0000	0.0000	0.0000	0.0000	0.0000	0.0000	0.0000
1.4284	1.3196	1.1669	1.1526	0.5219	1.0654	1.0582	0.9556	1.1279	1.1402	0.0000	0.0000	0.0000	0.0000	0.0000	0.0000	0.0000
1.4011	1.0447	0.9557	0.9128	0.6042	0.8816	0.8841	0.7882	0.9138	1.2543	0.8100	0.0000	0.0000	0.0000	0.0000	0.0000	0.0000
1.4258	1.1023	0.9065	0.9498	0.4651	1.0063	0.9394	0.8744	0.9892	1.2378	0.8793	0.7404	0.0000	0.0000	0.0000	0.0000	0.0000
1.5749	1.1855	0.7294	0.9813	0.7867	1.0826	1.1570	1.0946	1.0849	1.2984	1.0263	0.7945	0.6868	0.0000	0.0000	0.0000	0.0000
1.5138	1.0673	0.6938	0.9222	0.5750	0.9306	1.0721	1.1107	1.0213	1.3256	0.9859	0.7808	0.7340	0.7989	0.0000	0.0000	0.0000
1.5007	1.0699	0.7280	0.9425	0.5771	1.0254	1.1177	1.1195	1.0403	1.2818	1.0682	0.9041	0.7179	0.8388	1.1050	0.0000	0.0000
1.4879	1.0853	0.7205	0.9382	0.7021	0.9514	1.1029	1.0486	0.9551	1.4437	1.1388	0.8515	0.7059	0.8084	1.1230	0.6827	0.0000
1.4798	0.9926	0.6582	0.8391	0.6415	0.9650	1.0798	1.0224	0.9018	1.3878	1.1057	0.8346	0.6639	0.8045	1.1746	0.7150	0.6989
