0.8952	0.0236	0.0031	0.1531	0.0950	0.1045	0.0291	0.0912	0.0522	0.4539	0.0320	0.1033	0.0000	0.0586	0.0210	0.0111	0.2170
0.0979	0.7287	0.0262	0.0022	0.0000	0.1177	0.0588	0.0000	0.1892	0.1308	0.1233	0.1108	0.0000	0.0185	0.0000	0.0655	0.0051
0.0000	0.0000	0.7330	0.0022	0.1386	0.0055	0.0791	0.0692	0.0000	0.0080	0.0029	0.0659	0.0585	0.0000	0.0921	0.1290	0.0248
0.0000	0.1351	0.0000	0.7611	0.0138	0.1290	0.0797	0.1145	0.0098	0.0479	0.1485	0.0142	0.0417	0.0706	0.0000	0.0948	0.1394
0.0038	0.0000	0.0721	0.0000	0.6771	0.1141	0.0345	0.0085	0.0093	0.1435	0.0000	0.1061	0.0504	0.1242	0.0449	0.0000	0.0795
0.0370	0.0518	0.0699	0.1519	0.0971	0.8538	0.0375	0.1044	0.0831	0.0000	0.0044	0.0535	0.0000	0.0392	0.0293	0.2379	0.1049
0.0000	0.0003	0.1362	0.0000	0.0026	0.0000	0.2449	0.0000	0.1379	0.0652	0.0610	0.0064	0.0000	0.0000	0.0000	0.0155	0.1693
0.0540	0.0017	0.0495	0.0455	0.0041	0.0602	0.0947	0.7045	0.1105	0.0369	0.0000	0.0410	0.1289	0.0279	0.0000	0.0673	0.0807
0.0000	0.0075	0.0364	0.0000	0.1414	0.0278	0.0790	0.1425	0.4888	0.0878	0.0951	0.1322	0.0172	0.0000	0.0000	0.0313	0.0000
0.1719	0.1655	0.0000	0.0062	0.1263	0.0077	0.0686	0.0044	0.1468	0.7731	0.0565	0.1577	0.0375	0.0082	0.0000	0.1903	0.1165
0.0014	0.0252	0.0105	0.1069	0.0352	0.0553	0.0669	0.0455	0.0767	0.0000	0.7557	0.0375	0.1440	0.2301	0.0071	0.1931	0.0923
0.0130	0.1572	0.0862	0.0000	0.0154	0.0231	0.0878	0.1137	0.1737	0.0000	0.0829	0.7089	0.0000	0.0790	0.0368	0.1200	0.0039
0.0410	0.0452	0.0000	0.1373	0.0000	0.1458	0.0000	0.0215	0.0816	0.0935	0.0025	0.0026	0.3325	0.1383	0.0121	0.0026	0.0581
0.0818	0.0285	0.0075	0.1495	0.1196	0.0000	0.0741	0.1512	0.2077	0.0308	0.0769	0.0000	0.0600	0.6694	0.0000	0.1603	0.1947
0.0016	0.0163	0.0967	0.1121	0.0000	0.0335	0.0000	0.0341	0.0000	0.0000	0.0172	0.0180	0.0909	0.0798	0.3751	0.1357	0.0000
0.0000	0.0376	0.0525	0.0107	0.0384	0.1010	0.0208	0.1061	0.1067	0.0000	0.0000	0.0709	0.0850	0.1573	0.0000	0.7414	0.0024
0.1399	0.1349	0.1586	0.2560	0.0545	0.1367	0.0568	0.1491	0.0000	0.0398	0.0209	0.0092	0.0194	0.0000	0.0000	0.0281	0.7636
