0.2769	2.0915	2.3545	2.2391	2.0169	2.0535	2.1991	2.1444	2.0643	1.7359	2.0876	2.1226	2.1881	2.0960	2.1497	2.0820	1.9504
2.0696	0.5391	2.3777	2.1368	2.4339	2.2438	2.0370	2.2588	1.9928	1.9144	2.0624	2.0198	2.1454	2.2049	2.2855	2.0472	2.0935
2.2134	2.4459	0.6974	2.1350	2.0892	2.2455	2.0468	1.9915	2.1851	2.5416	2.2660	2.1178	2.1608	2.1973	1.9853	2.1443	1.8988
2.2757	1.8985	2.0401	0.6401	2.3706	1.9794	2.0806	2.0578	2.1549	2.2044	2.0108	2.2746	2.1553	2.0130	2.1887	1.9061	2.0227
2.0892	2.2818	1.9991	2.5086	0.8438	1.9808	2.1113	2.1636	1.9368	2.1266	2.3737	2.0814	2.3369	2.0131	2.5281	2.0711	2.0589
2.1049	2.1256	2.0582	1.8407	1.8844	0.4646	2.1659	2.0804	1.9689	2.3141	2.1795	2.1984	2.0582	2.1193	2.0576	1.8959	1.9625
2.3280	2.0273	1.9800	2.2793	2.1278	2.1756	1.4516	2.1774	1.9208	2.0990	2.1494	2.2521	2.3180	1.9929	2.1396	2.1200	1.9327
2.2068	2.1320	2.1646	2.2753	2.2634	2.1963	2.0653	0.8082	1.9942	2.3021	2.3579	2.0473	2.1185	2.0990	2.3172	2.1770	2.0308
2.1834	2.1914	2.1613	2.4194	1.8616	2.1094	1.9878	1.9282	0.9421	2.1995	2.3573	2.1544	2.1377	2.2764	2.4750	2.0812	2.2668
1.8036	1.8081	2.3783	2.3906	1.8987	2.2065	2.0686	2.1991	2.0833	0.6450	2.2112	2.0293	2.2123	2.1276	2.2800	1.9989	2.0705
2.2067	2.0336	2.2871	2.1067	2.0796	2.3650	2.0838	2.1228	2.0408	2.2246	0.6462	2.5772	2.1671	1.8143	2.0356	1.8085	1.9601
2.0773	1.9392	2.1269	2.2962	2.2588	2.1272	2.1094	1.9802	2.0740	2.1846	2.2408	0.8129	2.2087	2.0342	2.1466	2.0546	2.4285
2.2034	1.9078	2.2259	1.9224	2.3739	1.9440	2.2839	2.0979	2.0648	2.2022	2.0644	2.1121	1.1729	1.9631	2.0791	2.0780	2.1479
2.1894	2.2528	2.3087	2.1043	1.9808	2.3488	2.0964	2.0832	1.8585	2.1095	2.1177	2.3011	2.2885	0.7292	2.2401	1.9645	1.9197
2.0549	2.2020	2.0934	2.1323	2.2391	2.1604	2.2944	2.1903	2.3362	2.3838	2.1488	2.0681	2.1250	2.0078	0.8050	2.0067	2.0707
2.2660	2.1612	2.2118	2.0265	2.1968	2.1008	2.2222	2.0611	1.9926	2.0894	2.1552	2.3732	2.2771	1.8518	2.1634	0.6577	2.1762
1.9802	1.9358	2.1248	1.9575	2.0915	2.0675	2.3327	1.9514	2.3443	2.1996	2.4177	2.4931	1.9944	2.1181	2.2762	2.0802	0.8650
