0.9180	0.0635	0.0025	0.2450	0.2550	0.3475	0.0517	0.1977	0.0850	0.5150	0.0600	0.1800	0.0000	0.1050	0.0309	0.0175	0.4150
0.2260	0.7296	0.0250	0.0025	0.0000	0.3650	0.1724	0.0000	0.3850	0.2225	0.3375	0.3775	0.0000	0.0150	0.0000	0.1150	0.0050
0.0000	0.0000	0.7525	0.0025	0.3825	0.0050	0.2414	0.1341	0.0000	0.0150	0.0025	0.1150	0.0600	0.0000	0.2990	0.2400	0.0250
0.0000	0.4968	0.0000	0.7775	0.0100	0.2400	0.1724	0.1727	0.0100	0.0900	0.3550	0.0150	0.0700	0.2175	0.0000	0.1675	0.3300
0.0040	0.0000	0.1600	0.0000	0.6875	0.2725	0.0517	0.0045	0.0075	0.2425	0.0000	0.1600	0.1300	0.3000	0.0722	0.0000	0.1325
0.0520	0.1069	0.1950	0.3675	0.3575	0.8625	0.0517	0.2523	0.1200	0.0000	0.0050	0.1150	0.0000	0.0600	0.0619	0.4375	0.1825
0.0000	0.0002	0.3750	0.0000	0.0025	0.0000	0.4828	0.0000	0.3800	0.1750	0.0900	0.0075	0.0000	0.0000	0.0000	0.0300	0.4200
0.2200	0.0030	0.0675	0.0575	0.0025	0.0500	0.1897	0.6955	0.1925	0.0775	0.0000	0.0625	0.2400	0.0375	0.0000	0.1075	0.1550
0.0000	0.0118	0.0425	0.0000	0.2650	0.0225	0.1897	0.1932	0.5400	0.1150	0.2350	0.1925	0.0100	0.0000	0.0000	0.0350	0.0000
0.4240	0.4707	0.0000	0.0050	0.3275	0.0100	0.2069	0.0045	0.3700	0.7775	0.0850	0.2875	0.0300	0.0075	0.0000	0.1750	0.3525
0.0020	0.0353	0.0175	0.2900	0.1000	0.0600	0.1552	0.1409	0.1225	0.0000	0.7675	0.0500	0.3300	0.3900	0.0103	0.3150	0.2575
0.0180	0.4165	0.1225	0.0000	0.0275	0.0375	0.2241	0.2045	0.3500	0.0000	0.1350	0.7275	0.0000	0.1475	0.0722	0.1550	0.0050
0.0820	0.0721	0.0000	0.3775	0.0000	0.2725	0.0000	0.0182	0.0750	0.2225	0.0025	0.0025	0.3700	0.3775	0.0309	0.0025	0.0375
0.2680	0.0419	0.0100	0.3550	0.1725	0.0000	0.2759	0.2295	0.3525	0.0500	0.1950	0.0000	0.0300	0.6750	0.0000	0.2550	0.3900
0.0020	0.0173	0.2375	0.3775	0.0000	0.0450	0.0000	0.0227	0.0000	0.0000	0.0175	0.0150	0.2200	0.2200	0.6907	0.1825	0.0000
0.0000	0.0718	0.0500	0.0100	0.0725	0.2075	0.0345	0.2318	0.3725	0.0000	0.0000	0.1575	0.1700	0.3625	0.0000	0.7500	0.0025
0.3660	0.4513	0.2800	0.3975	0.1425	0.1925	0.0690	0.2477	0.0000	0.0600	0.0425	0.0075	0.0200	0.0000	0.0000	0.0425	0.7675
