0.6672	0.0000	0.2295	0.0901	0.0493	0.1038	0.0000	0.1844	0.1313	0.0000	0.1248	0.0884	0.0013	0.1363	0.0000	0.0563	0.0000
-0.1264	0.5300	-0.0363	-0.0685	-0.0493	-0.0277	0.0242	-0.0519	-0.1313	0.0000	-0.1248	0.0951	0.1239	-0.0132	0.0000	-0.0467	0.0000
-0.1235	-0.0456	0.5363	0.0586	0.0000	0.0052	0.0195	0.0156	0.0090	0.0000	0.0000	-0.1364	-0.0757	-0.1179	0.0000	0.0228	0.0000
0.0360	-0.1037	-0.0665	0.6491	0.0033	0.0163	-0.0216	-0.0487	0.0481	0.0000	0.0260	-0.0273	0.0408	-0.0052	0.0000	0.0542	0.0064
0.0852	-0.1002	-0.1695	-0.0740	0.6893	-0.0544	-0.0221	0.0331	0.0338	0.0431	0.0595	-0.0198	-0.0631	0.0776	0.0187	0.0355	0.0174
0.1263	-0.0688	0.1753	-0.0872	-0.0598	0.1556	0.0222	-0.0630	0.0102	-0.0431	0.0065	0.0000	-0.0182	0.0557	-0.0081	0.0131	-0.0025
-0.0593	-0.0211	-0.4169	-0.2132	-0.4432	-0.0061	0.2525	-0.0609	0.0816	0.0000	0.1128	0.0000	0.3243	-0.1333	-0.0106	0.0035	-0.0191
0.0002	0.0845	0.2984	0.1073	0.2457	-0.0901	0.0000	0.6598	-0.1022	0.0000	0.0129	0.0000	-0.1327	0.1338	0.0000	-0.1170	0.0043
-0.1162	-0.0172	-0.0804	-0.0664	-0.1292	0.0013	0.0000	-0.0099	0.5556	0.0000	-0.0563	0.0000	-0.0533	-0.0597	0.0000	0.1298	-0.0044
0.0005	0.0429	-0.0171	0.0397	0.0084	0.0278	0.0000	-0.0503	-0.0627	0.2846	0.0088	0.0000	0.0368	-0.0098	0.0000	0.0289	0.0192
-0.0089	-0.0835	-0.0005	0.0084	0.0542	-0.0278	0.0000	0.0248	0.0229	-0.0407	0.4242	0.0000	-0.0800	-0.0523	0.0000	0.0025	0.0364
-0.1283	-0.0353	-0.0994	-0.0737	-0.0973	-0.0013	0.0000	0.0465	0.0363	-0.0618	-0.0124	0.6775	0.0471	-0.0064	0.0000	0.0112	0.0270
0.2060	0.1125	0.1311	0.0537	0.0870	0.0000	0.0000	-0.1642	-0.0975	0.0415	-0.0350	-0.2264	0.5207	0.0209	0.0000	0.0396	0.0034
0.0945	-0.0249	0.0904	0.0811	0.1836	0.0013	0.0000	-0.0824	-0.0941	-0.0023	-0.0494	-0.0422	-0.1888	0.7285	0.0000	-0.1321	-0.0071
-0.0004	-0.0170	-0.0586	-0.0228	-0.0725	-0.0013	0.0000	0.0826	0.1541	0.0462	0.1055	0.1189	0.1801	0.0150	0.5992	0.0466	0.0073
-0.0207	-0.0394	-0.0350	-0.0685	-0.0834	0.0013	0.0000	0.0588	-0.0466	0.0167	-0.0303	-0.0050	-0.0057	0.0029	-0.0097	0.4984	0.0009
-0.0103	-0.1125	0.0861	0.1330	0.2875	0.0986	0.0000	-0.3115	-0.2085	-0.0791	-0.2103	-0.2611	-0.3222	-0.1223	-0.2217	-0.3242	0.2710
