0.9091	2.4237	1.9624	2.4461	2.2140	2.1427	2.4259	1.9604	2.1114	2.6208	2.0982	2.3798	2.4286	2.1734	2.4616	2.1885	2.3765
0.9770	1.1756	1.7565	2.1248	2.3235	2.0085	2.1159	1.7676	2.1503	2.5791	2.5443	1.9949	2.0153	2.0161	2.2986	2.3117	2.2417
1.0943	1.2226	0.7127	2.0472	2.4054	2.0943	2.2730	1.7456	2.1250	2.4061	2.4422	2.0511	2.0749	2.0014	2.3970	2.2428	2.2456
1.1133	1.4112	1.1275	0.6561	2.3088	2.1313	2.2599	1.8881	2.1112	2.2653	2.2908	2.0444	1.9382	2.0908	2.3066	2.0684	2.2303
0.9820	1.6376	1.7407	0.7846	0.7023	2.1440	2.3415	1.9184	2.1610	2.0964	1.9477	2.1440	2.0740	1.9654	2.2482	1.9860	2.2153
0.8129	1.5233	1.0988	1.0599	0.8649	1.5375	2.2256	1.9921	2.1015	2.2160	1.8446	2.1467	2.2194	1.9241	2.2496	1.8737	2.2081
0.9413	1.9347	3.0836	1.3562	2.5038	1.5564	0.7962	2.1417	2.0001	2.4697	1.9584	1.8893	2.2054	2.2339	2.2011	1.8267	2.2261
0.9365	1.6709	1.6572	1.2609	1.4769	1.5915	0.7985	0.7801	2.0468	2.5600	1.8974	1.9923	2.1930	2.0186	2.3032	1.9971	2.2243
1.1192	1.7579	2.1141	1.6750	1.7639	1.5812	0.8022	0.8035	0.8336	2.4902	1.8180	2.0160	2.2027	2.0541	2.3175	1.9552	2.2143
1.1266	1.7598	2.3498	1.5686	1.6432	1.5553	0.8016	0.8518	0.8323	1.0796	1.8075	2.0409	2.1633	2.0176	2.2683	1.8517	2.2059
1.1731	1.8024	2.4381	1.5796	1.5285	1.5805	0.8028	0.8398	0.8383	1.0823	0.8481	2.0239	2.1919	2.0848	2.2852	1.9113	2.1973
1.2955	1.9215	2.8904	1.6444	1.9339	1.6196	0.8011	0.7864	0.8955	1.0980	0.9351	0.7859	2.1935	2.1921	2.2867	1.9879	2.1912
1.0480	1.8258	2.3684	1.5991	1.3730	1.5355	0.8012	0.9079	0.8750	1.0766	0.8985	0.9956	0.6098	2.0577	2.2450	1.8275	2.1744
0.8797	1.7220	1.6795	1.2763	0.9930	1.5334	0.8029	1.0213	0.9672	1.0755	0.9503	1.1184	0.8257	0.6122	2.2826	1.8866	2.1869
0.9198	1.8393	1.9877	1.2958	1.2513	1.5827	0.8012	0.9022	0.8325	1.0793	0.8510	0.9330	0.6217	0.6241	0.8434	1.9383	2.1793
0.9268	1.9510	2.1536	1.5716	1.5093	1.5488	0.8012	0.8847	0.8499	1.0785	0.8583	0.9427	0.6249	0.6304	0.8449	0.7898	2.1644
0.8843	2.6451	1.2220	1.1949	0.7955	1.4891	0.8101	1.2690	1.2528	1.0844	1.2886	1.4216	1.4165	0.8628	1.2446	1.4268	0.9955
