0.7000	0.1705	0.0320	0.2225	0.1875	0.2241	0.0103	0.0825	0.0350	0.2200	0.3825	0.0650	0.0000	0.3375	0.0225	0.2725	0.0375
0.1725	0.6000	0.1900	0.0300	0.2350	0.2414	0.0206	0.0125	0.1525	0.3400	0.2175	0.1675	0.2588	0.1425	0.1150	0.2225	0.0750
0.1150	0.0795	0.7080	0.0225	0.1575	0.2241	0.0206	0.2025	0.0500	0.2700	0.3675	0.0275	0.0688	0.2100	0.0900	0.2400	0.0050
0.0575	0.1159	0.0000	0.7425	0.0825	0.2069	0.0000	0.3300	0.0075	0.2700	0.3000	0.0050	0.1690	0.0725	0.0250	0.2575	0.0000
0.1100	0.1932	0.2760	0.2075	0.7250	0.1724	0.0000	0.1950	0.0000	0.0800	0.3700	0.0825	0.0051	0.2100	0.0950	0.1925	0.0875
0.2550	0.1591	0.2740	0.0075	0.2875	0.4483	0.0000	0.1900	0.0000	0.2500	0.0950	0.0025	0.1549	0.3075	0.0625	0.2175	0.0225
0.0325	0.1455	0.0240	0.1175	0.1625	0.2069	0.7010	0.2825	0.0000	0.1700	0.3800	0.0100	0.0179	0.1125	0.0100	0.2725	0.0000
0.0000	0.0727	0.3240	0.0100	0.0650	0.0862	0.0000	0.7025	0.0025	0.2100	0.3725	0.0000	0.3497	0.2200	0.0050	0.0625	0.0425
0.3400	0.0841	0.2320	0.3575	0.0500	0.2069	0.0000	0.2100	0.6875	0.0200	0.2875	0.2275	0.0018	0.2325	0.0125	0.1400	0.0025
0.0025	0.0636	0.2020	0.0400	0.0100	0.2414	0.0000	0.3375	0.0000	0.3600	0.0000	0.0525	0.0044	0.0675	0.0000	0.0950	0.2400
0.0000	0.1545	0.1560	0.2175	0.1300	0.2069	0.0412	0.3725	0.0050	0.1200	0.7150	0.0350	0.1085	0.2175	0.0025	0.2475	0.0775
0.0100	0.2295	0.0000	0.0350	0.2325	0.0000	0.0000	0.2225	0.0000	0.0400	0.3625	0.6925	0.0016	0.3175	0.0350	0.2100	0.0350
0.0000	0.1727	0.1960	0.0400	0.2475	0.0345	0.0000	0.0000	0.0300	0.3200	0.2375	0.1850	0.7050	0.1300	0.1950	0.0125	0.0075
0.0025	0.1909	0.1740	0.1025	0.0325	0.2069	0.0000	0.0950	0.0050	0.2200	0.3900	0.3675	0.0019	0.7000	0.0250	0.2575	0.0000
0.0000	0.1432	0.2700	0.0850	0.0000	0.2069	0.0103	0.0400	0.0025	0.2900	0.0275	0.1700	0.0198	0.1525	0.7550	0.2275	0.0000
0.0050	0.0545	0.1020	0.0050	0.3425	0.2414	0.0000	0.2400	0.0050	0.2200	0.3325	0.1250	0.0000	0.3800	0.0025	0.7050	0.0025
0.0275	0.1636	0.1060	0.2250	0.2125	0.2069	0.0000	0.0500	0.0125	0.2900	0.3825	0.0550	0.0007	0.0000	0.0800	0.1775	0.7225
