0.6894	0.0643	0.0320	0.0951	0.0817	0.0732	0.0095	0.0782	0.0199	0.1202	0.1889	0.0277	0.0000	0.0938	0.0169	0.1985	0.0469
-0.6295	0.5515	0.0395	-0.0761	0.0003	0.0658	0.0143	-0.0706	0.0534	0.0190	-0.0884	0.0448	0.0658	-0.0247	0.0326	-0.1167	0.0007
-0.0009	-0.5474	0.5757	-0.0026	0.0188	-0.0407	-0.0023	0.0761	-0.0436	0.0080	0.0527	-0.0538	-0.0383	0.0376	-0.0099	0.0086	-0.0432
-0.0228	-0.0002	-0.6472	0.7149	-0.0289	-0.0297	-0.0215	0.0680	-0.0248	-0.0015	-0.0064	-0.0129	0.0233	-0.0772	-0.0177	0.0163	-0.0044
0.0059	0.0449	0.0888	-0.6642	0.6405	-0.0063	0.0000	-0.0511	-0.0049	-0.0629	-0.0169	0.0784	-0.0479	0.0464	0.0282	0.0021	0.0391
0.0326	-0.0050	0.0262	-0.0595	-0.6217	0.2207	0.0000	-0.0336	0.0000	0.1035	-0.0795	-0.0823	0.0632	0.0125	-0.0174	-0.0134	-0.0178
-0.0443	-0.0657	-0.0939	0.0677	0.0112	-0.2144	0.2747	0.0988	0.0000	-0.0739	0.0885	0.0087	-0.0494	-0.0324	-0.0145	0.0584	-0.0213
-0.0304	0.0186	0.0907	-0.0620	-0.0392	-0.0181	-0.2747	0.5296	0.0018	-0.0400	0.0113	-0.0106	0.0674	0.0080	-0.0146	-0.1023	0.0199
0.0920	0.0010	-0.0494	0.1184	-0.0120	0.0181	0.0000	-0.5602	0.6793	-0.0540	-0.0027	0.0936	-0.0831	0.0153	0.0096	0.0361	-0.0174
-0.0902	-0.0129	-0.0001	-0.0972	-0.0365	0.0365	0.0000	-0.0372	-0.6811	0.2525	-0.1475	-0.0377	0.0012	-0.0347	-0.0132	-0.0255	0.1265
-0.0018	0.0342	0.0115	0.0798	0.0643	-0.0183	0.0421	0.0379	0.0036	-0.2013	0.7048	-0.0372	0.0482	0.0359	0.0022	0.0743	-0.0911
0.0071	-0.0025	-0.0738	-0.0773	0.0365	-0.0868	-0.0421	-0.0437	-0.0036	-0.0193	-0.5236	0.6604	-0.0493	0.0527	0.0356	-0.0600	-0.0168
-0.0071	-0.0230	0.0636	-0.0155	0.0082	0.0175	0.0000	-0.0922	0.0219	0.0505	-0.0525	-0.6119	0.7038	-0.0527	0.0314	-0.0654	-0.0132
0.0018	0.0449	0.0400	0.0203	-0.0966	0.0511	0.0000	0.0541	-0.0177	-0.0099	0.0897	0.0504	-0.7036	0.6071	-0.0538	0.0804	-0.0079
-0.0018	-0.0218	-0.0185	-0.0043	-0.0266	-0.0106	0.0139	-0.0121	-0.0003	0.1761	-0.1893	-0.0521	0.0092	-0.5884	0.7349	0.0201	0.0000
0.0036	-0.0470	-0.0320	-0.0315	0.0875	0.0785	-0.0139	0.0510	0.0016	-0.1932	0.0831	-0.0293	-0.0105	0.0390	-0.7487	0.5912	0.0022
0.0213	0.0483	0.0050	0.0931	0.0017	-0.0170	0.0000	-0.0553	0.0056	0.1716	0.0722	-0.0113	0.0004	-0.1382	0.0430	-0.5857	0.7037
