0.7509	2.0757	2.1054	1.9838	2.0137	2.0596	2.3511	2.0740	2.1386	1.9322	1.8251	2.1540	2.3210	2.0433	2.0648	1.9653	2.3858
2.1783	1.1171	2.0619	2.1486	1.9568	2.0603	2.1694	2.1273	2.0683	2.0114	2.0316	2.0800	2.0187	2.0862	2.1059	2.0706	2.1687
2.0576	2.1352	0.7957	2.2653	1.9888	2.0299	2.2843	2.0304	2.1656	1.9609	1.9032	2.2410	2.1290	1.9953	2.2109	1.9601	2.3971
2.1259	2.1470	2.2100	0.6731	2.1057	2.1349	2.1403	2.0801	2.1909	1.9509	1.9588	2.2473	2.1667	2.1346	2.1246	2.0052	2.3187
2.1154	2.0576	2.0097	2.0372	0.7005	2.0335	2.2970	2.0367	2.2072	1.9584	1.8956	2.1344	2.1534	2.1080	2.1427	1.9444	2.3328
2.0968	2.0107	2.0034	2.1821	1.9451	1.4096	2.3223	2.0681	2.1898	1.8731	2.1114	2.2319	2.0193	2.0555	2.1532	1.9581	2.3229
1.9385	2.0553	2.1125	2.0260	1.9599	2.0808	0.7770	1.9207	2.3732	2.0329	1.8860	2.3296	1.9927	2.1048	2.0246	1.9177	2.5653
2.2743	2.1462	2.0269	2.1462	2.0207	2.1149	2.3273	0.7555	2.3134	2.0243	1.8942	2.2420	2.0508	2.1258	2.1477	2.0016	2.3469
2.0992	2.0806	2.1168	1.9736	2.0035	2.0011	2.2937	1.9584	0.7010	2.1216	1.9507	2.1531	2.2976	2.0806	2.1640	2.0223	2.3544
2.1513	2.0847	2.1046	2.0525	2.0962	2.0208	2.4590	2.0658	2.3682	1.1272	2.1826	2.3118	2.1676	2.0595	2.1419	2.0335	2.1731
2.1596	2.0535	2.0663	1.9416	2.0779	2.0532	2.4669	2.0557	2.2112	2.0644	0.6872	2.1626	2.0655	2.0452	2.1580	1.9118	2.3567
2.2143	2.0271	2.2987	2.0835	2.1388	2.1054	2.3190	2.0356	2.2770	2.0099	1.7854	0.7280	2.1059	2.0511	2.1677	2.0155	2.4321
2.2769	2.0599	2.0799	2.1990	1.9721	2.2242	2.1496	2.1513	2.1037	2.0517	1.9748	2.1085	0.5861	2.0982	2.0851	2.0886	2.2012
2.2706	2.0314	1.9804	2.2370	2.0713	2.0860	2.1395	2.1039	2.3658	2.1563	1.8533	2.0866	2.0738	0.7406	2.0917	1.9719	2.4072
2.3516	2.1014	2.0858	2.0891	2.1435	2.1298	2.1479	1.9909	2.2446	1.8667	1.9405	2.1991	2.2794	2.0860	0.6517	1.9193	2.6676
2.1109	2.1611	2.1223	2.2220	2.1167	2.0604	2.2648	2.1285	2.3371	1.9490	1.9667	2.1779	2.3205	2.1472	2.1406	0.7254	2.1975
2.2216	2.1116	2.1070	2.0172	2.0314	2.0336	2.3568	2.0851	2.2963	1.8817	1.9207	2.1945	2.3181	2.1542	2.1191	1.8684	0.7017
