0.6894	0.0643	0.0320	0.0951	0.0817	0.0732	0.0095	0.0782	0.0199	0.1202	0.1889	0.0277	0.0000	0.0938	0.0169	0.1985	0.0469
0.0599	0.6158	0.0715	0.0190	0.0820	0.1390	0.0238	0.0076	0.0733	0.1392	0.1005	0.0725	0.0658	0.0691	0.0495	0.0818	0.0476
0.0590	0.0684	0.6472	0.0164	0.1008	0.0983	0.0215	0.0837	0.0297	0.1472	0.1532	0.0187	0.0275	0.1067	0.0396	0.0904	0.0044
0.0362	0.0682	0.0000	0.7313	0.0719	0.0686	0.0000	0.1517	0.0049	0.1457	0.1468	0.0058	0.0508	0.0295	0.0219	0.1067	0.0000
0.0421	0.1131	0.0888	0.0671	0.7124	0.0623	0.0000	0.1006	0.0000	0.0828	0.1299	0.0842	0.0029	0.0759	0.0501	0.1088	0.0391
0.0747	0.1081	0.1150	0.0076	0.0907	0.2830	0.0000	0.0670	0.0000	0.1863	0.0504	0.0019	0.0661	0.0884	0.0327	0.0954	0.0213
0.0304	0.0424	0.0211	0.0753	0.1019	0.0686	0.2747	0.1658	0.0000	0.1124	0.1389	0.0106	0.0167	0.0560	0.0182	0.1538	0.0000
0.0000	0.0610	0.1118	0.0133	0.0627	0.0505	0.0000	0.6954	0.0018	0.0724	0.1502	0.0000	0.0841	0.0640	0.0036	0.0515	0.0199
0.0920	0.0620	0.0624	0.1317	0.0507	0.0686	0.0000	0.1352	0.6811	0.0184	0.1475	0.0936	0.0010	0.0793	0.0132	0.0876	0.0025
0.0018	0.0491	0.0623	0.0345	0.0142	0.1051	0.0000	0.0980	0.0000	0.2709	0.0000	0.0559	0.0022	0.0446	0.0000	0.0621	0.1290
0.0000	0.0833	0.0738	0.1143	0.0785	0.0868	0.0421	0.1359	0.0036	0.0696	0.7048	0.0187	0.0504	0.0805	0.0022	0.1364	0.0379
0.0071	0.0808	0.0000	0.0370	0.1150	0.0000	0.0000	0.0922	0.0000	0.0503	0.1812	0.6791	0.0011	0.1332	0.0378	0.0764	0.0211
0.0000	0.0578	0.0636	0.0215	0.1232	0.0175	0.0000	0.0000	0.0219	0.1008	0.1287	0.0672	0.7049	0.0805	0.0692	0.0110	0.0079
0.0018	0.1027	0.1036	0.0418	0.0266	0.0686	0.0000	0.0541	0.0042	0.0909	0.2184	0.1176	0.0013	0.6876	0.0154	0.0914	0.0000
0.0000	0.0809	0.0851	0.0375	0.0000	0.0580	0.0139	0.0420	0.0039	0.2670	0.0291	0.0655	0.0105	0.0992	0.7503	0.1115	0.0000
0.0036	0.0339	0.0531	0.0060	0.0875	0.1365	0.0000	0.0930	0.0055	0.0738	0.1122	0.0362	0.0000	0.1382	0.0016	0.7027	0.0022
0.0249	0.0822	0.0581	0.0991	0.0892	0.1195	0.0000	0.0377	0.0111	0.2454	0.1844	0.0249	0.0004	0.0000	0.0446	0.1170	0.7059
