0.6552	0.0731	0.1256	0.0389	0.0183	0.0000	0.0000	0.0000	0.0131	0.1515	0.0185	0.0784	0.1048	0.1040	0.0744	0.0674	0.1352
0.6371	0.5994	0.0453	0.0356	0.0795	0.0991	0.0000	0.0063	0.0163	0.2141	0.0129	0.0796	0.0841	0.0169	0.0488	0.1216	0.0556
0.6485	0.5114	0.6440	0.1076	0.1174	0.0317	0.0000	0.0150	0.0433	0.1170	0.0199	0.0921	0.0796	0.0626	0.0186	0.0718	0.0280
0.6488	0.4755	0.6692	0.7399	0.1344	0.0303	0.0106	0.0188	0.0270	0.1759	0.0018	0.0540	0.0846	0.0538	0.0486	0.0696	0.0418
0.6329	0.4777	0.6410	0.7425	0.7509	0.0369	0.0325	0.0500	0.0021	0.1260	0.0158	0.0582	0.1070	0.0502	0.0808	0.0535	0.0476
0.6048	0.5035	0.5995	0.6962	0.6848	0.2495	0.0135	0.0468	0.0676	0.0943	0.0772	0.0560	0.0897	0.0429	0.1323	0.0688	0.0740
0.4826	0.4760	0.5753	0.5518	0.6081	0.2586	0.3238	0.0771	0.0268	0.1151	0.0726	0.0633	0.1023	0.0492	0.0950	0.0782	0.0663
0.6764	0.5096	0.6646	0.7438	0.7362	0.2274	0.3196	0.7096	0.0047	0.0824	0.0741	0.0842	0.0833	0.0406	0.1133	0.0724	0.0503
0.6515	0.4672	0.6406	0.7461	0.7445	0.2793	0.2740	0.6895	0.6881	0.1059	0.0618	0.0610	0.1027	0.0257	0.1005	0.1099	0.0724
0.6160	0.4437	0.6516	0.7171	0.7183	0.2529	0.3604	0.6663	0.6579	0.2955	0.0532	0.0937	0.1036	0.0606	0.0779	0.0941	0.0708
0.6376	0.4179	0.6603	0.7314	0.7111	0.2505	0.2716	0.6502	0.7100	0.2256	0.7474	0.0999	0.1263	0.0467	0.0642	0.1076	0.1046
0.6379	0.4601	0.6092	0.7397	0.7260	0.2401	0.2716	0.6971	0.6871	0.2066	0.7332	0.7172	0.1020	0.0511	0.0562	0.0584	0.0654
0.5530	0.4705	0.5460	0.6947	0.6756	0.3021	0.2767	0.6445	0.6613	0.2907	0.6477	0.6843	0.6935	0.0797	0.0430	0.0574	0.0665
0.5113	0.4642	0.5180	0.6653	0.6643	0.2576	0.2718	0.6501	0.6663	0.2710	0.6814	0.6813	0.6920	0.7590	0.0345	0.0703	0.0758
0.5007	0.4686	0.5668	0.6200	0.6314	0.2449	0.3333	0.6021	0.6226	0.2590	0.6555	0.6764	0.6910	0.7274	0.7228	0.0373	0.0563
0.5825	0.5320	0.6294	0.5959	0.7036	0.2472	0.2733	0.6429	0.6477	0.2813	0.6768	0.6518	0.6850	0.7419	0.6979	0.7063	0.1015
0.5428	0.5427	0.6792	0.6580	0.7183	0.2364	0.3363	0.6192	0.6612	0.2404	0.6790	0.6385	0.6583	0.7584	0.6886	0.7060	0.7435
