0.6725	0.2432	0.2300	0.0425	0.0175	0.0000	0.0000	0.0000	0.0200	0.3600	0.0150	0.1500	0.4696	0.2575	0.1450	0.1225	0.2700
0.6425	0.5795	0.1080	0.0475	0.2375	0.2586	0.0000	0.0075	0.0225	0.4200	0.0175	0.1300	0.4106	0.0425	0.1100	0.3225	0.1050
0.6500	0.5136	0.7040	0.2625	0.2900	0.0517	0.0000	0.0225	0.1100	0.3700	0.0300	0.2100	0.2326	0.1275	0.0275	0.2350	0.0500
0.6600	0.4977	0.7200	0.7475	0.3700	0.0345	0.0103	0.0350	0.0425	0.3700	0.0025	0.1375	0.2070	0.1325	0.0950	0.3600	0.0675
0.6400	0.4955	0.7080	0.7500	0.7625	0.0690	0.0515	0.0925	0.0025	0.4000	0.0225	0.1075	0.2930	0.1375	0.2050	0.1650	0.0750
0.6250	0.4955	0.7080	0.7200	0.7150	0.3793	0.0206	0.0800	0.1275	0.2300	0.1550	0.1275	0.2995	0.0925	0.2825	0.3000	0.1500
0.5275	0.4727	0.7280	0.6075	0.6575	0.3793	0.6804	0.1600	0.0375	0.1900	0.1500	0.1700	0.3587	0.0975	0.1875	0.2800	0.1250
0.6875	0.4977	0.7440	0.7525	0.7450	0.3793	0.6701	0.7200	0.0050	0.2200	0.1075	0.1875	0.2998	0.1050	0.2300	0.1725	0.1075
0.6750	0.4864	0.7200	0.7650	0.7625	0.4310	0.6907	0.7075	0.7125	0.2500	0.0950	0.1075	0.3358	0.0525	0.1550	0.2550	0.1725
0.6375	0.4614	0.7480	0.7275	0.7425	0.3793	0.6495	0.6825	0.6775	0.4400	0.0925	0.3100	0.3526	0.1350	0.1050	0.2075	0.2000
0.6525	0.4341	0.7160	0.7400	0.7200	0.3793	0.6804	0.6725	0.7175	0.4300	0.7525	0.2825	0.4962	0.0925	0.0825	0.2625	0.3150
0.6575	0.4682	0.6840	0.7525	0.7325	0.3448	0.6804	0.7075	0.6950	0.4400	0.7375	0.7300	0.4604	0.1375	0.0700	0.1800	0.1700
0.5725	0.4659	0.6420	0.7075	0.6900	0.4310	0.6804	0.6600	0.6700	0.4300	0.6525	0.7100	0.6939	0.2475	0.0775	0.2325	0.2500
0.5575	0.4523	0.6420	0.6825	0.6775	0.3966	0.6598	0.6675	0.6800	0.4600	0.6825	0.7075	0.6926	0.7825	0.0525	0.2375	0.2800
0.5425	0.4705	0.6580	0.6500	0.6575	0.3793	0.6907	0.6200	0.6475	0.4200	0.6600	0.6900	0.6914	0.7500	0.7300	0.0650	0.1800
0.6050	0.5295	0.6940	0.6300	0.7100	0.3966	0.6804	0.6600	0.6625	0.4600	0.6800	0.6725	0.6865	0.7600	0.7075	0.7125	0.2575
0.5750	0.5341	0.7340	0.6775	0.7300	0.3621	0.6495	0.6425	0.6725	0.4500	0.6800	0.6600	0.6668	0.7775	0.7000	0.7175	0.7575
