0.7618	0.0200	0.0072	0.0000	0.1930	0.0000	0.0743	0.0924	0.0092	0.0594	0.2360	0.0000	0.0000	0.0212	0.0808	0.0890	0.0000
0.1927	0.7081	0.1373	0.0568	0.1031	0.0000	0.0000	0.0183	0.0715	0.1561	0.0169	0.0523	0.0000	0.0000	0.0449	0.0545	0.0000
0.0570	0.0545	0.5358	0.0937	0.0000	0.0135	0.0145	0.0603	0.0052	0.1086	0.0605	0.1019	0.1202	0.0000	0.0077	0.1115	0.0700
0.0000	0.4070	0.5203	0.6796	0.0000	0.0321	0.0588	0.0875	0.1657	0.1290	0.0000	0.0033	0.1260	0.1594	0.0000	0.1397	0.0064
0.0568	0.3333	0.1821	0.4269	0.6259	0.1247	0.0600	0.0914	0.1471	0.1417	0.0000	0.0000	0.0882	0.0992	0.0000	0.0000	0.0000
0.0000	0.3333	0.1844	0.1844	0.1844	0.1844	0.0686	0.0800	0.1844	0.1290	0.0000	0.1827	0.1692	0.1827	0.0000	0.0000	0.0000
0.0000	0.2222	0.1827	0.1290	0.1827	0.1844	0.0732	0.0800	0.1844	0.1290	0.0000	0.0000	0.1202	0.1290	0.0000	0.0000	0.0000
0.0998	0.0000	0.1290	0.0000	0.0000	0.0000	0.0000	0.0800	0.0000	0.0000	0.1290	0.0000	0.0000	0.0000	0.0449	0.1844	0.0000
0.0998	0.0000	0.1844	0.0000	0.0000	0.0000	0.0000	0.0741	0.1844	0.0000	0.1290	0.0000	0.0000	0.0000	0.0000	0.1844	0.0000
0.0998	0.2222	0.1827	0.1290	0.1844	0.0000	0.0000	0.0800	0.1844	0.1827	0.1290	0.0000	0.0000	0.1290	0.0449	0.0000	0.1844
0.0998	0.0000	0.1704	0.0000	0.0000	0.0000	0.0000	0.0747	0.1827	0.1844	0.5482	0.0000	0.0000	0.0000	0.0000	0.1844	0.0000
0.0998	0.0000	0.1844	0.0000	0.0000	0.0000	0.0000	0.0741	0.1827	0.0000	0.1827	0.1827	0.0000	0.0000	0.2650	0.0000	0.1290
0.0000	0.0000	0.1827	0.1407	0.0000	0.1290	0.0588	0.0800	0.1827	0.0000	0.0970	0.1290	0.1692	0.1378	0.0000	0.1827	0.1364
0.0000	0.0000	0.1290	0.1392	0.0000	0.1290	0.0197	0.0741	0.0000	0.0000	0.0065	0.0000	0.1692	0.1844	0.0000	0.1290	0.0000
0.0998	0.0000	0.1290	0.0000	0.0000	0.0000	0.0197	0.0741	0.1827	0.0000	0.1842	0.1290	0.1202	0.1827	0.2747	0.1827	0.0000
0.0998	0.0000	0.1290	0.1844	0.0000	0.1006	0.0179	0.0910	0.1827	0.0181	0.1176	0.1041	0.1413	0.1648	0.3264	0.3561	0.1162
0.0998	0.0214	0.1844	0.1844	0.0000	0.0000	0.0197	0.0741	0.1827	0.1844	0.1827	0.1290	0.1202	0.1827	0.2747	0.1844	0.1844
