0.7280	0.0734	0.0450	0.1625	0.3825	0.2050	0.2069	0.1523	0.0325	0.0200	0.0550	0.1100	0.2300	0.2850	0.0206	0.0250	0.1125
0.7380	0.7025	0.0725	0.1600	0.3950	0.2025	0.2069	0.1409	0.0650	0.0900	0.0800	0.0775	0.1300	0.0850	0.0412	0.0550	0.0925
0.7200	0.6702	0.7200	0.2225	0.0375	0.1150	0.2241	0.1750	0.0150	0.1400	0.1100	0.1750	0.0300	0.1275	0.0412	0.2400	0.0775
0.7400	0.5692	0.6625	0.7375	0.0975	0.1525	0.1207	0.1909	0.0775	0.0950	0.1600	0.2600	0.0400	0.2850	0.0412	0.1350	0.1275
0.7440	0.5806	0.6900	0.7450	0.6900	0.1850	0.1724	0.1568	0.0775	0.1000	0.1200	0.3400	0.1000	0.2300	0.0206	0.1125	0.0625
0.7480	0.5940	0.6975	0.7525	0.6875	0.8175	0.2069	0.1205	0.1025	0.0675	0.1375	0.3050	0.0500	0.1375	0.0206	0.1000	0.0400
0.7540	0.6191	0.6925	0.7500	0.6575	0.8200	0.3966	0.1114	0.1600	0.0675	0.0900	0.2750	0.2200	0.1250	0.0515	0.0575	0.0825
0.7680	0.6215	0.6600	0.7475	0.6575	0.8400	0.3966	0.5432	0.1125	0.0900	0.1675	0.3050	0.3100	0.2750	0.0412	0.0975	0.1600
0.7480	0.5892	0.6650	0.7575	0.6975	0.8275	0.4310	0.5477	0.7075	0.0775	0.1200	0.3275	0.2500	0.3000	0.0412	0.0275	0.0950
0.7560	0.6026	0.6700	0.7675	0.6925	0.8375	0.4483	0.5432	0.7050	0.7850	0.1125	0.3025	0.3300	0.2100	0.0309	0.0475	0.1650
0.7380	0.6116	0.6850	0.7575	0.6950	0.8200	0.4483	0.5341	0.7150	0.7625	0.7375	0.2625	0.2500	0.2225	0.0309	0.0500	0.1775
0.7220	0.6083	0.6775	0.7650	0.6725	0.8175	0.3621	0.5523	0.7175	0.7650	0.7375	0.7200	0.3200	0.2900	0.0412	0.0225	0.1750
0.7400	0.6200	0.6725	0.7625	0.6450	0.8300	0.3966	0.5318	0.6800	0.7375	0.6850	0.6775	0.4100	0.2800	0.0206	0.0725	0.1250
0.7120	0.6150	0.6725	0.7800	0.6475	0.8250	0.4310	0.5364	0.7100	0.7725	0.7250	0.7200	0.3300	0.7200	0.0206	0.0575	0.1275
0.7000	0.6166	0.6675	0.7700	0.6800	0.8025	0.3966	0.5455	0.7125	0.7700	0.7375	0.7150	0.3300	0.6950	0.7010	0.1650	0.2000
0.7260	0.6132	0.6550	0.7525	0.6525	0.8125	0.3448	0.5341	0.7100	0.7350	0.7125	0.7075	0.3700	0.6650	0.7010	0.7300	0.2150
0.7120	0.6109	0.6450	0.7675	0.6925	0.8200	0.3793	0.5227	0.6950	0.7550	0.7350	0.7325	0.4000	0.6725	0.7010	0.7275	0.7275
