0.7039	0.0000	0.0000	0.0000	0.0000	0.0000	0.0000	0.0000	0.0000	0.0000	0.0000	0.0000	0.0000	0.0000	0.0000	0.0000	0.0000
0.7139	0.6099	0.0000	0.0000	0.0000	0.0000	0.0000	0.0000	0.0000	0.0000	0.0000	0.0000	0.0000	0.0000	0.0000	0.0000	0.0000
0.7344	0.6204	0.7656	0.0000	0.0000	0.0000	0.0000	0.0000	0.0000	0.0000	0.0000	0.0000	0.0000	0.0000	0.0000	0.0000	0.0000
0.7420	0.5813	0.7408	0.8072	0.0000	0.0000	0.0000	0.0000	0.0000	0.0000	0.0000	0.0000	0.0000	0.0000	0.0000	0.0000	0.0000
0.7803	0.6074	0.8110	0.7994	0.7980	0.0000	0.0000	0.0000	0.0000	0.0000	0.0000	0.0000	0.0000	0.0000	0.0000	0.0000	0.0000
0.7549	0.5837	0.7493	0.8205	0.8010	0.2662	0.0000	0.0000	0.0000	0.0000	0.0000	0.0000	0.0000	0.0000	0.0000	0.0000	0.0000
0.7952	0.6226	0.8014	0.7823	0.7758	0.2560	0.2747	0.0000	0.0000	0.0000	0.0000	0.0000	0.0000	0.0000	0.0000	0.0000	0.0000
0.7819	0.6213	0.7787	0.8247	0.7768	0.1941	0.2747	0.7719	0.0000	0.0000	0.0000	0.0000	0.0000	0.0000	0.0000	0.0000	0.0000
0.7657	0.6413	0.7950	0.8036	0.7547	0.3388	0.2747	0.7636	0.7584	0.0000	0.0000	0.0000	0.0000	0.0000	0.0000	0.0000	0.0000
0.7301	0.6193	0.7127	0.7978	0.7692	0.3073	0.2747	0.7137	0.7673	0.3113	0.0000	0.0000	0.0000	0.0000	0.0000	0.0000	0.0000
0.7780	0.6134	0.7809	0.7863	0.7606	0.1927	0.2747	0.7622	0.7555	0.2982	0.7010	0.0000	0.0000	0.0000	0.0000	0.0000	0.0000
0.7561	0.6371	0.7783	0.8241	0.7954	0.1960	0.2747	0.7616	0.7697	0.2312	0.7527	0.8183	0.0000	0.0000	0.0000	0.0000	0.0000
0.7195	0.5598	0.7485	0.7535	0.7163	0.1828	0.2747	0.7192	0.7407	0.2887	0.7109	0.7711	0.6983	0.0000	0.0000	0.0000	0.0000
0.7010	0.5819	0.7675	0.8332	0.7505	0.2025	0.2747	0.7426	0.6988	0.3032	0.6883	0.7576	0.7148	0.8894	0.0000	0.0000	0.0000
0.7011	0.5686	0.7585	0.7930	0.7163	0.1778	0.2747	0.7491	0.7486	0.2883	0.7532	0.7952	0.7147	0.8852	0.6111	0.0000	0.0000
0.6480	0.5927	0.7921	0.7919	0.7079	0.2302	0.3598	0.7285	0.7321	0.2758	0.6841	0.7378	0.7214	0.8851	0.6291	0.7689	0.0000
0.4232	0.5049	0.6241	0.7231	0.4482	0.1378	0.2747	0.5036	0.4478	0.1692	0.4455	0.6374	0.6965	0.8325	0.5562	0.4658	0.5638
