0.7150	0.0000	0.0000	0.0000	0.0000	0.0000	0.0000	0.0000	0.0000	0.0000	0.0000	0.0000	0.0000	0.0000	0.0000	0.0000	0.0000
0.7250	0.5955	0.0000	0.0000	0.0000	0.0000	0.0000	0.0000	0.0000	0.0000	0.0000	0.0000	0.0000	0.0000	0.0000	0.0000	0.0000
0.7400	0.6023	0.8160	0.0000	0.0000	0.0000	0.0000	0.0000	0.0000	0.0000	0.0000	0.0000	0.0000	0.0000	0.0000	0.0000	0.0000
0.7575	0.5705	0.7940	0.8175	0.0000	0.0000	0.0000	0.0000	0.0000	0.0000	0.0000	0.0000	0.0000	0.0000	0.0000	0.0000	0.0000
0.7950	0.6023	0.8400	0.8050	0.8050	0.0000	0.0000	0.0000	0.0000	0.0000	0.0000	0.0000	0.0000	0.0000	0.0000	0.0000	0.0000
0.7700	0.5591	0.7960	0.8300	0.8050	0.4138	0.0000	0.0000	0.0000	0.0000	0.0000	0.0000	0.0000	0.0000	0.0000	0.0000	0.0000
0.8050	0.6068	0.8300	0.7900	0.7825	0.4483	0.7010	0.0000	0.0000	0.0000	0.0000	0.0000	0.0000	0.0000	0.0000	0.0000	0.0000
0.7950	0.6091	0.8120	0.8300	0.7850	0.3793	0.7010	0.7825	0.0000	0.0000	0.0000	0.0000	0.0000	0.0000	0.0000	0.0000	0.0000
0.7800	0.6182	0.8320	0.8150	0.7725	0.4483	0.7010	0.7800	0.7675	0.0000	0.0000	0.0000	0.0000	0.0000	0.0000	0.0000	0.0000
0.7525	0.5977	0.7800	0.8050	0.7800	0.4310	0.7010	0.7450	0.7800	0.3100	0.0000	0.0000	0.0000	0.0000	0.0000	0.0000	0.0000
0.7875	0.6023	0.8080	0.7925	0.7700	0.3966	0.7010	0.7725	0.7650	0.3300	0.7125	0.0000	0.0000	0.0000	0.0000	0.0000	0.0000
0.7800	0.6182	0.8300	0.8350	0.8050	0.3966	0.7010	0.7825	0.7800	0.2900	0.7600	0.8300	0.0000	0.0000	0.0000	0.0000	0.0000
0.7600	0.5364	0.8020	0.7775	0.7475	0.3621	0.7010	0.7575	0.7525	0.3600	0.7175	0.7825	0.7019	0.0000	0.0000	0.0000	0.0000
0.7375	0.5659	0.8100	0.8475	0.7750	0.3966	0.7010	0.7750	0.7350	0.3900	0.7075	0.7675	0.7156	0.8950	0.0000	0.0000	0.0000
0.7350	0.5432	0.8020	0.8025	0.7250	0.3793	0.7010	0.7675	0.7600	0.4000	0.7600	0.8025	0.7148	0.8900	0.6275	0.0000	0.0000
0.6950	0.5727	0.8300	0.8025	0.7250	0.4483	0.7113	0.7475	0.7400	0.3600	0.6975	0.7500	0.7214	0.8950	0.6425	0.7700	0.0000
0.5575	0.5000	0.6660	0.7350	0.5925	0.2759	0.7010	0.6200	0.5850	0.3400	0.4700	0.6575	0.6966	0.8425	0.6050	0.5850	0.6450
