0.6387	0.0347	0.0000	0.0806	0.0872	0.0000	0.1022	0.1678	0.0164	0.0000	0.0077	0.4056	0.0000	0.1379	0.0000	0.1708	0.2977
0.3687	0.5949	0.0030	0.1334	0.0300	0.0586	0.1543	0.0021	0.0418	0.0667	0.0039	0.1127	0.0011	0.0058	0.0723	0.1074	0.2642
0.0400	0.0154	0.7544	0.1550	0.0675	0.0694	0.0000	0.0364	0.0821	0.0000	0.1844	0.0793	0.0981	0.0000	0.1426	0.1156	0.0102
0.1324	0.0269	0.6344	0.7968	0.0369	0.0872	0.0000	0.1035	0.0230	0.0580	0.1379	0.0925	0.0989	0.0000	0.2016	0.0640	0.0704
0.0000	0.0163	0.2665	0.3785	0.7284	0.1374	0.0238	0.1319	0.2876	0.1011	0.1844	0.0295	0.0021	0.0840	0.1844	0.1566	0.0000
0.0000	0.0000	0.2845	0.1385	0.6390	0.1108	0.0000	0.1612	0.0523	0.0000	0.1844	0.1290	0.0019	0.0000	0.1844	0.1419	0.0000
0.0000	0.0106	0.0998	0.1290	0.1463	0.1026	0.2747	0.1844	0.1409	0.1952	0.0736	0.0000	0.2191	0.0000	0.1844	0.0000	0.0000
0.1959	0.0000	0.0754	0.1189	0.2204	0.1109	0.0487	0.5015	0.0567	0.0357	0.1401	0.1898	0.0669	0.1436	0.1371	0.0000	0.0000
0.1750	0.0225	0.1169	0.3872	0.3943	0.1026	0.0449	0.4442	0.4291	0.0000	0.1524	0.0000	0.0001	0.0000	0.1437	0.0000	0.0000
0.0000	0.0043	0.0998	0.1290	0.1290	0.0743	0.2043	0.1844	0.2894	0.1692	0.0000	0.0710	0.2222	0.0136	0.1844	0.0000	0.0000
0.0000	0.0424	0.1489	0.3167	0.3136	0.0743	0.0449	0.1922	0.3670	0.1202	0.3815	0.0000	0.0004	0.0000	0.1844	0.0090	0.0000
0.0000	0.0508	0.0998	0.1008	0.1950	0.1026	0.0449	0.1844	0.2638	0.1692	0.3095	0.2030	0.0000	0.1290	0.1844	0.1422	0.0000
0.1290	0.0508	0.0998	0.1290	0.1844	0.1026	0.0449	0.1290	0.1290	0.1692	0.1844	0.1290	0.3333	0.0000	0.1844	0.1844	0.0000
0.1290	0.0800	0.0000	0.0000	0.0000	0.0000	0.0000	0.0000	0.0000	0.0000	0.0000	0.0000	0.0000	0.1827	0.0000	0.0000	0.1844
0.1290	0.0800	0.0000	0.1844	0.0000	0.0000	0.0000	0.0000	0.0000	0.0000	0.0000	0.0000	0.0000	0.1844	0.1827	0.0000	0.1827
0.1844	0.0800	0.0000	0.1844	0.0000	0.0000	0.0000	0.0000	0.0000	0.0000	0.0000	0.0000	0.0000	0.1844	0.1290	0.1827	0.1827
0.1844	0.0800	0.0000	0.1844	0.0000	0.0000	0.0000	0.0000	0.0000	0.0000	0.0000	0.0000	0.0000	0.1844	0.1827	0.1844	0.1844
