0.6400	0.0909	0.0000	0.2800	0.1325	0.0000	0.1959	0.3625	0.0175	0.0000	0.0075	0.4950	0.0000	0.3750	0.0000	0.3725	0.4300
0.4075	0.5750	0.0020	0.2500	0.0350	0.0862	0.3196	0.0025	0.0525	0.1100	0.0025	0.2000	0.0014	0.0075	0.0700	0.1400	0.3125
0.0425	0.0205	0.7840	0.1500	0.1275	0.1034	0.0000	0.0300	0.1625	0.0000	0.3825	0.2200	0.2662	0.0000	0.3775	0.3100	0.0100
0.2475	0.0841	0.6500	0.8000	0.0725	0.1379	0.0000	0.2025	0.0525	0.0800	0.3800	0.2325	0.2301	0.0000	0.3525	0.1250	0.1200
0.0000	0.0568	0.3020	0.4350	0.7425	0.2414	0.0309	0.2350	0.4050	0.2200	0.3825	0.0825	0.0016	0.0850	0.3825	0.3225	0.0000
0.0000	0.0000	0.3220	0.2450	0.6325	0.2586	0.0000	0.3225	0.0850	0.0000	0.3825	0.2400	0.0014	0.0000	0.3825	0.3775	0.0000
0.0000	0.0159	0.1760	0.2400	0.2400	0.3448	0.7010	0.3825	0.2175	0.4600	0.1200	0.0000	0.4812	0.0000	0.3825	0.0000	0.0000
0.2625	0.0000	0.1680	0.2200	0.2675	0.2586	0.0722	0.6525	0.0725	0.0200	0.2675	0.2900	0.0619	0.1950	0.3600	0.0000	0.0000
0.2275	0.0114	0.1820	0.4500	0.5275	0.3448	0.0722	0.5775	0.5600	0.0000	0.3275	0.0000	0.0001	0.0000	0.3550	0.0000	0.0000
0.0000	0.0023	0.1760	0.2400	0.2400	0.2241	0.6907	0.3825	0.4375	0.3400	0.0000	0.0650	0.4969	0.0150	0.3825	0.0000	0.0000
0.0000	0.1455	0.2060	0.3750	0.4625	0.2241	0.0722	0.3850	0.4975	0.2200	0.4450	0.0000	0.0004	0.0000	0.3825	0.0075	0.0000
0.0000	0.1455	0.1760	0.2375	0.3850	0.3448	0.0722	0.3825	0.4225	0.3400	0.4525	0.3925	0.0000	0.2400	0.3825	0.3775	0.0000
0.2400	0.1455	0.1760	0.2400	0.3825	0.3448	0.0722	0.2400	0.2400	0.3400	0.3825	0.2400	0.5000	0.0000	0.3825	0.3825	0.0000
0.2400	0.2500	0.0000	0.0000	0.0000	0.0000	0.0000	0.0000	0.0000	0.0000	0.0000	0.0000	0.0000	0.3775	0.0000	0.0000	0.3825
0.2400	0.2500	0.0000	0.3825	0.0000	0.0000	0.0000	0.0000	0.0000	0.0000	0.0000	0.0000	0.0000	0.3825	0.3775	0.0000	0.3775
0.3825	0.2500	0.0000	0.3825	0.0000	0.0000	0.0000	0.0000	0.0000	0.0000	0.0000	0.0000	0.0000	0.3825	0.2400	0.3775	0.3775
0.3825	0.2500	0.0000	0.3825	0.0000	0.0000	0.0000	0.0000	0.0000	0.0000	0.0000	0.0000	0.0000	0.3825	0.3775	0.3825	0.3825
