0.8209	2.2806	2.2248	1.9917	2.2075	2.6866	2.0304	2.3038	2.0617	2.3583	2.2694	1.7611	2.3897	1.9497	2.4012	1.9828	1.7712
1.1949	1.1282	2.2700	2.1591	2.1671	2.2519	2.0253	2.3008	2.1142	2.1478	2.2879	1.9364	2.2940	2.2396	2.1206	1.9057	1.6969
3.1216	2.7007	0.5623	2.0335	2.0177	2.0852	2.7119	2.1201	2.2201	2.4780	2.0783	2.3959	1.9137	2.3918	1.7463	1.9886	2.3780
2.4729	2.4204	0.9124	0.6682	2.0756	2.0566	2.5413	2.2533	2.0426	2.3921	1.9795	2.2284	1.9699	2.3653	1.8737	2.0475	2.1684
3.6913	2.8350	1.3103	1.3449	0.7044	1.9789	2.6529	2.0905	1.9808	2.0173	1.9752	2.2531	1.9950	2.4669	1.8861	1.9443	2.6263
4.5737	3.4653	1.6047	1.7429	0.8697	1.5596	2.6946	2.0546	2.0639	2.0599	2.0767	2.2403	1.9668	2.5482	1.8925	1.8913	2.8265
3.8082	3.2175	2.3346	2.3187	1.4132	1.6040	0.8693	2.1405	1.9926	1.8171	1.9720	2.3443	1.7784	2.2394	1.9907	2.0801	2.6668
3.6004	3.9237	1.8004	2.2480	1.5322	1.6076	1.2883	0.7704	2.1191	2.0412	2.0197	2.1170	1.9445	2.1566	1.9988	2.2082	2.7446
3.9591	4.3174	1.7838	1.5783	1.1603	1.6153	1.3622	1.1017	0.9389	2.1291	1.9116	2.1820	1.9633	2.1758	2.0782	2.2307	2.7981
3.7658	3.3395	2.1639	2.6534	1.5204	1.6094	1.2206	1.1708	1.1322	1.1759	1.9806	2.1648	1.8634	2.1717	2.0995	2.2663	2.6240
4.1949	2.7053	1.8206	2.0502	1.2321	1.6282	2.1555	1.5358	1.1826	1.4152	1.0679	2.2800	1.8371	2.6175	1.8311	2.1415	2.2924
3.6630	2.8514	2.0139	2.2042	1.2578	1.5969	1.5733	1.4411	1.2065	1.4573	1.1842	1.2025	1.9987	2.2140	1.8383	2.0247	2.6228
2.5467	2.3644	1.2431	1.4691	1.3551	1.6863	2.2955	1.9810	1.4700	1.8530	1.4208	1.4597	0.7418	2.4415	1.8109	1.7740	2.3618
1.4229	1.9979	4.7878	2.9188	4.9615	3.9885	4.7510	6.5665	6.2825	4.7388	4.8618	3.6821	9.9892	1.0851	2.5507	2.1542	1.7946
1.3548	1.8496	3.5535	2.1161	3.9370	3.7408	4.3463	6.0845	5.4247	4.8404	4.4382	3.6291	8.4106	1.0940	1.1512	2.0509	1.9439
1.2246	1.7902	3.1417	2.1311	3.2082	3.2823	3.0922	5.1815	4.1027	4.6983	4.0031	3.2643	7.0706	1.1794	1.2809	1.0851	1.9258
1.2732	1.8053	4.1678	2.2023	4.0923	3.9280	3.2187	5.1565	4.9320	4.9268	4.2644	3.7774	8.3418	1.1598	1.3328	1.1121	1.0836
