1.4467	0.0000	0.0000	0.0000	0.0000	0.0000	0.0000	0.0000	0.0000	0.0000	0.0000	0.0000	0.0000	0.0000	0.0000	0.0000	0.0000
1.5628	1.0809	0.0000	0.0000	0.0000	0.0000	0.0000	0.0000	0.0000	0.0000	0.0000	0.0000	0.0000	0.0000	0.0000	0.0000	0.0000
2.1936	1.1519	1.0812	0.0000	0.0000	0.0000	0.0000	0.0000	0.0000	0.0000	0.0000	0.0000	0.0000	0.0000	0.0000	0.0000	0.0000
2.0811	1.2312	1.0994	1.0810	0.0000	0.0000	0.0000	0.0000	0.0000	0.0000	0.0000	0.0000	0.0000	0.0000	0.0000	0.0000	0.0000
1.8839	1.7417	1.8347	1.7076	0.6932	0.0000	0.0000	0.0000	0.0000	0.0000	0.0000	0.0000	0.0000	0.0000	0.0000	0.0000	0.0000
1.5325	1.2547	2.7998	2.8780	0.7373	1.0822	0.0000	0.0000	0.0000	0.0000	0.0000	0.0000	0.0000	0.0000	0.0000	0.0000	0.0000
1.5471	1.3620	1.9760	1.9116	0.6980	1.1004	1.0817	0.0000	0.0000	0.0000	0.0000	0.0000	0.0000	0.0000	0.0000	0.0000	0.0000
1.6445	2.4878	3.6758	3.1720	0.7989	1.1419	1.0933	1.0803	0.0000	0.0000	0.0000	0.0000	0.0000	0.0000	0.0000	0.0000	0.0000
1.5688	1.5336	2.6560	2.3353	0.7006	1.1205	1.1013	1.0898	1.0816	0.0000	0.0000	0.0000	0.0000	0.0000	0.0000	0.0000	0.0000
1.6298	2.0339	3.6875	3.9090	1.1803	1.1493	1.1824	1.0982	1.0997	1.5853	0.0000	0.0000	0.0000	0.0000	0.0000	0.0000	0.0000
1.6948	2.4441	4.0164	3.4136	0.8871	1.1917	1.1045	1.0841	1.0883	1.6001	1.0801	0.0000	0.0000	0.0000	0.0000	0.0000	0.0000
1.6688	2.6669	3.7545	3.2366	1.1536	1.2133	1.1175	1.0833	1.1028	1.6090	1.0966	1.0806	0.0000	0.0000	0.0000	0.0000	0.0000
1.6589	1.9822	3.6902	3.2123	1.4542	1.1818	1.2195	1.2005	1.4424	1.6225	1.1784	1.1924	1.0988	0.0000	0.0000	0.0000	0.0000
1.6565	1.7279	3.8011	2.9575	1.1445	1.1686	1.1749	1.1482	1.3655	1.6217	1.1202	1.1675	1.1122	0.8363	0.0000	0.0000	0.0000
1.7439	2.3987	4.5603	3.5427	1.6489	1.1405	1.1374	1.1254	1.2583	1.6257	1.0868	1.1231	1.1334	0.8589	1.1040	0.0000	0.0000
1.7236	2.5919	5.0888	4.8883	3.6375	1.1993	1.2062	1.2161	1.2846	1.5918	1.1008	1.1090	1.1498	0.8468	1.1232	1.0808	0.0000
1.6779	3.1744	4.2154	3.3601	1.2994	1.2402	1.1083	1.0908	1.1221	1.6269	1.0954	1.0912	1.1598	0.9570	1.1394	1.1058	1.0811
