0.7336	0.1311	0.0205	0.0897	0.0823	0.0641	0.0000	0.0127	0.0646	0.0550	0.0262	0.0397	0.0704	0.0640	0.0000	0.0657	0.0525
0.2068	0.5397	0.1431	0.0607	0.0504	0.1142	0.0000	0.0000	0.0882	0.0000	0.0928	0.0080	0.0696	0.1423	0.0000	0.0345	0.0633
0.1114	0.2408	0.7082	0.0412	0.0256	0.0539	0.0000	0.1098	0.1226	0.0000	0.0886	0.0000	0.0000	0.1132	0.0000	0.0291	0.0000
0.1572	0.0878	0.6271	0.7669	0.0493	0.1109	0.0000	0.0944	0.1246	0.0703	0.1854	0.0903	0.1601	0.1553	0.0000	0.0387	0.0017
0.3652	0.0959	0.0998	0.5004	0.6913	0.0732	0.0000	0.0074	0.0600	0.0743	0.0847	0.0000	0.3333	0.1126	0.0000	0.0812	0.0000
0.1290	0.0651	0.0998	0.1839	0.4598	0.1803	0.0000	0.0000	0.1364	0.0750	0.0737	0.1216	0.2212	0.0174	0.0000	0.0276	0.1021
0.0000	0.0000	0.0000	0.0000	0.1609	0.0588	0.2747	0.1827	0.0000	0.1692	0.1827	0.1844	0.0000	0.0000	0.1827	0.0000	0.0000
0.0000	0.0340	0.0000	0.1199	0.1056	0.0452	0.2747	0.4825	0.0439	0.1593	0.1433	0.0000	0.1385	0.0000	0.0809	0.0000	0.0000
0.0000	0.0469	0.0000	0.1231	0.1389	0.0167	0.2747	0.4236	0.3573	0.2115	0.0201	0.0000	0.0000	0.0000	0.0243	0.0000	0.0000
0.0000	0.0000	0.0000	0.0000	0.0972	0.0000	0.2747	0.1827	0.1827	0.1692	0.1827	0.0000	0.0000	0.0000	0.1384	0.0000	0.0000
0.0000	0.0000	0.0000	0.0000	0.0972	0.0588	0.2747	0.1827	0.1844	0.1202	0.1844	0.0000	0.0000	0.0000	0.0974	0.0000	0.0000
0.0000	0.0000	0.0000	0.0000	0.0672	0.0357	0.2747	0.1827	0.1639	0.2053	0.1827	0.3899	0.0000	0.0000	0.0549	0.0000	0.0000
0.0000	0.0407	0.0000	0.0000	0.0806	0.1667	0.2747	0.4359	0.1844	0.1922	0.1827	0.4189	0.3980	0.0000	0.0788	0.0000	0.0000
0.0000	0.0688	0.1425	0.1787	0.1290	0.1684	0.1783	0.0224	0.1844	0.2037	0.2098	0.1827	0.3333	0.4906	0.0000	0.0000	0.0000
0.0000	0.0000	0.0000	0.0000	0.1290	0.1259	0.2747	0.1827	0.2040	0.2037	0.1827	0.1827	0.3333	0.3715	0.2984	0.0000	0.0000
0.0000	0.0000	0.0000	0.0000	0.0169	0.0000	0.2747	0.0757	0.1844	0.1667	0.1612	0.0987	0.4621	0.4803	0.1827	0.4152	0.0000
0.0000	0.0000	0.0000	0.0000	0.0156	0.0317	0.2747	0.0784	0.1331	0.1667	0.1290	0.3768	0.3333	0.1827	0.2152	0.1827	0.3863
