0.4310	0.0050	0.0825	0.0475	0.4587	0.0100	0.0850	0.0100	0.2875	0.1205	0.3650	0.1025	0.1420	0.0103	0.0000	0.0175	0.3775
0.0690	0.8300	0.0000	0.2925	0.2193	0.0725	0.0850	0.3450	0.2675	0.1955	0.0000	0.1825	0.0040	0.0000	0.1300	0.3500	0.1575
0.1379	0.0475	0.8650	0.1225	0.4540	0.0000	0.2875	0.3825	0.3475	0.0000	0.0000	0.2300	0.3200	0.6804	0.0000	0.1200	0.5150
0.0517	0.0050	0.0025	0.7925	0.0018	0.1025	0.5425	0.0675	0.3100	0.2023	0.0075	0.4475	0.1900	0.2371	0.2200	0.2450	0.3775
0.2241	0.2350	0.0725	0.2400	0.7229	0.0000	0.0025	0.3100	0.0000	0.1705	0.0300	0.0000	0.4160	0.0000	0.3400	0.2250	0.0000
0.0000	0.2650	0.0800	0.0050	0.1154	0.8100	0.4275	0.2050	0.1850	0.1750	0.2250	0.0300	0.3820	0.0619	0.4300	0.0375	0.0425
0.0000	0.0000	0.2250	0.3325	0.0104	0.1050	0.7625	0.0725	0.2125	0.0205	0.0000	0.2275	0.3780	0.5979	0.0500	0.0175	0.1325
0.0517	0.1100	0.0675	0.0000	0.1916	0.3775	0.2525	0.7375	0.0075	0.0114	0.0100	0.0000	0.0100	0.0000	0.0200	0.0000	0.4175
0.1379	0.0100	0.0825	0.0950	0.0002	0.0000	0.3450	0.0000	0.7425	0.2932	0.0025	0.2625	0.0140	0.0928	0.0000	0.0000	0.0800
0.0690	0.0400	0.0450	0.0525	0.5033	0.1975	0.0025	0.2050	0.1300	0.6864	0.2525	0.0150	0.3380	0.0309	0.1000	0.0750	0.0375
0.0000	0.0000	0.0525	0.0500	0.0000	0.0400	0.0325	0.3600	0.1100	0.2091	0.7525	0.0025	0.1560	0.1546	0.1300	0.0000	0.2725
0.0517	0.0275	0.1775	0.2375	0.0014	0.0075	0.2875	0.0825	0.0125	0.0636	0.0375	0.7625	0.0640	0.3196	0.1100	0.0000	0.4175
0.0517	0.0575	0.0050	0.0725	0.4446	0.4300	0.0125	0.1875	0.0575	0.1909	0.0425	0.0025	0.9060	0.0412	0.0000	0.0075	0.1275
0.1207	0.0000	0.0000	0.0000	0.0000	0.0000	0.3025	0.1575	0.0000	0.1364	0.0000	0.0000	0.4080	0.6804	0.0200	0.0000	0.0000
0.1379	0.3950	0.0000	0.0000	0.5000	0.0025	0.0000	0.2400	0.0000	0.2250	0.2025	0.1850	0.0160	0.0309	0.3900	0.0000	0.0000
0.2241	0.3825	0.2375	0.3775	0.2198	0.4300	0.1125	0.3275	0.0025	0.2273	0.0550	0.0050	0.0200	0.0000	0.3000	0.6800	0.0275
0.1552	0.3400	0.0050	0.3625	0.0000	0.0000	0.3775	0.2375	0.3625	0.0818	0.0025	0.2125	0.0700	0.3608	0.0000	0.0000	0.6300
