0.4144	0.0051	0.0691	0.0241	0.1134	0.0129	0.0643	0.0082	0.1012	0.0725	0.1705	0.0896	0.0639	0.0048	0.0000	0.0129	0.1834
0.0568	0.8238	0.0000	0.2017	0.0917	0.0392	0.0453	0.1423	0.1007	0.0931	0.0000	0.0635	0.0039	0.0000	0.0707	0.1887	0.0481
0.0430	0.0216	0.8586	0.0665	0.1077	0.0000	0.1178	0.1844	0.1973	0.0000	0.0000	0.0767	0.2015	0.2075	0.0000	0.0762	0.4124
0.0208	0.0043	0.0022	0.7854	0.0018	0.0481	0.3283	0.0208	0.1328	0.0646	0.0059	0.3150	0.0874	0.1469	0.1025	0.0925	0.1403
0.0743	0.0935	0.0304	0.1290	0.7200	0.0000	0.0026	0.0912	0.0000	0.0824	0.0225	0.0000	0.1959	0.0000	0.1692	0.0936	0.0000
0.0000	0.1474	0.0500	0.0033	0.0667	0.8011	0.2208	0.0992	0.0991	0.0785	0.0809	0.0326	0.1432	0.0319	0.1525	0.0287	0.0400
0.0000	0.0000	0.1507	0.1876	0.0080	0.0577	0.7517	0.0432	0.0912	0.0196	0.0000	0.1061	0.1554	0.1547	0.0355	0.0206	0.0862
0.0167	0.0782	0.0291	0.0000	0.0639	0.1385	0.1104	0.7287	0.0053	0.0102	0.0081	0.0000	0.0086	0.0000	0.0244	0.0000	0.2638
0.0494	0.0044	0.0471	0.0542	0.0002	0.0000	0.1381	0.0000	0.6889	0.0991	0.0022	0.1410	0.0182	0.0434	0.0000	0.0000	0.0386
0.0663	0.0326	0.0325	0.0434	0.1285	0.0650	0.0022	0.0617	0.0636	0.6911	0.0936	0.0161	0.1005	0.0234	0.0565	0.0495	0.0210
0.0000	0.0000	0.0322	0.0323	0.0000	0.0289	0.0294	0.1690	0.0541	0.0719	0.7483	0.0025	0.0616	0.0915	0.0929	0.0000	0.1449
0.0317	0.0179	0.0686	0.1134	0.0014	0.0051	0.1602	0.0321	0.0099	0.0456	0.0223	0.7448	0.0438	0.0923	0.0925	0.0000	0.1938
0.0317	0.0246	0.0032	0.0240	0.1088	0.2246	0.0118	0.1174	0.0427	0.1058	0.0147	0.0034	0.8772	0.0404	0.0000	0.0064	0.0882
0.0820	0.0000	0.0000	0.0000	0.0000	0.0000	0.1773	0.0810	0.0000	0.0409	0.0000	0.0000	0.1932	0.4226	0.0205	0.0000	0.0000
0.0497	0.2545	0.0000	0.0000	0.3333	0.0022	0.0000	0.1290	0.0000	0.0828	0.1015	0.0858	0.0176	0.0545	0.3135	0.0000	0.0000
0.0732	0.1844	0.0962	0.1370	0.1516	0.2110	0.0827	0.1605	0.0025	0.0741	0.0261	0.0043	0.0127	0.0000	0.1304	0.6847	0.0205
0.0875	0.0916	0.0050	0.3039	0.0000	0.0000	0.1403	0.0816	0.1111	0.0565	0.0026	0.0953	0.0410	0.1480	0.0000	0.0000	0.6239
