1.5099	2.2250	2.0730	2.2219	1.7382	2.1819	2.0948	2.2364	2.0647	2.0868	1.9032	2.0137	2.0517	2.2071	2.1929	2.1739	1.9130
2.2283	0.5029	2.6018	1.9757	1.9120	1.9956	2.1990	2.1007	2.2820	2.0371	2.5768	2.0162	2.0958	2.3245	1.9950	1.9475	2.1370
2.0501	2.3736	0.4222	2.1586	2.1075	2.3899	2.0404	1.9006	1.8582	2.1929	2.1000	2.1144	2.0287	1.8033	2.3010	2.0713	1.7998
2.2066	2.1143	2.3752	0.6024	2.3067	2.0502	1.7990	2.3009	2.1523	2.0728	2.2858	1.9216	2.1198	1.7339	2.0786	1.9613	1.9361
2.0608	2.0772	2.0868	2.0005	0.5697	2.1297	2.1103	2.2113	2.3993	2.0110	2.2492	2.1831	1.9762	2.4115	1.9862	1.9311	2.2987
2.2089	2.0912	2.3014	2.2277	2.2405	0.5620	2.0643	2.1801	1.9986	2.0858	2.2384	2.0849	1.9058	2.5600	1.8259	2.1857	2.0728
2.2807	2.1649	1.9912	1.9262	2.1891	2.1202	0.7156	1.9997	1.9953	2.1365	2.3985	2.1114	1.8971	1.7879	2.1869	2.2987	1.9425
2.2284	2.0660	2.1571	2.3255	2.2337	2.0120	1.9978	0.7568	2.2238	2.1935	2.1000	2.2514	2.2058	2.3623	2.0376	2.3033	1.8293
2.1379	2.1603	2.1863	2.2085	2.2300	2.0036	2.0061	2.3665	0.7873	2.0199	2.0513	1.9424	2.0281	1.9265	2.3482	2.2304	1.9812
2.1905	2.1684	2.2355	2.0465	1.6279	2.0523	2.2801	2.3499	2.0586	0.8826	2.1080	2.2238	1.9987	2.4676	2.1554	2.0373	2.1438
2.1552	2.3908	2.1504	2.1773	2.0584	2.1211	2.1612	2.0033	2.1565	2.1395	0.9530	2.2406	2.3367	1.9648	2.0188	2.2069	1.9946
2.0950	2.0667	2.1123	2.0819	2.0693	2.1677	2.0097	2.1207	1.9648	2.0756	2.3288	0.7573	1.9954	1.9639	2.0640	2.2389	1.9915
2.2585	2.1517	2.0832	2.2334	1.8813	1.8959	2.0415	2.1494	2.0923	2.0891	2.2459	2.1623	0.2861	2.2627	2.2230	2.5575	2.0259
2.3098	2.1224	2.4003	2.0251	2.5323	2.0893	1.9709	2.2724	2.1083	2.2718	2.3210	2.0535	2.1303	0.8056	2.2945	2.4539	2.0813
2.2450	1.9118	2.2983	2.1890	2.1284	2.0124	2.1341	2.1423	2.2428	2.1236	2.4639	1.9857	1.9931	2.4041	1.1044	2.3730	2.5788
2.0225	1.8354	2.1517	1.8969	1.9314	2.0043	2.0946	2.0068	2.1416	2.0812	2.2118	2.2173	2.1921	2.4910	2.1137	0.7750	2.0983
1.9930	2.0971	2.0645	1.8500	2.3856	2.1913	1.9638	1.9341	2.0162	2.1655	2.1223	2.0963	2.1908	1.8699	2.5374	2.3561	0.9667
