0.5309	0.0331	0.1043	0.0935	0.0077	0.0081	0.0741	0.1040	0.0506	0.0153	0.0000	0.0080	0.0681	0.0395	0.0332	0.0493	0.0767
0.0442	0.6491	-0.0673	-0.0129	0.0067	-0.0081	-0.0200	-0.0393	0.0123	-0.0050	0.0037	-0.0036	0.0470	0.0632	0.0600	-0.0301	-0.0005
-0.0208	-0.0104	0.6473	-0.0158	-0.0144	0.0233	-0.0020	-0.0008	-0.0036	0.0024	0.0157	-0.0044	-0.0103	-0.0335	-0.0288	-0.0129	0.0138
0.0414	-0.0261	-0.0411	0.6430	0.0026	0.0022	0.0024	-0.0167	0.0123	-0.0035	-0.0020	0.0000	0.0018	0.0345	-0.0425	0.0270	-0.0007
-0.0317	-0.0121	-0.0077	-0.0484	0.6608	-0.0078	0.0588	-0.0422	0.0164	-0.0092	-0.0104	0.0000	0.0232	0.0078	-0.0084	-0.0100	0.0168
-0.0048	0.0032	-0.0148	0.0110	-0.0389	0.7429	0.0427	0.0082	-0.0018	0.0000	0.0231	0.0000	-0.0322	-0.0017	-0.0095	-0.0001	-0.0014
-0.0252	0.0106	0.0125	0.0090	-0.0012	-0.0257	0.0467	0.0034	-0.0004	0.0000	-0.0024	0.0000	0.0008	-0.0006	0.0114	-0.0038	0.0037
-0.0176	-0.0429	-0.0398	-0.0501	-0.0383	-0.0809	0.0155	0.4318	-0.0160	0.0047	-0.0277	0.0000	0.0662	-0.0286	-0.0106	0.0284	-0.0381
-0.0027	-0.0022	0.0200	0.0159	0.0081	0.0329	-0.0196	-0.0569	0.5902	-0.0011	0.0000	0.0034	-0.0284	-0.0497	-0.0048	0.0427	0.0047
-0.0570	0.0168	-0.0090	0.0056	0.0205	0.0202	0.0219	0.0104	-0.0298	0.6854	0.0000	-0.0034	0.0076	0.0209	0.0000	-0.0226	-0.0141
0.0290	0.0044	0.0069	0.0035	0.0423	0.0046	-0.0207	-0.0083	-0.0298	-0.0150	0.6538	0.0021	-0.0027	0.0304	0.0000	0.0059	-0.0366
0.0621	-0.0110	-0.0009	-0.0037	-0.0553	-0.0136	-0.0096	-0.0406	0.0669	0.0053	-0.0505	0.6846	-0.0363	-0.0194	0.0000	0.0078	0.0463
-0.0074	0.0005	0.0041	-0.0052	0.0037	-0.0059	0.0000	-0.0091	0.0045	-0.0082	0.0107	-0.0037	0.2092	-0.0033	0.0000	-0.0028	0.0034
0.0061	-0.0069	0.0186	-0.0015	0.0329	0.0130	0.0005	0.0268	-0.0053	-0.0163	0.0197	0.0002	0.0315	0.5719	0.0000	-0.0045	-0.0569
-0.0429	-0.0119	0.0004	0.0202	-0.0246	0.0041	0.0108	-0.0098	0.0050	0.0322	-0.0092	-0.0428	-0.0270	-0.0134	0.2747	-0.0060	0.0021
0.0009	0.0288	-0.0004	-0.0026	0.0482	0.0026	-0.0052	-0.0409	0.0026	-0.0085	0.0186	-0.0045	0.0156	0.0050	0.0000	0.6190	0.0290
-0.0490	-0.0402	-0.0186	-0.0142	-0.0581	-0.0006	-0.0031	-0.0048	0.0019	-0.0062	-0.0152	0.0182	-0.0218	0.0172	0.0000	-0.0090	0.6436
