0.7628	0.0015	0.0000	0.0982	0.0022	0.1311	0.0686	0.0379	0.0421	0.0529	0.0000	0.0894	0.0250	0.1293	0.0238	0.0032	0.0277
0.5007	0.7175	0.0000	0.0927	0.1274	0.2073	0.0000	0.0632	0.0000	0.1000	0.0000	0.0000	0.0592	0.1075	0.0208	0.0000	0.0000
0.3247	0.5144	0.7174	0.1944	0.0642	0.1330	0.0000	0.0220	0.0000	0.0000	0.0000	0.0000	0.0000	0.2090	0.0000	0.0096	0.0000
0.0998	0.3622	0.5713	0.7851	0.1200	0.0345	0.0000	0.0447	0.0995	0.0665	0.1185	0.0000	0.1227	0.1290	0.0248	0.0668	0.1296
0.0486	0.2222	0.2267	0.3296	0.5534	0.1408	0.0000	0.0591	0.0000	0.1134	0.1050	0.0000	0.0562	0.0448	0.1296	0.0743	0.0188
0.3267	0.3497	0.1827	0.1359	0.1935	0.7731	0.0494	0.0613	0.0000	0.0000	0.0038	0.0000	0.0000	0.1542	0.0000	0.0000	0.1071
0.1932	0.0000	0.1827	0.0000	0.0000	0.1290	0.0732	0.0508	0.1290	0.0000	0.0000	0.0000	0.0000	0.1844	0.0000	0.0000	0.0000
0.1932	0.0000	0.0000	0.0000	0.0000	0.1290	0.1026	0.0800	0.1290	0.0000	0.0000	0.0000	0.0000	0.1844	0.0000	0.0000	0.0000
0.0000	0.0000	0.0000	0.0000	0.0000	0.0000	0.0197	0.0800	0.1844	0.0000	0.1827	0.1290	0.0000	0.1827	0.0000	0.0000	0.0000
0.1959	0.0000	0.0000	0.0000	0.0000	0.0000	0.0197	0.0800	0.1844	0.1844	0.0000	0.1290	0.0000	0.0000	0.1232	0.0000	0.0000
0.0000	0.0000	0.0000	0.0000	0.1072	0.0000	0.0541	0.0872	0.1844	0.3939	0.4801	0.0176	0.0345	0.0000	0.0000	0.1246	0.0000
0.0000	0.0000	0.0000	0.0000	0.0000	0.0000	0.0588	0.0800	0.1844	0.1827	0.1827	0.1827	0.0000	0.0000	0.0000	0.0000	0.0000
0.0000	0.0000	0.0000	0.0000	0.0000	0.0000	0.0197	0.0800	0.1844	0.1290	0.1844	0.1827	0.1692	0.0000	0.0000	0.0000	0.0000
0.0000	0.0000	0.0000	0.0000	0.0000	0.0000	0.0000	0.0800	0.1844	0.1844	0.1827	0.1844	0.1692	0.1844	0.0000	0.0000	0.0000
0.0000	0.0000	0.0000	0.0000	0.1290	0.0000	0.0000	0.0508	0.1827	0.1290	0.1827	0.1290	0.1692	0.1827	0.2747	0.0000	0.0000
0.0000	0.0000	0.0000	0.0000	0.0000	0.0000	0.0000	0.0800	0.1844	0.1844	0.1827	0.1844	0.1692	0.1827	0.2747	0.1844	0.0000
0.0000	0.0000	0.0000	0.0000	0.1290	0.0000	0.0000	0.0508	0.1844	0.1844	0.1827	0.1844	0.1692	0.1827	0.2747	0.1844	0.1844
