1.5260	0.0000	0.0000	0.0000	0.0000	0.0000	0.0000	0.0000	0.0000	0.0000	0.0000	0.0000	0.0000	0.0000	0.0000	0.0000	0.0000
1.5493	0.8285	0.0000	0.0000	0.0000	0.0000	0.0000	0.0000	0.0000	0.0000	0.0000	0.0000	0.0000	0.0000	0.0000	0.0000	0.0000
1.6182	1.3988	0.8433	0.0000	0.0000	0.0000	0.0000	0.0000	0.0000	0.0000	0.0000	0.0000	0.0000	0.0000	0.0000	0.0000	0.0000
1.5185	1.2852	1.1618	0.8379	0.0000	0.0000	0.0000	0.0000	0.0000	0.0000	0.0000	0.0000	0.0000	0.0000	0.0000	0.0000	0.0000
2.7134	2.5871	1.5836	1.8683	0.6143	0.0000	0.0000	0.0000	0.0000	0.0000	0.0000	0.0000	0.0000	0.0000	0.0000	0.0000	0.0000
3.0048	3.5926	2.5687	3.6901	0.6671	0.9180	0.0000	0.0000	0.0000	0.0000	0.0000	0.0000	0.0000	0.0000	0.0000	0.0000	0.0000
3.3471	3.5939	3.7453	4.4865	0.7622	1.0338	1.0179	0.0000	0.0000	0.0000	0.0000	0.0000	0.0000	0.0000	0.0000	0.0000	0.0000
2.8100	2.7458	2.8303	3.5901	0.7740	0.9045	1.0420	0.8793	0.0000	0.0000	0.0000	0.0000	0.0000	0.0000	0.0000	0.0000	0.0000
2.1528	1.9100	2.2231	2.0531	0.9507	2.2173	1.9606	2.0028	1.0195	0.0000	0.0000	0.0000	0.0000	0.0000	0.0000	0.0000	0.0000
2.3091	2.1269	3.7002	2.5819	5.1253	4.0055	2.8665	3.9813	1.3460	1.5032	0.0000	0.0000	0.0000	0.0000	0.0000	0.0000	0.0000
3.7469	4.5139	5.4827	4.7963	1.6279	1.6766	1.4739	1.4927	1.3252	1.7787	1.0806	0.0000	0.0000	0.0000	0.0000	0.0000	0.0000
3.0984	3.4548	4.7447	3.5842	2.4724	2.5228	1.8265	2.3994	1.1959	1.6305	1.1144	1.0815	0.0000	0.0000	0.0000	0.0000	0.0000
3.2829	3.5142	4.2046	3.2073	1.7089	2.8850	1.9349	2.9764	1.3005	1.5987	1.1302	1.1369	1.2220	0.0000	0.0000	0.0000	0.0000
4.2010	5.6899	6.7833	6.3749	1.2008	1.4722	1.5182	1.2057	1.5903	2.0178	1.0894	1.1834	1.0882	0.8170	0.0000	0.0000	0.0000
3.8780	5.5887	5.4343	5.5359	1.0486	1.4930	1.4579	1.1896	1.6339	2.0226	1.0707	1.2438	1.2038	0.8088	1.0867	0.0000	0.0000
3.5369	5.5359	4.4819	5.3848	0.8907	1.3877	1.3844	1.2542	1.6316	2.3713	1.1891	1.4294	1.4142	0.8402	1.2045	0.9789	0.0000
3.3268	4.2858	4.7763	5.2936	0.9474	1.4736	1.4260	1.3143	1.9322	2.6626	1.1899	1.5996	1.6309	0.8715	1.1181	1.3045	0.9902
