0.3621	0.0000	0.0000	0.0000	0.0000	0.0000	0.0000	0.0000	0.0000	0.0000	0.0000	0.0000	0.0000	0.0000	0.0000	0.0000	0.0000
0.3448	0.6875	0.0000	0.0000	0.0000	0.0000	0.0000	0.0000	0.0000	0.0000	0.0000	0.0000	0.0000	0.0000	0.0000	0.0000	0.0000
0.3103	0.3825	0.6400	0.0000	0.0000	0.0000	0.0000	0.0000	0.0000	0.0000	0.0000	0.0000	0.0000	0.0000	0.0000	0.0000	0.0000
0.3448	0.4350	0.5100	0.6125	0.0000	0.0000	0.0000	0.0000	0.0000	0.0000	0.0000	0.0000	0.0000	0.0000	0.0000	0.0000	0.0000
0.0345	0.0125	0.3775	0.3850	0.6714	0.0000	0.0000	0.0000	0.0000	0.0000	0.0000	0.0000	0.0000	0.0000	0.0000	0.0000	0.0000
0.0000	0.0000	0.1225	0.0000	0.6220	0.5625	0.0000	0.0000	0.0000	0.0000	0.0000	0.0000	0.0000	0.0000	0.0000	0.0000	0.0000
0.0000	0.0000	0.0125	0.0650	0.5021	0.4925	0.4450	0.0000	0.0000	0.0000	0.0000	0.0000	0.0000	0.0000	0.0000	0.0000	0.0000
0.0000	0.0000	0.0400	0.1050	0.5031	0.5700	0.4075	0.5950	0.0000	0.0000	0.0000	0.0000	0.0000	0.0000	0.0000	0.0000	0.0000
0.0172	0.2575	0.1000	0.4425	0.4993	0.1625	0.3350	0.4300	0.5325	0.0000	0.0000	0.0000	0.0000	0.0000	0.0000	0.0000	0.0000
0.0000	0.1225	0.0000	0.0000	0.0000	0.0000	0.0650	0.0000	0.3700	0.3091	0.0000	0.0000	0.0000	0.0000	0.0000	0.0000	0.0000
0.0000	0.0000	0.0000	0.0000	0.5000	0.3775	0.3775	0.3775	0.3825	0.1455	0.3825	0.0000	0.0000	0.0000	0.0000	0.0000	0.0000
0.0000	0.0000	0.0000	0.0000	0.0000	0.0000	0.3775	0.0000	0.3825	0.2273	0.2400	0.3825	0.0000	0.0000	0.0000	0.0000	0.0000
0.0000	0.0000	0.0000	0.0000	0.5000	0.0000	0.3775	0.0000	0.2975	0.2045	0.3950	0.3825	0.4000	0.0000	0.0000	0.0000	0.0000
0.0000	0.0000	0.0000	0.0000	0.5000	0.3775	0.3775	0.2650	0.3825	0.1455	0.2500	0.3775	0.4160	0.7010	0.0000	0.0000	0.0000
0.0000	0.0000	0.0000	0.0000	0.5000	0.3775	0.3775	0.3775	0.3825	0.1455	0.4900	0.1600	0.3180	0.7010	0.3400	0.0000	0.0000
0.0000	0.0000	0.0000	0.0000	0.5000	0.3775	0.2725	0.4950	0.4750	0.1455	0.2650	0.3775	0.2280	0.7010	0.3400	0.4950	0.0000
0.0000	0.0000	0.0000	0.0000	0.4894	0.3775	0.2650	0.3825	0.2775	0.0523	0.3775	0.3775	0.2460	0.7010	0.3400	0.4150	0.4825
