0.2241	0.0000	0.0000	0.0000	0.0000	0.0000	0.0000	0.0000	0.0000	0.0000	0.0000	0.0000	0.0000	0.0000	0.0000	0.0000	0.0000
0.3276	0.6850	0.0000	0.0000	0.0000	0.0000	0.0000	0.0000	0.0000	0.0000	0.0000	0.0000	0.0000	0.0000	0.0000	0.0000	0.0000
0.2241	0.5050	0.7050	0.0000	0.0000	0.0000	0.0000	0.0000	0.0000	0.0000	0.0000	0.0000	0.0000	0.0000	0.0000	0.0000	0.0000
0.3448	0.3750	0.5075	0.6300	0.0000	0.0000	0.0000	0.0000	0.0000	0.0000	0.0000	0.0000	0.0000	0.0000	0.0000	0.0000	0.0000
0.2414	0.4400	0.2650	0.2400	0.7180	0.0000	0.0000	0.0000	0.0000	0.0000	0.0000	0.0000	0.0000	0.0000	0.0000	0.0000	0.0000
0.2931	0.1075	0.1650	0.0925	0.5034	0.7150	0.0000	0.0000	0.0000	0.0000	0.0000	0.0000	0.0000	0.0000	0.0000	0.0000	0.0000
0.2586	0.0725	0.2400	0.1950	0.5008	0.5625	0.6625	0.0000	0.0000	0.0000	0.0000	0.0000	0.0000	0.0000	0.0000	0.0000	0.0000
0.1897	0.1250	0.1725	0.0975	0.5026	0.6150	0.5450	0.6650	0.0000	0.0000	0.0000	0.0000	0.0000	0.0000	0.0000	0.0000	0.0000
0.2069	0.1125	0.1175	0.1300	0.5062	0.3425	0.5625	0.6075	0.5775	0.0000	0.0000	0.0000	0.0000	0.0000	0.0000	0.0000	0.0000
0.2759	0.3750	0.3650	0.3550	0.4999	0.2350	0.3800	0.2425	0.2425	0.4477	0.0000	0.0000	0.0000	0.0000	0.0000	0.0000	0.0000
0.0000	0.0875	0.1325	0.4700	0.2679	0.0950	0.2100	0.1875	0.1925	0.2477	0.6400	0.0000	0.0000	0.0000	0.0000	0.0000	0.0000
0.0000	0.0600	0.1700	0.3450	0.1511	0.1150	0.1000	0.1825	0.1800	0.2205	0.6350	0.6425	0.0000	0.0000	0.0000	0.0000	0.0000
0.1034	0.3525	0.3775	0.3850	0.4897	0.1775	0.3350	0.2175	0.2400	0.2659	0.3475	0.5700	0.7480	0.0000	0.0000	0.0000	0.0000
0.2931	0.3775	0.3775	0.3775	0.5000	0.0100	0.3825	0.0000	0.0700	0.2432	0.3825	0.3825	0.5380	0.7010	0.0000	0.0000	0.0000
0.3276	0.4325	0.5175	0.4050	0.4270	0.0300	0.0650	0.0100	0.0000	0.1295	0.2550	0.3425	0.4160	0.7010	0.4400	0.0000	0.0000
0.0690	0.4175	0.3925	0.2425	0.3022	0.0000	0.0150	0.0000	0.0275	0.1091	0.3300	0.2750	0.4140	0.7010	0.3800	0.5675	0.0000
0.3448	0.3775	0.6175	0.3875	0.1462	0.0050	0.2800	0.0000	0.0325	0.1318	0.3825	0.3825	0.4120	0.7010	0.2000	0.5100	0.6400
