0.8580	0.0362	0.1875	0.0250	0.0025	0.0600	0.0517	0.2159	0.0025	0.1475	0.3000	0.3550	0.0100	0.2825	0.1031	0.2300	0.0050
0.8740	0.7059	0.1475	0.1800	0.0250	0.0375	0.1724	0.1318	0.2775	0.0475	0.3700	0.3125	0.0200	0.0350	0.3196	0.0850	0.0950
0.8800	0.6926	0.7425	0.1325	0.0075	0.0000	0.2586	0.1068	0.2150	0.0000	0.2500	0.2450	0.0100	0.1225	0.3918	0.0200	0.0275
0.8920	0.7049	0.7175	0.8125	0.0125	0.0025	0.0517	0.1045	0.0625	0.0350	0.2375	0.1100	0.0100	0.0400	0.5258	0.0175	0.0050
0.8800	0.7003	0.6675	0.7850	0.7350	0.0000	0.0862	0.1386	0.0200	0.0325	0.1825	0.0775	0.0100	0.0375	0.4742	0.1250	0.0050
0.8940	0.7022	0.6825	0.8200	0.7350	0.9125	0.1207	0.1795	0.0175	0.0000	0.1100	0.1225	0.0200	0.0075	0.4742	0.1325	0.0150
0.9080	0.7025	0.6500	0.8025	0.7450	0.9250	0.5345	0.2000	0.0425	0.0075	0.1425	0.1625	0.0200	0.0400	0.4433	0.0700	0.0500
0.8900	0.6851	0.6725	0.7825	0.7100	0.9250	0.5345	0.6909	0.0500	0.0225	0.0075	0.1925	0.0000	0.0625	0.1856	0.1050	0.0625
0.8900	0.6891	0.6625	0.8050	0.7400	0.9200	0.4655	0.6545	0.7500	0.0150	0.0550	0.1375	0.0000	0.0175	0.2680	0.1550	0.0375
0.9020	0.6766	0.6375	0.7875	0.7300	0.9225	0.4655	0.6886	0.7750	0.8125	0.0275	0.1525	0.0300	0.0325	0.2680	0.3075	0.0350
0.9040	0.6710	0.6700	0.8125	0.7200	0.9250	0.4138	0.6886	0.7575	0.8000	0.7050	0.1575	0.0100	0.0800	0.1959	0.2325	0.0425
0.9020	0.6726	0.6500	0.7950	0.7025	0.9225	0.4138	0.6841	0.7425	0.8075	0.7350	0.7400	0.0000	0.0925	0.3814	0.2450	0.0450
0.8980	0.6713	0.6275	0.7650	0.6700	0.9200	0.3966	0.7000	0.7650	0.7800	0.7500	0.7800	0.2800	0.0500	0.3608	0.1700	0.0175
0.9020	0.6502	0.6100	0.7275	0.7000	0.9175	0.3966	0.6932	0.7525	0.7625	0.7150	0.7775	0.3200	0.7075	0.2887	0.1850	0.0125
0.8960	0.6212	0.6150	0.7350	0.6875	0.9200	0.4138	0.6932	0.7650	0.7400	0.7400	0.7700	0.3100	0.7050	0.7113	0.1025	0.0100
0.9000	0.6546	0.6075	0.7575	0.7050	0.9225	0.3966	0.6932	0.7625	0.7925	0.7150	0.7750	0.3300	0.7025	0.7113	0.8300	0.0025
0.8960	0.6273	0.6375	0.7875	0.6975	0.9200	0.4828	0.6909	0.7525	0.8075	0.6625	0.7650	0.3000	0.6875	0.7113	0.7975	0.6775
