0.3501	2.0180	2.0145	2.2053	2.3359	2.2620	2.1059	2.0842	2.3860	2.2442	1.9943	1.8375	2.2558	2.0481	2.3450	2.1545	2.3416
0.3839	0.5734	2.0335	2.0615	2.1918	2.2016	2.0593	2.1548	2.1204	2.1831	2.0282	1.9257	2.1588	2.1829	2.0165	2.1504	2.0804
0.3262	0.5978	0.6488	2.1185	2.3751	2.5372	1.9874	2.2166	2.2495	2.5336	2.1085	1.8981	2.2572	2.2504	1.9080	2.3012	2.2885
0.2985	0.5995	0.7080	0.5148	2.3141	2.5702	2.1063	2.2070	2.3027	2.3852	2.1935	1.9774	2.3938	2.2202	1.8374	2.3655	2.4997
0.3118	0.6105	0.8486	0.5526	0.7030	2.5805	2.0891	2.1818	2.4094	2.4310	2.2498	2.1054	2.3393	2.3116	1.9099	2.3468	2.4456
0.2884	0.6131	0.8344	0.5342	0.6928	0.2605	2.0698	2.1261	2.3655	2.3871	2.0817	2.0238	2.2319	2.3365	1.9264	2.3273	2.3192
0.2729	0.6080	0.8612	0.5741	0.7033	0.2471	1.3239	2.1190	2.3521	2.2970	2.0782	1.9714	2.1832	2.2177	1.9677	2.3999	2.2244
0.3100	0.6265	0.8916	0.6326	0.7329	0.2845	1.4466	0.8801	2.2568	2.2724	2.2349	1.9609	2.1716	2.1176	2.0372	2.1773	2.3098
0.2988	0.6218	0.8792	0.5598	0.7007	0.2491	1.4441	0.9974	0.6021	2.2875	2.3303	1.9157	2.1592	2.1728	1.9743	2.1815	2.3086
0.2622	0.6697	0.8795	0.5920	0.7097	0.2418	1.4604	0.8875	0.6000	0.5032	2.1910	1.9479	2.1293	2.1832	1.9567	2.0006	2.3362
0.2565	0.6798	0.8095	0.5361	0.7068	0.2364	1.4775	0.8938	0.5968	0.5685	0.6750	1.9610	2.2328	2.1365	1.9752	2.0114	2.3486
0.2618	0.6759	0.8343	0.5506	0.7405	0.2390	1.4105	0.9177	0.6006	0.5897	0.6889	0.6257	2.3247	2.2059	1.9777	2.0590	2.4126
0.2677	0.6708	0.8964	0.6475	0.8034	0.2479	1.4519	0.8937	0.6286	0.6122	0.6667	0.6065	1.3030	2.1584	1.9122	2.2194	2.2842
0.2683	0.7227	0.9987	0.7385	0.8469	0.2511	1.4219	0.8982	0.6412	0.6921	0.6883	0.6140	1.2274	0.7366	1.9778	2.0984	2.3234
0.2706	0.8011	0.9049	0.6999	0.8479	0.2546	1.5071	0.8847	0.6424	0.7397	0.6969	0.6188	1.2134	0.7326	0.7921	2.2900	2.3020
0.2719	0.6817	0.9519	0.6921	0.8073	0.2567	1.4342	0.8665	0.6237	0.5976	0.7277	0.6393	1.1749	0.7318	0.8074	0.4869	2.2995
0.2753	0.7557	0.8977	0.6267	0.7690	0.2632	1.4237	0.8520	0.6125	0.5537	0.7826	0.6206	1.2490	0.7154	0.8033	0.5164	0.7806
