0.8056	0.0186	0.0863	0.0161	0.0022	0.0539	0.0449	0.1186	0.0022	0.0674	0.0950	0.1184	0.0106	0.1479	0.0476	0.0613	0.0032
0.8546	0.7051	0.0730	0.0775	0.0194	0.0305	0.0975	0.0914	0.0903	0.0249	0.0937	0.1444	0.0190	0.0307	0.0888	0.0495	0.0552
0.8633	0.6880	0.7387	0.0523	0.0075	0.0000	0.1238	0.0756	0.0687	0.0000	0.0821	0.1304	0.0119	0.0488	0.0805	0.0156	0.0235
0.8717	0.7048	0.7081	0.8036	0.0089	0.0015	0.0545	0.0643	0.0385	0.0229	0.0838	0.0811	0.0133	0.0209	0.1345	0.0102	0.0046
0.8599	0.6999	0.6397	0.7752	0.7341	0.0000	0.0571	0.0836	0.0146	0.0175	0.0691	0.0634	0.0133	0.0234	0.1170	0.0612	0.0065
0.8757	0.7013	0.6661	0.8101	0.7334	0.9078	0.0920	0.0843	0.0135	0.0000	0.0619	0.0845	0.0214	0.0059	0.1179	0.0666	0.0126
0.8868	0.7023	0.6233	0.7913	0.7423	0.9208	0.4033	0.1137	0.0252	0.0054	0.0771	0.0944	0.0197	0.0223	0.0999	0.0381	0.0337
0.8662	0.6790	0.6504	0.7538	0.7052	0.9206	0.3936	0.6936	0.0311	0.0157	0.0060	0.1081	0.0000	0.0343	0.0495	0.0719	0.0350
0.8718	0.6853	0.6441	0.7845	0.7361	0.9151	0.3470	0.6528	0.7362	0.0100	0.0334	0.0867	0.0000	0.0139	0.0619	0.1043	0.0214
0.8804	0.6658	0.6038	0.7600	0.7225	0.9188	0.3336	0.6861	0.7561	0.8065	0.0193	0.0875	0.0244	0.0248	0.0869	0.1492	0.0180
0.8814	0.6595	0.6468	0.7954	0.7144	0.9204	0.3191	0.6869	0.7464	0.7939	0.6994	0.0999	0.0154	0.0457	0.0649	0.1320	0.0250
0.8819	0.6622	0.6217	0.7818	0.6985	0.9182	0.2759	0.6840	0.7346	0.8002	0.7294	0.7352	0.0000	0.0527	0.0891	0.1244	0.0261
0.8757	0.6606	0.5925	0.7497	0.6708	0.9157	0.3009	0.7000	0.7517	0.7738	0.7320	0.7682	0.2425	0.0302	0.0729	0.0865	0.0117
0.8776	0.6287	0.5565	0.7109	0.6987	0.9139	0.2666	0.6954	0.7376	0.7548	0.7027	0.7688	0.2997	0.7047	0.0660	0.1011	0.0086
0.8711	0.5811	0.5724	0.7176	0.6867	0.9160	0.2777	0.6966	0.7465	0.7300	0.7316	0.7592	0.2849	0.7041	0.4306	0.0792	0.0083
0.8775	0.6345	0.5613	0.7448	0.7018	0.9181	0.2590	0.6983	0.7443	0.7851	0.7087	0.7646	0.3295	0.6975	0.4306	0.8247	0.0033
0.8755	0.5907	0.6026	0.7743	0.6963	0.9164	0.3156	0.6961	0.7363	0.8021	0.6541	0.7527	0.2464	0.6800	0.4306	0.7915	0.6732
