0.3448	0.0000	0.0000	0.0000	0.0000	0.0000	0.0000	0.0000	0.0000	0.0000	0.0000	0.0000	0.0000	0.0000	0.0000	0.0000	0.0000
0.1897	0.6700	0.0000	0.0000	0.0000	0.0000	0.0000	0.0000	0.0000	0.0000	0.0000	0.0000	0.0000	0.0000	0.0000	0.0000	0.0000
0.2241	0.1775	0.6275	0.0000	0.0000	0.0000	0.0000	0.0000	0.0000	0.0000	0.0000	0.0000	0.0000	0.0000	0.0000	0.0000	0.0000
0.2241	0.1550	0.6325	0.6300	0.0000	0.0000	0.0000	0.0000	0.0000	0.0000	0.0000	0.0000	0.0000	0.0000	0.0000	0.0000	0.0000
0.2069	0.3825	0.2650	0.2400	0.7122	0.0000	0.0000	0.0000	0.0000	0.0000	0.0000	0.0000	0.0000	0.0000	0.0000	0.0000	0.0000
0.3448	0.3200	0.1875	0.2400	0.5000	0.6175	0.0000	0.0000	0.0000	0.0000	0.0000	0.0000	0.0000	0.0000	0.0000	0.0000	0.0000
0.3448	0.2475	0.0950	0.2400	0.5192	0.5000	0.6175	0.0000	0.0000	0.0000	0.0000	0.0000	0.0000	0.0000	0.0000	0.0000	0.0000
0.3448	0.2225	0.2400	0.2400	0.4806	0.4825	0.5850	0.6650	0.0000	0.0000	0.0000	0.0000	0.0000	0.0000	0.0000	0.0000	0.0000
0.3448	0.4775	0.1300	0.2125	0.4852	0.3500	0.4675	0.3825	0.6175	0.0000	0.0000	0.0000	0.0000	0.0000	0.0000	0.0000	0.0000
0.3276	0.2650	0.1800	0.2300	0.5282	0.3900	0.3100	0.3400	0.5375	0.5341	0.0000	0.0000	0.0000	0.0000	0.0000	0.0000	0.0000
0.2241	0.4425	0.1400	0.1675	0.4998	0.3775	0.6175	0.4825	0.4950	0.3159	0.6500	0.0000	0.0000	0.0000	0.0000	0.0000	0.0000
0.2241	0.1725	0.5600	0.4400	0.5018	0.3775	0.1775	0.1975	0.2800	0.2273	0.2025	0.6450	0.0000	0.0000	0.0000	0.0000	0.0000
0.2241	0.1250	0.6175	0.5025	0.4630	0.3775	0.1225	0.1975	0.1625	0.2227	0.1375	0.7525	0.7040	0.0000	0.0000	0.0000	0.0000
0.2241	0.2400	0.3825	0.3825	0.5000	0.3775	0.2400	0.3600	0.3575	0.2295	0.2400	0.3825	0.4080	0.7010	0.0000	0.0000	0.0000
0.3448	0.3825	0.3825	0.2400	0.5022	0.3775	0.3825	0.3825	0.3500	0.2295	0.3750	0.3825	0.4080	0.7010	0.3400	0.0000	0.0000
0.2241	0.2375	0.4600	0.5000	0.5034	0.5275	0.3825	0.2225	0.2125	0.2318	0.1825	0.5950	0.4740	0.7113	0.3500	0.6825	0.0000
0.2241	0.1400	0.3775	0.4900	0.0136	0.3675	0.2675	0.2050	0.2225	0.2659	0.2400	0.4900	0.4520	0.3814	0.2300	0.4875	0.6300
