0.2384	0.0000	0.0000	0.0000	0.0000	0.0000	0.0000	0.0000	0.0000	0.0000	0.0000	0.0000	0.0000	0.0000	0.0000	0.0000	0.0000
0.3193	0.7264	0.0000	0.0000	0.0000	0.0000	0.0000	0.0000	0.0000	0.0000	0.0000	0.0000	0.0000	0.0000	0.0000	0.0000	0.0000
0.0732	0.7075	0.6986	0.0000	0.0000	0.0000	0.0000	0.0000	0.0000	0.0000	0.0000	0.0000	0.0000	0.0000	0.0000	0.0000	0.0000
0.1540	0.7132	0.6983	0.6861	0.0000	0.0000	0.0000	0.0000	0.0000	0.0000	0.0000	0.0000	0.0000	0.0000	0.0000	0.0000	0.0000
0.1757	0.7112	0.6904	0.6879	0.7149	0.0000	0.0000	0.0000	0.0000	0.0000	0.0000	0.0000	0.0000	0.0000	0.0000	0.0000	0.0000
0.2107	0.6719	0.6924	0.6693	0.7074	0.6907	0.0000	0.0000	0.0000	0.0000	0.0000	0.0000	0.0000	0.0000	0.0000	0.0000	0.0000
0.1498	0.7065	0.6947	0.7027	0.6998	0.6916	0.6823	0.0000	0.0000	0.0000	0.0000	0.0000	0.0000	0.0000	0.0000	0.0000	0.0000
0.0933	0.6479	0.6246	0.4696	0.7076	0.6308	0.5608	0.5392	0.0000	0.0000	0.0000	0.0000	0.0000	0.0000	0.0000	0.0000	0.0000
0.1582	0.6908	0.6838	0.6745	0.7141	0.6582	0.6937	0.6138	0.6639	0.0000	0.0000	0.0000	0.0000	0.0000	0.0000	0.0000	0.0000
0.1923	0.6646	0.6437	0.6892	0.7192	0.6806	0.6832	0.6169	0.6501	0.5593	0.0000	0.0000	0.0000	0.0000	0.0000	0.0000	0.0000
0.1597	0.6456	0.6701	0.6655	0.7182	0.6384	0.6477	0.6325	0.6004	0.5703	0.6230	0.0000	0.0000	0.0000	0.0000	0.0000	0.0000
0.2353	0.6180	0.6788	0.6679	0.7050	0.6471	0.6736	0.6026	0.6313	0.5688	0.6329	0.6445	0.0000	0.0000	0.0000	0.0000	0.0000
0.2020	0.7799	0.8669	0.8369	0.2307	0.7301	0.7704	0.7237	0.6989	0.5372	0.7385	0.7590	0.7661	0.0000	0.0000	0.0000	0.0000
0.2219	0.7878	0.8950	0.8190	0.7153	0.7640	0.7802	0.7312	0.7412	0.6253	0.7662	0.7692	0.6973	0.3598	0.0000	0.0000	0.0000
0.2053	0.7787	0.8750	0.8510	0.4503	0.7493	0.7140	0.7284	0.7275	0.5279	0.7159	0.7171	0.7257	0.2764	0.2098	0.0000	0.0000
0.2259	0.7508	0.8773	0.8280	0.7006	0.7350	0.7970	0.7256	0.7568	0.5444	0.7199	0.7572	0.7613	0.2724	0.2496	0.7306	0.0000
0.1820	0.8222	0.8910	0.8232	0.4776	0.7791	0.8079	0.7179	0.7662	0.5541	0.7718	0.7717	0.7695	0.2747	0.2531	0.6920	0.7821
