0.4138	0.0000	0.0000	0.0000	0.0000	0.0000	0.0000	0.0000	0.0000	0.0000	0.0000	0.0000	0.0000	0.0000	0.0000	0.0000	0.0000
0.4828	0.7300	0.0000	0.0000	0.0000	0.0000	0.0000	0.0000	0.0000	0.0000	0.0000	0.0000	0.0000	0.0000	0.0000	0.0000	0.0000
0.2241	0.7375	0.7300	0.0000	0.0000	0.0000	0.0000	0.0000	0.0000	0.0000	0.0000	0.0000	0.0000	0.0000	0.0000	0.0000	0.0000
0.3103	0.7425	0.7075	0.7050	0.0000	0.0000	0.0000	0.0000	0.0000	0.0000	0.0000	0.0000	0.0000	0.0000	0.0000	0.0000	0.0000
0.3448	0.7325	0.7000	0.6975	0.7149	0.0000	0.0000	0.0000	0.0000	0.0000	0.0000	0.0000	0.0000	0.0000	0.0000	0.0000	0.0000
0.4138	0.7000	0.7050	0.6875	0.7095	0.7075	0.0000	0.0000	0.0000	0.0000	0.0000	0.0000	0.0000	0.0000	0.0000	0.0000	0.0000
0.3621	0.7100	0.6950	0.7050	0.7055	0.6950	0.6800	0.0000	0.0000	0.0000	0.0000	0.0000	0.0000	0.0000	0.0000	0.0000	0.0000
0.2414	0.6450	0.6200	0.6000	0.7077	0.6450	0.5925	0.5650	0.0000	0.0000	0.0000	0.0000	0.0000	0.0000	0.0000	0.0000	0.0000
0.2931	0.7175	0.7000	0.7000	0.7141	0.6775	0.7125	0.6400	0.6800	0.0000	0.0000	0.0000	0.0000	0.0000	0.0000	0.0000	0.0000
0.3793	0.6875	0.6800	0.6975	0.7201	0.6950	0.7075	0.6350	0.6725	0.5591	0.0000	0.0000	0.0000	0.0000	0.0000	0.0000	0.0000
0.3103	0.6800	0.7075	0.6975	0.7184	0.6775	0.6750	0.6525	0.6450	0.5636	0.6475	0.0000	0.0000	0.0000	0.0000	0.0000	0.0000
0.4655	0.6400	0.7100	0.7025	0.7056	0.6850	0.6975	0.6275	0.6675	0.5636	0.6600	0.6625	0.0000	0.0000	0.0000	0.0000	0.0000
0.3966	0.7975	0.8775	0.8450	0.6974	0.7575	0.7850	0.7350	0.7300	0.5205	0.7500	0.7675	0.8240	0.0000	0.0000	0.0000	0.0000
0.4310	0.7900	0.9000	0.8200	0.7188	0.7650	0.7850	0.7275	0.7425	0.6045	0.7700	0.7675	0.7240	0.7113	0.0000	0.0000	0.0000
0.3966	0.8000	0.8850	0.8550	0.6851	0.7700	0.7500	0.7450	0.7500	0.5227	0.7300	0.7250	0.7960	0.7010	0.3500	0.0000	0.0000
0.4483	0.7600	0.8825	0.8350	0.7029	0.7450	0.8075	0.7250	0.7650	0.5523	0.7325	0.7600	0.7960	0.6907	0.3500	0.7325	0.0000
0.3621	0.8325	0.9000	0.8275	0.7182	0.7850	0.8175	0.7250	0.7800	0.5477	0.7825	0.7725	0.7980	0.7010	0.3700	0.7025	0.8000
