1.3695	0.0000	0.0000	0.0000	0.0000	0.0000	0.0000	0.0000	0.0000	0.0000	0.0000	0.0000	0.0000	0.0000	0.0000	0.0000	0.0000
1.5446	0.6861	0.0000	0.0000	0.0000	0.0000	0.0000	0.0000	0.0000	0.0000	0.0000	0.0000	0.0000	0.0000	0.0000	0.0000	0.0000
1.4771	0.7096	0.8197	0.0000	0.0000	0.0000	0.0000	0.0000	0.0000	0.0000	0.0000	0.0000	0.0000	0.0000	0.0000	0.0000	0.0000
1.3522	0.7397	0.8745	0.7081	0.0000	0.0000	0.0000	0.0000	0.0000	0.0000	0.0000	0.0000	0.0000	0.0000	0.0000	0.0000	0.0000
1.4915	1.1609	1.5568	1.2760	0.5849	0.0000	0.0000	0.0000	0.0000	0.0000	0.0000	0.0000	0.0000	0.0000	0.0000	0.0000	0.0000
1.3822	0.9406	1.2094	0.9339	0.6540	0.6880	0.0000	0.0000	0.0000	0.0000	0.0000	0.0000	0.0000	0.0000	0.0000	0.0000	0.0000
1.4040	0.8491	1.1526	0.8379	0.7302	0.6933	0.7418	0.0000	0.0000	0.0000	0.0000	0.0000	0.0000	0.0000	0.0000	0.0000	0.0000
1.4073	0.9428	1.0995	0.8585	0.7921	0.7036	0.8035	0.6658	0.0000	0.0000	0.0000	0.0000	0.0000	0.0000	0.0000	0.0000	0.0000
1.4466	1.0134	1.1154	0.9055	0.7918	0.7188	0.8589	0.6850	0.8247	0.0000	0.0000	0.0000	0.0000	0.0000	0.0000	0.0000	0.0000
1.5073	1.0353	1.4269	1.2617	0.7057	0.8515	0.8904	0.8543	1.0596	1.1096	0.0000	0.0000	0.0000	0.0000	0.0000	0.0000	0.0000
1.6134	0.8595	1.2058	0.9739	0.6909	0.8078	0.8939	0.7850	1.0627	1.2198	0.7831	0.0000	0.0000	0.0000	0.0000	0.0000	0.0000
1.5607	0.9093	1.3047	1.0964	0.7099	0.8151	0.9211	0.8048	1.1375	1.3953	0.8113	0.7483	0.0000	0.0000	0.0000	0.0000	0.0000
1.6032	0.9613	1.4348	1.1047	0.6752	0.8800	0.9101	0.9795	1.2210	1.2522	0.9273	0.9076	0.7573	0.0000	0.0000	0.0000	0.0000
1.7457	0.8607	1.3651	1.0914	0.7469	0.8015	0.9310	0.8471	1.0611	1.3408	0.8256	0.8834	0.8573	0.7804	0.0000	0.0000	0.0000
1.6383	0.9099	1.3221	0.9344	0.6555	0.8869	0.9517	0.9560	1.1108	1.3502	0.8955	1.0507	0.7927	0.7933	1.0772	0.0000	0.0000
1.5858	0.9169	1.2234	0.8446	0.7666	0.8031	0.8756	0.9058	1.0279	1.4727	0.8551	0.9971	0.7177	0.8020	1.0874	0.6957	0.0000
1.6127	0.9461	1.2678	0.8880	0.6548	0.8668	1.0120	0.8838	1.0282	1.3872	0.8413	1.0001	0.7160	0.8360	1.1277	0.8105	0.7546
