0.2253	0.0000	0.0000	0.0000	0.0000	0.0000	0.0000	0.0000	0.0000	0.0000	0.0000	0.0000	0.0000	0.0000	0.0000	0.0000	0.0000
0.1752	0.7044	0.0000	0.0000	0.0000	0.0000	0.0000	0.0000	0.0000	0.0000	0.0000	0.0000	0.0000	0.0000	0.0000	0.0000	0.0000
0.1808	0.7026	0.6368	0.0000	0.0000	0.0000	0.0000	0.0000	0.0000	0.0000	0.0000	0.0000	0.0000	0.0000	0.0000	0.0000	0.0000
0.3160	0.6956	0.6429	0.6792	0.0000	0.0000	0.0000	0.0000	0.0000	0.0000	0.0000	0.0000	0.0000	0.0000	0.0000	0.0000	0.0000
0.2662	0.5698	0.3936	0.5943	0.6987	0.0000	0.0000	0.0000	0.0000	0.0000	0.0000	0.0000	0.0000	0.0000	0.0000	0.0000	0.0000
0.2470	0.5710	0.4641	0.6335	0.6912	0.7019	0.0000	0.0000	0.0000	0.0000	0.0000	0.0000	0.0000	0.0000	0.0000	0.0000	0.0000
0.2087	0.6243	0.5553	0.6559	0.6635	0.6946	0.6851	0.0000	0.0000	0.0000	0.0000	0.0000	0.0000	0.0000	0.0000	0.0000	0.0000
0.2897	0.5274	0.5545	0.6399	0.6544	0.7019	0.6781	0.7341	0.0000	0.0000	0.0000	0.0000	0.0000	0.0000	0.0000	0.0000	0.0000
0.2179	0.4867	0.5521	0.6065	0.6461	0.6952	0.6649	0.6935	0.6155	0.0000	0.0000	0.0000	0.0000	0.0000	0.0000	0.0000	0.0000
0.2777	0.5738	0.6089	0.5611	0.6719	0.6769	0.6523	0.6786	0.5488	0.6099	0.0000	0.0000	0.0000	0.0000	0.0000	0.0000	0.0000
0.1844	0.6595	0.5601	0.6094	0.6745	0.6589	0.6362	0.6675	0.5329	0.5538	0.6385	0.0000	0.0000	0.0000	0.0000	0.0000	0.0000
0.2187	0.6394	0.5026	0.5189	0.6673	0.6867	0.6225	0.6542	0.4670	0.5095	0.6239	0.6909	0.0000	0.0000	0.0000	0.0000	0.0000
0.3130	0.6671	0.3880	0.6576	0.6541	0.6647	0.6386	0.6551	0.6314	0.5342	0.6343	0.5669	0.6356	0.0000	0.0000	0.0000	0.0000
0.1582	0.6803	0.4030	0.5469	0.6276	0.6492	0.5303	0.6385	0.5823	0.4690	0.6529	0.5336	0.6209	0.2747	0.0000	0.0000	0.0000
0.1966	0.6692	0.5365	0.6970	0.6714	0.6413	0.5582	0.5629	0.6370	0.4593	0.5638	0.4789	0.6192	0.2747	0.3318	0.0000	0.0000
0.2131	0.5832	0.4941	0.6686	0.6161	0.6592	0.6288	0.5661	0.6513	0.4393	0.6465	0.4943	0.6882	0.2747	0.2720	0.6980	0.0000
0.2101	0.5516	0.4688	0.6188	0.6700	0.6388	0.5636	0.6158	0.5960	0.4798	0.6363	0.5011	0.7030	0.2747	0.2324	0.6201	0.6725
