0.3448	0.0000	0.0000	0.0000	0.0000	0.0000	0.0000	0.0000	0.0000	0.0000	0.0000	0.0000	0.0000	0.0000	0.0000	0.0000	0.0000
0.3621	0.7175	0.0000	0.0000	0.0000	0.0000	0.0000	0.0000	0.0000	0.0000	0.0000	0.0000	0.0000	0.0000	0.0000	0.0000	0.0000
0.3793	0.7175	0.6500	0.0000	0.0000	0.0000	0.0000	0.0000	0.0000	0.0000	0.0000	0.0000	0.0000	0.0000	0.0000	0.0000	0.0000
0.4828	0.7025	0.6425	0.6925	0.0000	0.0000	0.0000	0.0000	0.0000	0.0000	0.0000	0.0000	0.0000	0.0000	0.0000	0.0000	0.0000
0.4310	0.5775	0.4375	0.5925	0.6998	0.0000	0.0000	0.0000	0.0000	0.0000	0.0000	0.0000	0.0000	0.0000	0.0000	0.0000	0.0000
0.4138	0.6025	0.4800	0.6400	0.6912	0.7150	0.0000	0.0000	0.0000	0.0000	0.0000	0.0000	0.0000	0.0000	0.0000	0.0000	0.0000
0.3621	0.6500	0.5550	0.6625	0.6730	0.7075	0.6925	0.0000	0.0000	0.0000	0.0000	0.0000	0.0000	0.0000	0.0000	0.0000	0.0000
0.4310	0.5900	0.5550	0.6525	0.6665	0.7150	0.6875	0.7425	0.0000	0.0000	0.0000	0.0000	0.0000	0.0000	0.0000	0.0000	0.0000
0.3276	0.5625	0.5750	0.6225	0.6608	0.7100	0.6750	0.7000	0.6400	0.0000	0.0000	0.0000	0.0000	0.0000	0.0000	0.0000	0.0000
0.4310	0.6025	0.6150	0.5800	0.6751	0.6925	0.6625	0.7000	0.5775	0.5886	0.0000	0.0000	0.0000	0.0000	0.0000	0.0000	0.0000
0.2931	0.6700	0.5675	0.6100	0.6745	0.6750	0.6525	0.6900	0.5300	0.5568	0.6525	0.0000	0.0000	0.0000	0.0000	0.0000	0.0000
0.3276	0.6525	0.5050	0.5200	0.6710	0.6950	0.6350	0.6700	0.4700	0.5318	0.6350	0.6975	0.0000	0.0000	0.0000	0.0000	0.0000
0.3621	0.6775	0.5275	0.6675	0.6597	0.6775	0.6575	0.6675	0.6300	0.5409	0.6500	0.6000	0.7080	0.0000	0.0000	0.0000	0.0000
0.2931	0.6850	0.4450	0.5475	0.6437	0.6675	0.5825	0.6500	0.5875	0.5068	0.6650	0.5900	0.6840	0.7010	0.0000	0.0000	0.0000
0.3276	0.6825	0.5475	0.7000	0.6714	0.6650	0.6075	0.6025	0.6400	0.4932	0.5975	0.5400	0.7020	0.7010	0.4300	0.0000	0.0000
0.3276	0.6175	0.5000	0.6775	0.6357	0.6750	0.6475	0.6050	0.6525	0.4545	0.6550	0.5575	0.7240	0.7010	0.4100	0.7050	0.0000
0.3621	0.6050	0.5000	0.6375	0.6700	0.6600	0.6100	0.6400	0.6125	0.4795	0.6475	0.5750	0.7260	0.7010	0.4000	0.6425	0.6900
