0.7329	0.0000	0.0000	0.0220	0.0937	0.0026	0.0000	0.0527	0.0232	0.0509	0.0517	0.0000	0.0587	0.0433	0.0294	0.0000	0.0057
-0.6340	0.7324	0.0000	-0.0220	-0.0937	0.1801	0.1291	-0.0009	-0.0232	0.0350	-0.0448	0.3708	0.0051	0.1411	0.2453	0.0234	0.1225
-0.0364	-0.3982	0.7596	0.0315	0.0631	-0.0755	0.0225	0.0295	0.0853	-0.0494	0.0896	-0.2481	-0.0006	-0.0684	0.0000	0.0782	-0.0086
0.0739	-0.1228	-0.5769	0.6389	0.1213	0.0772	-0.1319	-0.0151	0.1460	-0.0365	0.0011	0.0063	-0.0632	-0.1160	0.0000	-0.0631	-0.1196
0.0595	0.0107	0.2024	-0.4943	0.4510	0.0077	0.0271	0.0138	-0.1049	0.0115	-0.0662	-0.0540	0.0784	0.1156	0.0000	-0.0050	0.0131
-0.0894	0.1112	-0.2343	-0.0471	-0.4510	0.4951	-0.0053	0.0000	0.4311	-0.0115	0.1936	-0.0589	-0.0784	-0.0491	-0.0759	-0.0219	0.0176
-0.1065	0.0000	0.0319	0.2647	0.0000	-0.4439	0.1686	0.0000	-0.5048	0.0000	-0.2250	0.1129	0.0000	0.0233	-0.0539	0.0581	0.0575
0.0502	0.0000	0.0038	-0.0836	0.0143	0.2183	-0.0655	0.4887	0.0615	0.0000	0.1347	-0.0516	0.0066	0.0015	-0.0159	-0.0132	-0.0148
0.1457	0.0000	0.2675	-0.1001	0.0192	-0.2772	-0.0714	-0.4743	0.5519	0.0517	-0.0691	-0.0651	-0.0066	0.0068	0.1457	-0.0565	-0.0734
0.0000	-0.1116	-0.3340	-0.0810	0.0539	0.1604	0.0009	-0.0428	-0.3534	0.5981	0.1122	-0.0123	0.0444	0.0932	-0.2260	0.0000	0.0000
-0.0495	-0.0004	0.0634	0.0322	-0.0638	0.0388	-0.0130	0.0535	0.0274	0.0067	0.5217	0.0000	0.0350	-0.1566	-0.0137	0.0245	0.0856
-0.0099	0.1120	-0.0451	-0.0344	-0.0025	0.0586	0.0538	0.0341	-0.1705	-0.3362	-0.2159	0.6625	-0.0794	0.0200	0.2397	-0.0245	0.1880
0.0594	0.0000	0.0435	0.0668	-0.0211	-0.2578	-0.0417	-0.0592	0.0104	-0.0953	-0.2761	-0.5152	0.2037	-0.0547	0.0000	0.0000	-0.2736
-0.0821	-0.1121	-0.0247	0.0787	0.0154	0.1474	0.0672	0.0657	0.2553	0.3353	0.3165	0.0937	0.0710	0.6463	-0.2108	0.0495	0.0986
0.0821	0.1121	0.0887	-0.1433	-0.0154	-0.1474	-0.0672	-0.0941	-0.2234	-0.3776	-0.3605	-0.0952	-0.1545	-0.4525	0.2108	-0.0495	-0.0986
-0.0497	0.0000	0.0757	0.1744	0.1964	0.0129	0.0468	0.0744	0.2388	0.0000	-0.0575	0.0533	0.0729	0.2066	0.1238	0.6785	0.0077
-0.0353	0.0000	-0.1388	0.3010	-0.1960	0.2144	-0.0468	0.0010	-0.0014	0.1620	0.1620	0.1843	0.0771	0.0229	-0.0534	-0.4639	0.6747
