0.6422	0.0362	0.0000	0.0267	0.0000	0.0947	0.0000	0.1344	0.0000	0.0222	0.0000	0.0125	0.0000	0.1143	0.0042	0.0000	0.0000
-0.0395	0.4227	0.0046	-0.0267	0.0000	0.0213	0.0286	-0.0393	0.0248	0.0247	0.0000	0.0118	0.0000	0.0256	-0.0042	0.0000	0.0000
-0.1033	-0.1175	0.6750	0.0000	0.0103	-0.0615	-0.0157	-0.0361	-0.0147	-0.0469	0.0000	-0.0083	0.0000	-0.0328	0.0000	0.0095	0.1714
0.0850	0.0191	-0.2070	0.7204	-0.0103	0.0373	-0.0129	-0.0106	-0.0101	0.0414	0.0000	0.0016	0.0000	0.0330	0.0000	-0.0095	-0.1714
0.0108	-0.0024	0.0280	-0.0007	0.7172	-0.0293	0.0000	0.0487	0.0221	0.0015	0.0000	0.0000	0.0000	-0.0064	0.0000	0.0000	0.0083
0.0092	0.0204	0.0153	-0.0158	-0.0387	0.1839	0.0000	-0.0001	-0.0126	-0.0185	0.0000	0.0107	0.0017	0.0030	0.0000	0.0000	0.0115
0.0073	-0.0197	-0.0501	-0.1892	-0.1235	-0.0423	0.2747	0.0105	0.0451	0.0495	0.0000	-0.0123	-0.0017	-0.0259	0.0000	0.0000	-0.0198
0.0162	0.0315	0.0117	0.0607	0.0709	-0.0022	0.0000	0.5739	0.0158	-0.0362	0.0000	0.0530	0.0001	-0.0527	0.0605	0.0018	0.0495
0.0035	0.0027	-0.0491	-0.0199	-0.0572	0.1011	0.0000	-0.0403	0.6269	-0.0223	0.0296	0.0274	-0.0001	-0.0305	-0.0540	0.0004	-0.0466
-0.0251	-0.0197	-0.0765	-0.1126	-0.1255	-0.0489	0.0000	-0.1453	-0.0341	0.3053	-0.0296	-0.0044	0.0000	-0.0219	-0.0065	-0.0022	-0.0029
-0.0105	-0.0154	-0.0359	0.0151	-0.0316	-0.0008	0.0000	-0.0548	-0.1297	0.0300	0.6288	-0.0515	0.0002	-0.0057	0.0000	0.0021	0.0000
0.0331	0.0424	0.1097	0.1241	0.1781	-0.0428	0.0000	0.2017	0.1938	-0.0258	0.0103	0.6733	0.0001	0.0269	0.0000	0.0080	0.0000
-0.0360	-0.0706	0.2875	0.1326	-0.0398	0.0002	0.0000	-0.1606	-0.2543	-0.1074	-0.4947	-0.5869	0.6849	-0.0084	0.0000	-0.0101	0.0467
0.0222	0.0115	-0.0514	0.0036	0.1364	0.0323	0.0000	0.1013	0.1229	0.0425	0.1899	0.0981	-0.0469	0.7380	0.0000	0.0081	0.0225
0.0018	0.0423	-0.0688	-0.0066	0.0275	0.0570	0.0000	-0.0291	0.0359	0.0134	0.0504	0.2637	-0.0978	-0.0268	0.6320	-0.0016	0.0440
-0.0088	-0.0290	-0.0117	-0.0141	0.0045	-0.0094	0.0000	0.0071	0.0551	0.0004	0.1152	0.0734	-0.0227	0.0048	-0.0236	0.6558	0.0047
-0.0110	-0.0041	-0.0149	-0.0670	-0.1101	-0.0764	0.0000	-0.1245	-0.0608	-0.0226	-0.1760	-0.0092	-0.1271	-0.1766	0.0163	-0.0753	0.5317
