0.6422	0.0362	0.0000	0.0267	0.0000	0.0947	0.0000	0.1344	0.0000	0.0222	0.0000	0.0125	0.0000	0.1143	0.0042	0.0000	0.0000
0.6027	0.4589	0.0046	0.0000	0.0000	0.1160	0.0286	0.0951	0.0248	0.0469	0.0000	0.0243	0.0000	0.1399	0.0000	0.0000	0.0000
0.4994	0.3414	0.6796	0.0000	0.0103	0.0545	0.0129	0.0590	0.0101	0.0000	0.0000	0.0160	0.0000	0.1071	0.0000	0.0095	0.1714
0.5844	0.3605	0.4726	0.7204	0.0000	0.0918	0.0000	0.0484	0.0000	0.0414	0.0000	0.0176	0.0000	0.1401	0.0000	0.0000	0.0000
0.5952	0.3581	0.5006	0.7197	0.7172	0.0625	0.0000	0.0971	0.0221	0.0429	0.0000	0.0176	0.0000	0.1337	0.0000	0.0000	0.0083
0.6044	0.3785	0.5159	0.7039	0.6785	0.2464	0.0000	0.0970	0.0095	0.0244	0.0000	0.0283	0.0017	0.1367	0.0000	0.0000	0.0198
0.6117	0.3588	0.4658	0.5147	0.5550	0.2041	0.2747	0.1075	0.0546	0.0739	0.0000	0.0160	0.0000	0.1108	0.0000	0.0000	0.0000
0.6279	0.3903	0.4775	0.5754	0.6259	0.2019	0.2747	0.6814	0.0704	0.0377	0.0000	0.0690	0.0001	0.0581	0.0605	0.0018	0.0495
0.6314	0.3930	0.4284	0.5555	0.5687	0.3030	0.2747	0.6411	0.6973	0.0154	0.0296	0.0964	0.0000	0.0276	0.0065	0.0022	0.0029
0.6063	0.3733	0.3519	0.4429	0.4432	0.2541	0.2747	0.4958	0.6632	0.3207	0.0000	0.0920	0.0000	0.0057	0.0000	0.0000	0.0000
0.5958	0.3579	0.3160	0.4580	0.4116	0.2533	0.2747	0.4410	0.5335	0.3507	0.6288	0.0405	0.0002	0.0000	0.0000	0.0021	0.0000
0.6289	0.4003	0.4257	0.5821	0.5897	0.2105	0.2747	0.6427	0.7273	0.3249	0.6391	0.7138	0.0003	0.0269	0.0000	0.0101	0.0000
0.5929	0.3297	0.7132	0.7147	0.5499	0.2107	0.2747	0.4821	0.4730	0.2175	0.1444	0.1269	0.6852	0.0185	0.0000	0.0000	0.0467
0.6151	0.3412	0.6618	0.7183	0.6863	0.2430	0.2747	0.5834	0.5959	0.2600	0.3343	0.2250	0.6383	0.7565	0.0000	0.0081	0.0692
0.6169	0.3835	0.5930	0.7117	0.7138	0.3000	0.2747	0.5543	0.6318	0.2734	0.3847	0.4887	0.5405	0.7297	0.6320	0.0065	0.1132
0.6081	0.3545	0.5813	0.6976	0.7183	0.2906	0.2747	0.5614	0.6869	0.2738	0.4999	0.5621	0.5178	0.7345	0.6084	0.6623	0.1179
0.5971	0.3504	0.5664	0.6306	0.6082	0.2142	0.2747	0.4369	0.6261	0.2512	0.3239	0.5529	0.3907	0.5579	0.6247	0.5870	0.6496
