0.2750	0.0000	0.0000	0.0000	0.0000	0.0000	0.0000	0.0000	0.0000	0.0000	0.0000	0.0000	0.0000	0.0000	0.0000	0.0000	0.0000
0.2332	0.6641	0.0000	0.0000	0.0000	0.0000	0.0000	0.0000	0.0000	0.0000	0.0000	0.0000	0.0000	0.0000	0.0000	0.0000	0.0000
0.2419	0.6788	0.6433	0.0000	0.0000	0.0000	0.0000	0.0000	0.0000	0.0000	0.0000	0.0000	0.0000	0.0000	0.0000	0.0000	0.0000
0.1913	0.6865	0.6434	0.6557	0.0000	0.0000	0.0000	0.0000	0.0000	0.0000	0.0000	0.0000	0.0000	0.0000	0.0000	0.0000	0.0000
0.2868	0.6074	0.6233	0.6029	0.6930	0.0000	0.0000	0.0000	0.0000	0.0000	0.0000	0.0000	0.0000	0.0000	0.0000	0.0000	0.0000
0.3172	0.4933	0.5890	0.5978	0.6880	0.6722	0.0000	0.0000	0.0000	0.0000	0.0000	0.0000	0.0000	0.0000	0.0000	0.0000	0.0000
0.2203	0.5359	0.6284	0.6174	0.6758	0.6903	0.6915	0.0000	0.0000	0.0000	0.0000	0.0000	0.0000	0.0000	0.0000	0.0000	0.0000
0.2193	0.5077	0.5543	0.5237	0.6880	0.6780	0.6678	0.7327	0.0000	0.0000	0.0000	0.0000	0.0000	0.0000	0.0000	0.0000	0.0000
0.1742	0.5136	0.6274	0.6029	0.6874	0.6920	0.6834	0.6876	0.6720	0.0000	0.0000	0.0000	0.0000	0.0000	0.0000	0.0000	0.0000
0.2677	0.5812	0.6235	0.6259	0.6529	0.6818	0.6430	0.7169	0.5721	0.6070	0.0000	0.0000	0.0000	0.0000	0.0000	0.0000	0.0000
0.2125	0.5415	0.5774	0.6003	0.6656	0.6348	0.5902	0.7168	0.5474	0.5898	0.6069	0.0000	0.0000	0.0000	0.0000	0.0000	0.0000
0.1778	0.5546	0.6073	0.6052	0.5860	0.6817	0.6623	0.6925	0.5119	0.5605	0.6032	0.7089	0.0000	0.0000	0.0000	0.0000	0.0000
0.2514	0.6466	0.7559	0.5582	0.6471	0.7205	0.6926	0.6047	0.6833	0.5152	0.6305	0.6048	0.6743	0.0000	0.0000	0.0000	0.0000
0.2676	0.5990	0.7405	0.5531	0.6218	0.6773	0.6787	0.6756	0.6037	0.5300	0.6384	0.6091	0.6490	0.2747	0.0000	0.0000	0.0000
0.2254	0.5862	0.7471	0.5772	0.6439	0.6415	0.6351	0.5488	0.4979	0.5513	0.6384	0.6541	0.6142	0.2747	0.2750	0.0000	0.0000
0.2341	0.5824	0.7546	0.6593	0.6599	0.6514	0.6484	0.6170	0.5540	0.5165	0.6301	0.6671	0.6495	0.2747	0.2414	0.7123	0.0000
0.2319	0.5971	0.7345	0.6609	0.6479	0.6608	0.6862	0.6460	0.6607	0.4867	0.5951	0.6726	0.6546	0.2747	0.2918	0.6879	0.7257
