1.3734	0.0000	0.0000	0.0000	0.0000	0.0000	0.0000	0.0000	0.0000	0.0000	0.0000	0.0000	0.0000	0.0000	0.0000	0.0000	0.0000
1.3804	0.7344	0.0000	0.0000	0.0000	0.0000	0.0000	0.0000	0.0000	0.0000	0.0000	0.0000	0.0000	0.0000	0.0000	0.0000	0.0000
1.3534	0.7440	0.7761	0.0000	0.0000	0.0000	0.0000	0.0000	0.0000	0.0000	0.0000	0.0000	0.0000	0.0000	0.0000	0.0000	0.0000
1.3923	0.7605	0.8115	0.7578	0.0000	0.0000	0.0000	0.0000	0.0000	0.0000	0.0000	0.0000	0.0000	0.0000	0.0000	0.0000	0.0000
1.5070	1.2130	1.2068	1.1871	0.5887	0.0000	0.0000	0.0000	0.0000	0.0000	0.0000	0.0000	0.0000	0.0000	0.0000	0.0000	0.0000
1.4029	0.9378	0.9492	0.9175	0.6442	0.7143	0.0000	0.0000	0.0000	0.0000	0.0000	0.0000	0.0000	0.0000	0.0000	0.0000	0.0000
1.4247	0.9103	0.9522	0.9435	0.6717	0.7177	0.7371	0.0000	0.0000	0.0000	0.0000	0.0000	0.0000	0.0000	0.0000	0.0000	0.0000
1.5073	0.9425	0.9569	0.9513	0.6552	0.7556	0.7805	0.6728	0.0000	0.0000	0.0000	0.0000	0.0000	0.0000	0.0000	0.0000	0.0000
1.5646	0.9460	0.9137	0.8877	0.6590	0.7389	0.7573	0.7001	0.7595	0.0000	0.0000	0.0000	0.0000	0.0000	0.0000	0.0000	0.0000
1.4917	1.2383	1.2477	1.2558	0.6883	1.0287	0.9001	0.8653	1.0855	1.1311	0.0000	0.0000	0.0000	0.0000	0.0000	0.0000	0.0000
1.4068	0.9693	1.0524	0.9883	0.6725	0.8832	0.8571	0.7566	0.9284	1.1726	0.8471	0.0000	0.0000	0.0000	0.0000	0.0000	0.0000
1.4010	0.9719	0.9207	0.9436	0.8249	0.8828	0.7799	0.7405	0.9704	1.3073	0.8861	0.7403	0.0000	0.0000	0.0000	0.0000	0.0000
1.4552	1.0445	0.8925	1.1505	0.6831	0.9573	0.8709	0.9859	0.9446	1.2963	1.0838	0.8081	0.6836	0.0000	0.0000	0.0000	0.0000
1.4414	0.9801	0.8036	1.0536	0.7189	0.9173	0.7965	0.8497	0.9361	1.2991	1.0054	0.7890	0.7544	0.7764	0.0000	0.0000	0.0000
1.4664	0.9796	0.7809	1.0079	0.6860	0.9213	0.8346	0.9729	1.0384	1.2790	1.0389	0.7565	0.7998	0.7676	1.1122	0.0000	0.0000
1.4338	0.9763	0.7962	1.0670	0.6578	0.9795	0.8922	0.9230	1.0081	1.3350	1.1203	0.7861	0.7892	0.7744	1.1224	0.6981	0.0000
1.4482	0.8774	0.7397	0.9823	0.6813	0.9024	0.7628	0.8662	0.8665	1.4870	1.0195	0.7782	0.8054	0.7507	1.1328	0.7001	0.6977
