0.8240	0.3560	0.0000	0.3500	0.0250	0.0150	0.1552	0.0045	0.3725	0.3550	0.3775	0.0575	0.3500	0.0000	0.0000	0.0125	0.0000
0.2880	0.6970	0.2100	0.0925	0.0000	0.0000	0.2069	0.0000	0.3825	0.0050	0.5325	0.3825	0.4000	0.0000	0.0103	0.2400	0.0825
0.2640	0.6231	0.6150	0.0000	0.0000	0.3825	0.0517	0.0000	0.3825	0.3250	0.6050	0.0000	0.2200	0.0000	0.0000	0.0000	0.0000
0.1440	0.5007	0.4550	0.4850	0.0000	0.3825	0.1552	0.0000	0.3825	0.0000	0.3825	0.0000	0.2200	0.0000	0.0000	0.1125	0.0000
0.4280	0.5007	0.5075	0.5100	0.4800	0.3825	0.0690	0.0000	0.3825	0.0000	0.3825	0.1725	0.2100	0.0000	0.0000	0.0475	0.0000
0.4300	0.5001	0.5275	0.3475	0.5150	0.5525	0.0517	0.0000	0.3825	0.0000	0.3825	0.2300	0.2200	0.0000	0.0000	0.0275	0.0000
0.4160	0.5000	0.3825	0.2400	0.3825	0.3825	0.2241	0.0000	0.3825	0.0000	0.3825	0.3825	0.2200	0.0000	0.0000	0.0000	0.0000
0.1760	0.5000	0.3825	0.3825	0.3825	0.3825	0.2241	0.2500	0.3825	0.0000	0.3825	0.0000	0.0000	0.0000	0.0000	0.0000	0.0000
0.1760	0.5000	0.3775	0.3825	0.3775	0.3775	0.2241	0.2295	0.3825	0.0000	0.3825	0.0000	0.0000	0.0000	0.0000	0.0000	0.0000
0.4160	0.5000	0.3825	0.3825	0.3825	0.3825	0.2241	0.2500	0.3825	0.3825	0.3825	0.0000	0.2200	0.0000	0.0000	0.0000	0.0000
0.4160	0.5000	0.3825	0.3825	0.3825	0.3825	0.2241	0.2500	0.3825	0.3825	0.3825	0.3825	0.4400	0.0000	0.0000	0.0000	0.0000
0.4160	0.5000	0.3825	0.2400	0.3825	0.3825	0.2241	0.2500	0.3825	0.3825	0.3825	0.3825	0.4400	0.0000	0.0000	0.0000	0.0000
0.0000	0.0000	0.0000	0.0000	0.0000	0.0000	0.0000	0.0000	0.0000	0.0000	0.0000	0.0000	0.0000	0.0000	0.0000	0.0000	0.0000
0.0000	0.0000	0.0000	0.0000	0.0000	0.0000	0.0000	0.0000	0.0000	0.0000	0.0000	0.0000	0.0000	0.0000	0.0000	0.0000	0.0000
0.0000	0.0000	0.0000	0.0000	0.0000	0.0000	0.0000	0.0000	0.0000	0.0000	0.0000	0.0000	0.0000	0.0000	0.0000	0.0000	0.0000
0.0000	0.0000	0.0000	0.0000	0.0000	0.0000	0.0000	0.0000	0.0000	0.0000	0.0000	0.0000	0.0000	0.0000	0.0000	0.0000	0.0000
0.0000	0.0000	0.0000	0.0000	0.0000	0.0000	0.0000	0.0000	0.0000	0.0000	0.0000	0.0000	0.0000	0.0000	0.0000	0.0000	0.0000
