0.9550	2.4888	2.5352	2.3561	2.4157	2.4352	2.5838	2.4279	2.3932	2.4344	2.4655	2.4288	2.5557	2.4897	2.3835	2.5089	2.3580
1.2496	1.3695	2.4609	2.4012	2.4336	2.4150	2.5903	2.3928	2.4513	2.4325	2.4367	2.4361	2.4809	2.4757	2.3667	2.5613	2.3255
1.3010	1.6731	0.8736	2.3756	2.4396	2.4112	2.5917	2.3683	2.4972	2.4058	2.3712	2.3418	2.5503	2.3926	2.4013	2.5323	2.3364
1.2102	1.8889	1.3111	1.1083	2.4525	2.4399	2.5990	2.3189	2.5463	2.3638	2.4509	2.3815	2.4676	2.4075	2.3670	2.6291	2.2843
1.1300	1.7266	1.2091	1.3874	1.1562	2.4415	2.5413	2.3636	2.5854	2.2895	2.4169	2.4157	2.5477	2.4197	2.4060	2.6601	2.3156
1.2201	1.6874	1.1112	1.4731	1.3748	1.6856	2.5316	2.4218	2.5723	2.2394	2.4634	2.4470	2.6245	2.3054	2.4527	2.6974	2.4154
1.2344	1.6659	1.1487	1.5153	1.6138	1.8030	1.1305	2.4710	2.5767	2.2521	2.5024	2.5444	2.6486	2.2488	2.4915	2.6497	2.2358
1.2092	1.6242	1.0391	1.4878	1.5693	1.8201	1.4472	1.3658	2.5298	2.3828	2.4764	2.3537	2.7081	2.2037	2.7517	2.5167	2.2715
1.2719	1.6688	1.0661	1.5818	1.5753	1.8591	1.5202	1.6617	1.4428	2.4492	2.8464	2.0476	2.8263	2.4065	2.7551	2.5920	2.0721
1.2297	1.6371	1.4961	1.4838	1.5704	1.7885	1.5360	1.6767	1.8110	1.3144	2.8441	2.0710	2.7939	2.0194	2.7961	3.0032	2.0908
nan	nan	nan	nan	nan	nan	nan	nan	nan	nan	nan	nan	nan	nan	nan	nan	nan
nan	nan	nan	nan	nan	nan	nan	nan	nan	nan	nan	nan	nan	nan	nan	nan	nan
nan	nan	nan	nan	nan	nan	nan	nan	nan	nan	nan	nan	nan	nan	nan	nan	nan
nan	nan	nan	nan	nan	nan	nan	nan	nan	nan	nan	nan	nan	nan	nan	nan	nan
nan	nan	nan	nan	nan	nan	nan	nan	nan	nan	nan	nan	nan	nan	nan	nan	nan
nan	nan	nan	nan	nan	nan	nan	nan	nan	nan	nan	nan	nan	nan	nan	nan	nan
nan	nan	nan	nan	nan	nan	nan	nan	nan	nan	nan	nan	nan	nan	nan	nan	nan
