0.5740	0.0508	0.0000	0.2144	0.1328	0.0534	0.0000	0.0251	0.1743	0.0909	0.1844	0.1474	0.0000	0.0000	0.1388	0.0000	0.1827
0.3009	0.4073	0.1153	0.1017	0.0974	0.1029	0.0905	0.1813	0.0469	0.0882	0.1844	0.0032	0.0000	0.0308	0.1269	0.0000	0.3068
0.1844	0.1253	0.6786	0.1844	0.0346	0.0526	0.1283	0.4390	0.0033	0.0871	0.1147	0.1827	0.0000	0.0182	0.1672	0.0000	0.0244
0.1073	0.0534	0.1932	0.5039	0.0083	0.0197	0.0645	0.1082	0.0000	0.0000	0.0754	0.1827	0.0113	0.0000	0.0000	0.0000	0.0410
0.4056	0.0895	0.2191	0.4463	0.7370	0.1397	0.0000	0.4303	0.0000	0.0000	0.0822	0.1827	0.0112	0.0144	0.0000	0.0000	0.0275
0.4045	0.1076	0.3491	0.1827	0.4194	0.2118	0.0000	0.3567	0.0000	0.0645	0.0612	0.1827	0.0000	0.0976	0.0000	0.0000	0.0000
0.1808	0.0741	0.1942	0.2863	0.1385	0.0743	0.2747	0.0793	0.0000	0.0000	0.0084	0.1355	0.0007	0.0669	0.1421	0.0000	0.0611
0.4469	0.0741	0.3298	0.1827	0.6646	0.2203	0.2747	0.6397	0.0000	0.0797	0.0000	0.1827	0.0096	0.0088	0.0354	0.0000	0.0000
0.1844	0.1537	0.4602	0.1827	0.5031	0.1268	0.2747	0.3813	0.7009	0.0375	0.1397	0.1827	0.0000	0.1236	0.0000	0.0000	0.1461
0.1844	0.0800	0.1959	0.1827	0.1290	0.1477	0.2747	0.1827	0.1399	0.1692	0.0083	0.1827	0.0000	0.0198	0.0000	0.0000	0.1827
0.1844	0.1076	0.3125	0.1827	0.2843	0.1949	0.2747	0.2131	0.2326	0.2779	0.6609	0.1827	0.0000	0.1677	0.2540	0.0000	0.1373
0.1844	0.1076	0.3125	0.1827	0.2843	0.1949	0.2747	0.2131	0.2326	0.2779	0.6609	0.1827	0.0000	0.1677	0.2540	0.0000	0.1373
0.1844	0.1076	0.3125	0.1827	0.2843	0.1949	0.2747	0.2131	0.2326	0.2779	0.6609	0.1827	0.0000	0.1677	0.2540	0.0000	0.1373
0.1844	0.1076	0.3125	0.1827	0.2843	0.1949	0.2747	0.2131	0.2326	0.2779	0.6609	0.1827	0.0000	0.1677	0.2540	0.0000	0.1373
0.1844	0.1076	0.3125	0.1827	0.2843	0.1949	0.2747	0.2131	0.2326	0.2779	0.6609	0.1827	0.0000	0.1677	0.2540	0.0000	0.1373
0.1844	0.1076	0.3125	0.1827	0.2843	0.1949	0.2747	0.2131	0.2326	0.2779	0.6609	0.1827	0.0000	0.1677	0.2540	0.0000	0.1373
0.1844	0.1076	0.3125	0.1827	0.2843	0.1949	0.2747	0.2131	0.2326	0.2779	0.6609	0.1827	0.0000	0.1677	0.2540	0.0000	0.1373
