0.6175	0.1455	0.0000	0.3950	0.2400	0.0862	0.0000	0.0375	0.2125	0.2200	0.3825	0.2550	0.0000	0.0000	0.3825	0.0000	0.3775
0.4275	0.4545	0.3700	0.2550	0.2400	0.3103	0.2165	0.2700	0.0825	0.2100	0.3825	0.0025	0.0000	0.0275	0.1750	0.0000	0.3725
0.3825	0.2182	0.7280	0.3775	0.0650	0.0862	0.1443	0.5375	0.0025	0.0600	0.3650	0.3775	0.0000	0.0225	0.1400	0.0000	0.0600
0.1500	0.0841	0.4080	0.6450	0.0075	0.0517	0.0825	0.2350	0.0000	0.0000	0.1150	0.3775	0.0151	0.0000	0.0000	0.0000	0.0600
0.5475	0.1682	0.4120	0.5925	0.7475	0.2069	0.0000	0.5175	0.0000	0.0000	0.1225	0.3775	0.0117	0.0200	0.0000	0.0000	0.0525
0.5300	0.1591	0.4980	0.3775	0.5050	0.4138	0.0000	0.4450	0.0000	0.0400	0.0750	0.3775	0.0000	0.2250	0.0000	0.0000	0.0000
0.3225	0.2273	0.3860	0.4325	0.2450	0.2241	0.7010	0.2350	0.0000	0.0000	0.0075	0.3700	0.0006	0.0900	0.3575	0.0000	0.0550
0.5825	0.2273	0.4980	0.3775	0.6625	0.4310	0.7010	0.6875	0.0000	0.1100	0.0000	0.3775	0.0074	0.0100	0.0375	0.0000	0.0000
0.3825	0.2614	0.6300	0.3775	0.5650	0.2759	0.7010	0.4725	0.7175	0.0300	0.2850	0.3775	0.0000	0.2275	0.0000	0.0000	0.2475
0.3825	0.2500	0.4160	0.3775	0.2400	0.3621	0.7010	0.3775	0.2450	0.3400	0.0075	0.3775	0.0000	0.0100	0.0000	0.0000	0.3775
0.3825	0.2136	0.4720	0.3775	0.3375	0.3793	0.7010	0.3900	0.3600	0.4400	0.6675	0.3775	0.0000	0.1375	0.4100	0.0000	0.3775
0.3825	0.2136	0.4720	0.3775	0.3375	0.3793	0.7010	0.3900	0.3600	0.4400	0.6675	0.3775	0.0000	0.1375	0.4100	0.0000	0.3775
0.3825	0.2136	0.4720	0.3775	0.3375	0.3793	0.7010	0.3900	0.3600	0.4400	0.6675	0.3775	0.0000	0.1375	0.4100	0.0000	0.3775
0.3825	0.2136	0.4720	0.3775	0.3375	0.3793	0.7010	0.3900	0.3600	0.4400	0.6675	0.3775	0.0000	0.1375	0.4100	0.0000	0.3775
0.3825	0.2136	0.4720	0.3775	0.3375	0.3793	0.7010	0.3900	0.3600	0.4400	0.6675	0.3775	0.0000	0.1375	0.4100	0.0000	0.3775
0.3825	0.2136	0.4720	0.3775	0.3375	0.3793	0.7010	0.3900	0.3600	0.4400	0.6675	0.3775	0.0000	0.1375	0.4100	0.0000	0.3775
0.3825	0.2136	0.4720	0.3775	0.3375	0.3793	0.7010	0.3900	0.3600	0.4400	0.6675	0.3775	0.0000	0.1375	0.4100	0.0000	0.3775
