0.3793	0.0000	0.0950	0.0025	0.0000	0.0025	0.1550	0.0000	0.0000	0.0386	0.1100	0.0000	0.0000	0.0000	0.0200	0.0875	0.0000
0.3793	0.6825	0.0000	0.0125	0.0000	0.1725	0.1650	0.0275	0.0000	0.0182	0.1325	0.0000	0.0000	0.0000	0.0000	0.1625	0.0000
0.3276	0.6900	0.6400	0.0025	0.0000	0.0875	0.1900	0.0175	0.0000	0.0000	0.1925	0.0000	0.0000	0.0000	0.0100	0.1750	0.0000
0.3103	0.6400	0.6525	0.6275	0.0122	0.0200	0.4400	0.0000	0.0000	0.0000	0.1000	0.0000	0.0000	0.0000	0.0100	0.0975	0.0000
0.3448	0.6175	0.6400	0.6200	0.7018	0.0000	0.3750	0.0000	0.0000	0.0000	0.0100	0.0000	0.0000	0.0000	0.0000	0.0125	0.0000
0.3276	0.6850	0.6375	0.5700	0.6908	0.6750	0.3750	0.0000	0.0000	0.0000	0.0900	0.0000	0.0000	0.0000	0.0000	0.0400	0.0000
0.2586	0.6975	0.6175	0.6450	0.5504	0.5475	0.6425	0.0000	0.0000	0.0000	0.1975	0.0000	0.0000	0.0000	0.0200	0.1600	0.0000
0.2586	0.6675	0.5825	0.5875	0.5094	0.5025	0.6000	0.6225	0.0000	0.0000	0.2550	0.0000	0.0000	0.0000	0.0700	0.1775	0.0000
0.2586	0.6900	0.5975	0.6025	0.5111	0.5075	0.6200	0.6350	0.5975	0.0000	0.2025	0.0000	0.0000	0.0000	0.0500	0.1550	0.0000
0.0000	0.0000	0.0000	0.0000	0.0000	0.0000	0.0000	0.0000	0.0000	0.0000	0.0000	0.0000	0.0000	0.0000	0.0000	0.0000	0.0000
0.0000	0.0000	0.0000	0.0000	0.0000	0.0000	0.0000	0.0000	0.0000	0.0000	0.0000	0.0000	0.0000	0.0000	0.0000	0.0000	0.0000
0.0000	0.0000	0.0000	0.0000	0.0000	0.0000	0.0000	0.0000	0.0000	0.0000	0.0000	0.0000	0.0000	0.0000	0.0000	0.0000	0.0000
0.0000	0.0000	0.0000	0.0000	0.0000	0.0000	0.0000	0.0000	0.0000	0.0000	0.0000	0.0000	0.0000	0.0000	0.0000	0.0000	0.0000
0.0000	0.0000	0.0000	0.0000	0.0000	0.0000	0.0000	0.0000	0.0000	0.0000	0.0000	0.0000	0.0000	0.0000	0.0000	0.0000	0.0000
0.0000	0.0000	0.0000	0.0000	0.0000	0.0000	0.0000	0.0000	0.0000	0.0000	0.0000	0.0000	0.0000	0.0000	0.0000	0.0000	0.0000
0.0000	0.0000	0.0000	0.0000	0.0000	0.0000	0.0000	0.0000	0.0000	0.0000	0.0000	0.0000	0.0000	0.0000	0.0000	0.0000	0.0000
0.0000	0.0000	0.0000	0.0000	0.0000	0.0000	0.0000	0.0000	0.0000	0.0000	0.0000	0.0000	0.0000	0.0000	0.0000	0.0000	0.0000
