1.5111	2.2756	2.1746	2.2096	2.0225	2.1784	2.1344	1.9240	2.1192	2.2091	2.2086	1.9545	2.3083	2.1247	1.8213	2.0302	2.0753
1.5096	0.8564	2.2564	2.2409	1.9240	2.1306	2.2663	1.8213	2.0717	2.2276	2.4431	1.9821	2.2003	2.1517	1.8603	1.9772	2.0631
1.5116	0.8773	0.8486	2.1620	2.0199	2.1719	2.3805	1.7635	2.1029	2.2903	2.4086	1.9493	2.1204	2.1370	1.8418	1.9358	2.2117
1.5222	0.9485	0.8414	0.8299	2.1455	2.2031	2.4099	1.7673	2.1446	2.3400	2.4012	1.8924	2.1731	2.0777	1.7432	1.9846	2.2226
1.5202	0.9487	0.8524	0.8440	0.5788	2.1852	2.3811	1.8022	2.1218	2.3210	2.4368	1.8270	2.1303	2.0835	1.7869	1.9353	2.2384
1.5419	0.8902	0.8555	0.8387	0.6207	0.7944	2.4232	1.8302	2.0559	2.4089	2.4986	1.8027	2.0337	2.0833	1.8641	1.9066	2.0893
1.5285	0.8833	0.8617	0.8450	0.6065	0.7950	0.8123	1.6949	2.1210	2.4098	2.4812	1.7934	2.0994	2.0680	1.8992	1.9120	2.0855
1.5308	0.8712	0.8723	0.8489	0.5903	0.7984	0.8110	0.8121	2.1439	2.3960	2.5405	1.7872	2.0035	2.0915	1.8282	1.8942	2.1002
1.5360	0.8693	0.8611	0.8426	0.5890	0.7988	0.8189	0.8189	0.8554	2.4311	2.5935	1.7778	2.0303	2.1078	1.8209	1.9046	2.0466
1.5189	0.8488	0.8900	0.8653	0.5913	0.8066	0.8504	0.8293	0.8802	1.4213	2.6230	1.8052	2.0751	2.0923	1.8555	1.8991	2.0253
1.5349	0.8429	0.8773	0.8783	0.5884	0.8024	0.8512	0.8436	0.8740	1.4329	0.8311	1.7839	2.0329	2.0802	1.8279	1.9681	2.1130
1.5591	0.8355	0.8514	0.8488	0.5960	0.8007	0.8562	0.8278	0.8636	1.4338	0.8344	0.7996	2.0288	2.0306	1.8388	2.0311	2.1529
1.5643	0.8248	0.8072	0.8330	0.5892	0.7752	0.8809	0.8243	0.8570	1.4370	0.8300	0.7937	0.9038	2.0747	1.8948	2.0364	2.1751
1.5706	0.8279	0.8085	0.8311	0.5893	0.7781	0.8705	0.8242	0.8564	1.4592	0.8339	0.8024	0.9084	0.8146	1.8892	2.0343	2.1832
1.5827	0.8242	0.8236	0.8497	0.5902	0.7781	0.8850	0.8260	0.8590	1.4471	0.8359	0.7967	0.8931	0.8049	1.0910	2.0809	2.2356
1.5654	0.8271	0.8307	0.8542	0.5911	0.7842	0.8929	0.8265	0.8551	1.4538	0.8563	0.8128	0.9010	0.8124	1.0822	0.7976	2.1703
1.5608	0.8379	0.8286	0.8455	0.5953	0.7847	0.8703	0.8322	0.8524	1.4558	0.8679	0.8157	0.9181	0.8252	1.0824	0.8047	0.8266
