0.1864	0.0034	0.0341	0.0145	0.0024	0.0000	0.0000	0.1372	0.0000	0.0054	0.0000	0.1282	0.0000	0.0000	0.2462	0.0092	0.0000
0.1776	0.6182	0.0287	0.0000	0.1462	0.0774	0.0000	0.1516	0.0165	0.0000	0.0000	0.0835	0.0068	0.0000	0.1970	0.0000	0.0032
0.1845	0.5423	0.5907	0.0000	0.0267	0.0000	0.0000	0.1428	0.0000	0.0110	0.0000	0.1242	0.0000	0.0000	0.1692	0.0000	0.0000
0.1901	0.3774	0.6091	0.6230	0.0014	0.0131	0.0000	0.2057	0.0000	0.0109	0.0000	0.1380	0.0000	0.0000	0.3222	0.0000	0.0000
0.1587	0.3802	0.5988	0.6236	0.6918	0.0413	0.0000	0.1652	0.0000	0.0300	0.0000	0.1718	0.0037	0.0000	0.3119	0.0304	0.0000
0.1676	0.5112	0.5915	0.6043	0.6450	0.6495	0.0000	0.1903	0.0000	0.0000	0.0000	0.1840	0.0016	0.0000	0.1525	0.0000	0.0000
0.1856	0.4978	0.5877	0.5697	0.6640	0.6417	0.6565	0.3903	0.0000	0.0000	0.0000	0.2009	0.0053	0.0000	0.0929	0.0000	0.0063
0.1850	0.5479	0.5670	0.5664	0.6805	0.6374	0.6548	0.6730	0.0000	0.0000	0.0000	0.1577	0.0046	0.0000	0.1460	0.0355	0.0098
0.2025	0.5460	0.5746	0.5785	0.6839	0.6518	0.6473	0.6488	0.5881	0.0328	0.0000	0.1425	0.0016	0.0000	0.2037	0.0618	0.0272
0.2097	0.6073	0.5838	0.6080	0.6832	0.6693	0.6290	0.6524	0.6262	0.3378	0.0000	0.1357	0.0016	0.0000	0.1503	0.1055	0.0428
0.1595	0.6061	0.6131	0.6175	0.6879	0.6536	0.6099	0.6017	0.6094	0.3013	0.6010	0.1827	0.0053	0.0000	0.2037	0.0643	0.0025
0.1569	0.5999	0.6022	0.6132	0.6727	0.6620	0.5453	0.6473	0.6015	0.3271	0.6093	0.6391	0.0132	0.0048	0.1503	0.0051	0.0024
0.1428	0.6176	0.6668	0.6717	0.6844	0.6866	0.4735	0.6570	0.6231	0.3440	0.6250	0.6680	0.4948	0.0048	0.1391	0.0115	0.0000
0.1428	0.6195	0.6737	0.6722	0.6845	0.6898	0.4906	0.6741	0.6217	0.2908	0.6368	0.6451	0.4858	0.2747	0.1275	0.0000	0.0000
0.1443	0.6293	0.6805	0.6656	0.6826	0.6797	0.4673	0.6741	0.6200	0.3038	0.6349	0.6827	0.4924	0.2747	0.3258	0.0367	0.0000
0.1476	0.6332	0.6693	0.6577	0.6812	0.6905	0.4546	0.6739	0.6079	0.3394	0.5947	0.6592	0.4884	0.2747	0.3448	0.6441	0.0000
0.1464	0.6468	0.6806	0.6310	0.6741	0.6556	0.4973	0.6645	0.5993	0.3321	0.5600	0.6480	0.4771	0.2747	0.3534	0.6348	0.6199
