0.4428	0.0508	0.0474	0.1290	0.0000	0.0588	0.0000	0.0000	0.1827	0.0000	0.1827	0.0000	0.3333	0.1827	0.0754	0.1827	0.1624
0.1827	0.0800	0.0998	0.0000	0.1844	0.0588	0.0000	0.0000	0.1844	0.0000	0.0000	0.1290	0.0000	0.1827	0.0000	0.1827	0.0000
0.4216	0.1487	0.2821	0.1290	0.1844	0.0588	0.0000	0.1290	0.1844	0.0000	0.0655	0.0000	0.0227	0.1827	0.1328	0.1827	0.0000
0.3776	0.1427	0.2526	0.3730	0.0486	0.0588	0.0000	0.1290	0.1408	0.0000	0.0000	0.0858	0.0000	0.1827	0.0000	0.1827	0.0000
0.4085	0.1190	0.2820	0.3834	0.3944	0.0588	0.0000	0.1290	0.1844	0.0000	0.0511	0.1827	0.0000	0.1827	0.0000	0.1827	0.0461
0.4093	0.1141	0.2813	0.3758	0.3887	0.0732	0.0000	0.1290	0.1844	0.0000	0.0000	0.1718	0.0000	0.1827	0.0000	0.1827	0.0457
0.4103	0.1165	0.2805	0.3809	0.4150	0.0732	0.2747	0.1290	0.1844	0.0000	0.0000	0.0000	0.0000	0.1827	0.0000	0.1827	0.0462
0.4081	0.0741	0.2793	0.3831	0.4049	0.0732	0.2747	0.3981	0.1844	0.0000	0.0539	0.0488	0.0000	0.1827	0.0000	0.1827	0.0499
0.4081	0.0741	0.2793	0.3831	0.4049	0.0732	0.2747	0.3981	0.3935	0.0000	0.0000	0.0488	0.0000	0.1827	0.0000	0.1827	0.0499
0.3821	0.0800	0.2634	0.3926	0.4012	0.0732	0.2747	0.3985	0.3871	0.1692	0.0000	0.0711	0.0000	0.1827	0.0000	0.1827	0.1827
0.3704	0.1134	0.2385	0.3816	0.3982	0.0732	0.2747	0.3981	0.3787	0.1692	0.3898	0.0790	0.3678	0.1827	0.0000	0.1827	0.0802
0.3602	0.0800	0.2372	0.3731	0.3937	0.0732	0.2747	0.4022	0.3668	0.1692	0.3796	0.3781	0.0491	0.1827	0.0000	0.1827	0.0943
0.1290	0.1428	0.2553	0.1844	0.1844	0.0732	0.2747	0.1844	0.1844	0.1692	0.1844	0.1844	0.3664	0.1827	0.0000	0.1827	0.1827
0.3738	0.0800	0.2516	0.3866	0.3670	0.0732	0.2747	0.3984	0.3794	0.1692	0.3898	0.3942	0.3333	0.3919	0.1358	0.1827	0.0785
0.3753	0.0800	0.2546	0.3886	0.4002	0.0732	0.2747	0.3966	0.3797	0.1692	0.3898	0.3926	0.3333	0.3919	0.3891	0.1827	0.0768
0.3916	0.0800	0.2891	0.4047	0.4100	0.0732	0.2747	0.3916	0.3912	0.1692	0.3947	0.4109	0.3333	0.4008	0.3858	0.3821	0.0707
0.0000	0.0000	0.0000	0.0000	0.0000	0.0000	0.0000	0.0000	0.0000	0.0000	0.0000	0.0000	0.0000	0.0000	0.0000	0.0000	0.0000
