0.6700	0.0136	0.0000	0.0425	0.0000	0.2414	0.0722	0.0575	0.2400	0.2200	0.0000	0.1550	0.0000	0.0300	0.0000	0.3625	0.0525
0.4625	0.7045	0.1640	0.1050	0.0300	0.0345	0.0000	0.1400	0.2225	0.1100	0.0000	0.0075	0.0103	0.0125	0.0000	0.2725	0.2675
0.2350	0.5409	0.8940	0.0000	0.2100	0.0517	0.2165	0.0000	0.0025	0.0000	0.3425	0.1975	0.0000	0.0150	0.1450	0.2300	0.1175
0.0900	0.3659	0.8260	0.8275	0.2500	0.0000	0.0722	0.0000	0.0275	0.0000	0.3650	0.0000	0.0000	0.0000	0.0050	0.3275	0.0000
0.6275	0.2273	0.5120	0.7475	0.7650	0.0000	0.0000	0.1275	0.2400	0.2200	0.1250	0.0000	0.0000	0.0000	0.2400	0.1650	0.0000
0.6275	0.1045	0.1400	0.6225	0.5775	0.3621	0.0000	0.0000	0.2400	0.0000	0.1175	0.1125	0.2892	0.6800	0.3275	0.2200	0.1150
0.0000	0.1477	0.4160	0.0000	0.2400	0.2241	0.7010	0.0000	0.3825	0.0000	0.0000	0.0000	0.0000	0.3775	0.0000	0.0000	0.0000
0.0000	0.1773	0.1780	0.3775	0.3775	0.3448	0.7010	0.6475	0.2900	0.4400	0.3775	0.1000	0.0000	0.2400	0.3825	0.0000	0.2150
0.0000	0.1455	0.0000	0.3775	0.0000	0.2414	0.7010	0.3775	0.4450	0.0000	0.3825	0.0000	0.0000	0.0000	0.0000	0.0000	0.0000
0.0000	0.0000	0.0000	0.0000	0.0000	0.0000	0.0000	0.3775	0.3775	0.3400	0.0000	0.0000	0.0000	0.0000	0.0000	0.0000	0.3775
0.0000	0.0000	0.0000	0.0000	0.0000	0.0000	0.0000	0.3775	0.3825	0.4400	0.3775	0.0000	0.0000	0.2400	0.0000	0.0000	0.0025
0.0000	0.0000	0.0000	0.0000	0.0000	0.0000	0.0000	0.3775	0.3825	0.4400	0.3775	0.0000	0.0000	0.2400	0.0000	0.0000	0.0025
0.0000	0.0000	0.0000	0.0000	0.0000	0.0000	0.0000	0.3775	0.3825	0.4400	0.3775	0.0000	0.0000	0.2400	0.0000	0.0000	0.0025
0.0000	0.0000	0.0000	0.0000	0.0000	0.0000	0.0000	0.3775	0.3825	0.4400	0.3775	0.0000	0.0000	0.2400	0.0000	0.0000	0.0025
0.0000	0.0000	0.0000	0.0000	0.0000	0.0000	0.0000	0.3775	0.3825	0.4400	0.3775	0.0000	0.0000	0.2400	0.0000	0.0000	0.0025
0.0000	0.0000	0.0000	0.0000	0.0000	0.0000	0.0000	0.3775	0.3825	0.4400	0.3775	0.0000	0.0000	0.2400	0.0000	0.0000	0.0025
0.0000	0.0000	0.0000	0.0000	0.0000	0.0000	0.0000	0.3775	0.3825	0.4400	0.3775	0.0000	0.0000	0.2400	0.0000	0.0000	0.0025
