0.5609	0.0183	0.0000	0.0497	0.0000	0.1051	0.0449	0.0365	0.1290	0.1202	0.0000	0.1122	0.0000	0.0102	0.0000	0.1684	0.0372
0.3469	0.7140	0.0896	0.0757	0.0184	0.0317	0.0000	0.0559	0.0764	0.0765	0.0000	0.0063	0.0057	0.0090	0.0000	0.1540	0.1108
0.1119	0.4450	0.8601	0.0000	0.0874	0.0312	0.0718	0.0000	0.0026	0.0000	0.1154	0.1016	0.0000	0.0104	0.1526	0.1194	0.0626
0.0356	0.3014	0.8111	0.8169	0.1074	0.0000	0.0651	0.0000	0.0192	0.0000	0.0901	0.0000	0.0000	0.0000	0.0051	0.1709	0.0000
0.4775	0.0741	0.4247	0.7346	0.7565	0.0000	0.0000	0.1229	0.1290	0.0917	0.1235	0.0000	0.0000	0.0000	0.1290	0.1402	0.0000
0.4739	0.0656	0.1178	0.4712	0.4344	0.1828	0.0000	0.0000	0.1290	0.0000	0.0887	0.0879	0.1456	0.5153	0.2227	0.0959	0.0737
0.0000	0.0515	0.1959	0.0000	0.1290	0.0732	0.2747	0.0000	0.1844	0.0000	0.0000	0.0000	0.0000	0.1827	0.0000	0.0000	0.0000
0.0000	0.1048	0.0760	0.1827	0.1827	0.1770	0.2747	0.4990	0.1536	0.1549	0.1827	0.0487	0.0000	0.0970	0.1844	0.0000	0.1194
0.0000	0.0508	0.0000	0.1827	0.0000	0.0933	0.2747	0.1827	0.2899	0.0000	0.1388	0.0000	0.0000	0.0000	0.0000	0.0000	0.0000
0.0000	0.0000	0.0000	0.0000	0.0000	0.0000	0.0000	0.1827	0.1827	0.1692	0.0000	0.0000	0.0000	0.0000	0.0000	0.0000	0.1827
0.0000	0.0000	0.0000	0.0000	0.0000	0.0000	0.0000	0.1827	0.1844	0.2037	0.1827	0.0000	0.0000	0.1290	0.0000	0.0000	0.0033
0.0000	0.0000	0.0000	0.0000	0.0000	0.0000	0.0000	0.1827	0.1844	0.2037	0.1827	0.0000	0.0000	0.1290	0.0000	0.0000	0.0033
0.0000	0.0000	0.0000	0.0000	0.0000	0.0000	0.0000	0.1827	0.1844	0.2037	0.1827	0.0000	0.0000	0.1290	0.0000	0.0000	0.0033
0.0000	0.0000	0.0000	0.0000	0.0000	0.0000	0.0000	0.1827	0.1844	0.2037	0.1827	0.0000	0.0000	0.1290	0.0000	0.0000	0.0033
0.0000	0.0000	0.0000	0.0000	0.0000	0.0000	0.0000	0.1827	0.1844	0.2037	0.1827	0.0000	0.0000	0.1290	0.0000	0.0000	0.0033
0.0000	0.0000	0.0000	0.0000	0.0000	0.0000	0.0000	0.1827	0.1844	0.2037	0.1827	0.0000	0.0000	0.1290	0.0000	0.0000	0.0033
0.0000	0.0000	0.0000	0.0000	0.0000	0.0000	0.0000	0.1827	0.1844	0.2037	0.1827	0.0000	0.0000	0.1290	0.0000	0.0000	0.0033
