0.7760	0.0020	0.0950	0.3450	0.2175	0.0200	0.0000	0.1205	0.2000	0.0000	0.0000	0.1450	0.2100	0.1275	0.0619	0.0575	0.0050
0.4320	0.7254	0.3175	0.3775	0.2550	0.0000	0.0000	0.2364	0.2400	0.0000	0.0000	0.0100	0.2100	0.3775	0.1856	0.3825	0.0000
0.1640	0.5289	0.7675	0.3250	0.3900	0.0600	0.1724	0.1568	0.0800	0.1075	0.2175	0.0525	0.0000	0.1875	0.2784	0.2500	0.3050
0.2820	0.3260	0.6775	0.7950	0.0600	0.0025	0.1379	0.1477	0.0975	0.1800	0.4000	0.0300	0.0300	0.1975	0.1753	0.1050	0.2775
0.4200	0.4694	0.2300	0.5525	0.7325	0.0350	0.0862	0.1477	0.1600	0.0000	0.0175	0.0025	0.0300	0.1700	0.4742	0.1475	0.0600
0.1980	0.5314	0.0850	0.2650	0.2500	0.8400	0.0000	0.1455	0.0525	0.0000	0.0425	0.0025	0.0300	0.3625	0.0722	0.0950	0.0125
0.2900	0.0846	0.4975	0.2075	0.1050	0.4675	0.3793	0.1477	0.2300	0.1600	0.1600	0.0450	0.0100	0.2000	0.0309	0.1800	0.2275
0.2400	0.4679	0.2150	0.1425	0.2225	0.4100	0.1724	0.5864	0.1475	0.0850	0.0200	0.0775	0.1100	0.2250	0.0825	0.3575	0.0450
0.2040	0.2971	0.2250	0.3325	0.2250	0.2875	0.1552	0.1614	0.7400	0.2525	0.1050	0.0950	0.1800	0.0475	0.3093	0.2450	0.1350
0.0040	0.0178	0.2725	0.3200	0.0900	0.0300	0.2414	0.0341	0.5875	0.7450	0.3275	0.0000	0.0000	0.2400	0.2784	0.0475	0.2100
0.1680	0.0000	0.3650	0.2400	0.0725	0.0000	0.2931	0.1659	0.3050	0.7150	0.7600	0.0000	0.0000	0.1050	0.0103	0.1525	0.1025
0.1600	0.5000	0.2325	0.3775	0.2175	0.0625	0.0000	0.1591	0.2200	0.0250	0.3075	0.7450	0.2100	0.2225	0.1237	0.1675	0.2575
0.1600	0.5000	0.0200	0.3775	0.2550	0.0075	0.0000	0.1432	0.2400	0.0000	0.3525	0.4575	0.2900	0.0025	0.0000	0.3775	0.3825
0.3000	0.3598	0.1525	0.2250	0.2050	0.1475	0.1207	0.2636	0.1650	0.2175	0.1100	0.2650	0.1800	0.7525	0.3093	0.4075	0.1600
0.1780	0.5542	0.1650	0.3775	0.1750	0.3450	0.0172	0.2409	0.1175	0.2025	0.0325	0.5600	0.3000	0.5625	0.6907	0.5950	0.0400
0.2560	0.3420	0.0500	0.3950	0.1600	0.2700	0.1552	0.2932	0.2925	0.0325	0.1475	0.0575	0.1100	0.3625	0.5464	0.7500	0.0075
0.2660	0.1761	0.4350	0.2875	0.3400	0.1775	0.2759	0.1773	0.3550	0.0875	0.0900	0.2500	0.2700	0.2075	0.5361	0.5700	0.7550
