0.7248	0.0093	0.1959	0.0000	0.0069	0.0333	0.0855	0.0204	0.1022	0.0795	0.0317	0.1048	0.1697	0.0000	0.0213	0.0543	0.1241
0.4922	0.6723	0.0089	0.1438	0.0985	0.1174	0.0651	0.0527	0.1172	0.1458	0.0540	0.0740	0.1105	0.0215	0.0894	0.1671	0.0532
0.3811	0.2285	0.8795	0.0250	0.0384	0.0774	0.1616	0.0494	0.0333	0.1201	0.0776	0.0416	0.1019	0.0033	0.0237	0.1079	0.0816
0.2113	0.0894	0.7762	0.8321	0.1222	0.0732	0.2130	0.1310	0.0346	0.0000	0.0614	0.0482	0.3335	0.0000	0.0000	0.0833	0.0132
0.1976	0.0567	0.7548	0.8229	0.7184	0.0841	0.2010	0.0721	0.0374	0.0456	0.0769	0.0724	0.0718	0.0000	0.0000	0.0000	0.0255
0.0000	0.0813	0.0998	0.4378	0.3459	0.2961	0.0000	0.0000	0.1289	0.0000	0.0000	0.1739	0.0027	0.0853	0.0000	0.0000	0.0058
0.1844	0.1454	0.1072	0.3380	0.1931	0.0595	0.2747	0.0000	0.0170	0.0000	0.0944	0.1827	0.0000	0.0000	0.2850	0.0000	0.0000
0.2591	0.0800	0.0000	0.1160	0.1495	0.0222	0.2987	0.1925	0.0779	0.0824	0.0249	0.1149	0.1546	0.0000	0.0338	0.0000	0.1129
0.2675	0.0800	0.0139	0.1290	0.1567	0.0680	0.2791	0.1844	0.1844	0.1169	0.0528	0.0078	0.0000	0.0000	0.1768	0.0000	0.2473
0.1296	0.0385	0.1905	0.1290	0.0000	0.0000	0.1232	0.1844	0.1844	0.1692	0.1377	0.1827	0.2225	0.0000	0.1827	0.0000	0.0000
0.1290	0.0879	0.1959	0.1290	0.0000	0.0000	0.1232	0.1844	0.1844	0.1692	0.1844	0.0000	0.0000	0.0000	0.1844	0.0000	0.0000
0.1844	0.0000	0.0000	0.1290	0.0000	0.0000	0.1232	0.1844	0.1844	0.1692	0.1844	0.1844	0.0000	0.0000	0.0000	0.0000	0.0000
0.0000	0.0800	0.0998	0.0000	0.1827	0.0000	0.0000	0.0000	0.1827	0.0000	0.1844	0.1844	0.3333	0.0000	0.0000	0.0000	0.0000
0.0000	0.0515	0.0000	0.0000	0.1827	0.0000	0.1232	0.1827	0.1844	0.0000	0.0000	0.1290	0.3333	0.1844	0.0000	0.0000	0.0000
0.0000	0.0000	0.1959	0.0000	0.0000	0.0588	0.0000	0.1290	0.1290	0.1202	0.1844	0.1290	0.0000	0.1290	0.1827	0.0000	0.0000
0.1290	0.0508	0.0000	0.0000	0.0000	0.0588	0.0000	0.0000	0.0000	0.1202	0.1290	0.0000	0.0000	0.0000	0.1827	0.1827	0.0000
0.1290	0.0000	0.0000	0.0000	0.0000	0.1026	0.0000	0.0000	0.1827	0.1202	0.0000	0.0000	0.0000	0.0000	0.0000	0.1827	0.1827
