0.7450	0.0091	0.4160	0.0000	0.0075	0.0517	0.3093	0.0475	0.2325	0.0700	0.0300	0.1800	0.2750	0.0000	0.0225	0.0650	0.1700
0.7025	0.6568	0.0140	0.3350	0.3200	0.2069	0.0619	0.1225	0.2375	0.2800	0.1425	0.2025	0.4821	0.0375	0.2075	0.3525	0.1500
0.6150	0.3795	0.9020	0.0250	0.0775	0.1207	0.2165	0.0425	0.0375	0.2100	0.1950	0.0925	0.3704	0.0075	0.0325	0.1450	0.1425
0.5050	0.2045	0.8380	0.8425	0.2200	0.2241	0.2990	0.2300	0.0500	0.0000	0.1025	0.0950	0.5000	0.0000	0.0000	0.1350	0.0150
0.2950	0.1114	0.8200	0.8325	0.7350	0.2069	0.2577	0.1275	0.0550	0.0500	0.0925	0.0975	0.1544	0.0000	0.0000	0.0000	0.0375
0.0000	0.2500	0.1760	0.5125	0.4325	0.4483	0.0000	0.0000	0.3475	0.0000	0.0000	0.2625	0.0042	0.0925	0.0000	0.0000	0.0050
0.3825	0.2727	0.1800	0.4050	0.2875	0.1724	0.7010	0.0000	0.0175	0.0000	0.1525	0.3775	0.0000	0.0000	0.3450	0.0000	0.0000
0.3000	0.2500	0.0000	0.2325	0.3475	0.0172	0.5052	0.3300	0.2175	0.1500	0.0325	0.2275	0.4106	0.0000	0.0350	0.0000	0.1800
0.3400	0.2500	0.0300	0.2400	0.2875	0.1034	0.5773	0.3825	0.3825	0.2900	0.0750	0.0050	0.0000	0.0000	0.2450	0.0000	0.4950
0.2400	0.0341	0.4000	0.2400	0.0000	0.0000	0.2268	0.3825	0.3825	0.3400	0.3800	0.3775	0.4891	0.0000	0.3775	0.0000	0.0000
0.2400	0.2341	0.4160	0.2400	0.0000	0.0000	0.2268	0.3825	0.3825	0.3400	0.3825	0.0000	0.0000	0.0000	0.3825	0.0000	0.0000
0.3825	0.0000	0.0000	0.2400	0.0000	0.0000	0.2268	0.3825	0.3825	0.3400	0.3825	0.3825	0.0000	0.0000	0.0000	0.0000	0.0000
0.0000	0.2500	0.1760	0.0000	0.3775	0.0000	0.0000	0.0000	0.3775	0.0000	0.3825	0.3825	0.5000	0.0000	0.0000	0.0000	0.0000
0.0000	0.1477	0.0000	0.0000	0.3775	0.0000	0.2268	0.3775	0.3825	0.0000	0.0000	0.2400	0.5000	0.3825	0.0000	0.0000	0.0000
0.0000	0.0000	0.4160	0.0000	0.0000	0.1724	0.0000	0.2400	0.2400	0.2200	0.3825	0.2400	0.0000	0.2400	0.3775	0.0000	0.0000
0.2400	0.1455	0.0000	0.0000	0.0000	0.1724	0.0000	0.0000	0.0000	0.2200	0.2400	0.0000	0.0000	0.0000	0.3775	0.3775	0.0000
0.2400	0.0000	0.0000	0.0000	0.0000	0.3448	0.0000	0.0000	0.3775	0.2200	0.0000	0.0000	0.0000	0.0000	0.0000	0.3775	0.3775
