0.7005	2.1612	2.0347	2.1452	2.2264	2.1493	2.0485	2.2893	2.1823	2.0023	2.1525	2.0980	2.2490	2.4035	2.0341	1.9427	2.1879
1.0558	0.9391	2.2435	2.0596	2.0250	1.9510	2.1253	2.2491	2.0248	2.0704	2.0740	2.0348	1.9347	2.1830	2.0507	1.9956	2.3338
1.3801	1.8276	0.2899	2.0213	2.0842	2.1555	1.8892	2.4206	2.0459	1.9733	2.0583	2.0500	1.9257	2.4001	2.0367	2.0230	1.9533
1.6221	1.8568	0.8921	0.4960	2.0660	2.1368	1.9132	2.1184	2.1387	2.1693	1.9909	1.9962	1.8247	2.5174	2.1241	2.1679	2.3786
1.8645	1.9981	1.1279	0.6049	0.8699	2.0201	1.8913	2.0561	2.0881	2.1638	2.0876	2.1449	1.9330	2.4099	2.1513	2.3316	2.1685
2.6154	1.8824	1.7299	1.3107	1.6272	1.5328	2.0499	2.0630	2.1034	2.1539	2.0905	1.9870	2.3556	1.9011	2.2720	2.3665	2.1231
1.7132	2.1382	1.5557	1.5423	1.9808	1.8756	0.9354	2.2813	2.0341	2.1716	2.0790	2.0685	2.2716	2.2828	2.0701	2.3834	2.0750
1.9626	1.9857	2.6197	2.0117	2.0086	2.2369	1.4391	1.2596	2.1746	2.1487	2.2890	1.9888	2.1956	2.0498	2.0149	2.4875	1.9955
1.6702	1.9680	2.1876	1.9017	1.9353	2.1277	1.7343	1.3643	1.1147	2.1388	2.2148	2.0560	2.2653	2.0402	1.8637	2.4053	1.9746
1.6143	2.0630	1.7166	1.9017	2.1031	2.2021	2.0514	1.8466	1.3662	1.4014	2.0818	1.9844	2.1111	2.3476	1.8663	1.9987	2.1020
1.7637	1.9875	1.6710	1.8356	2.1973	2.1332	2.1627	1.7779	1.3132	1.3769	1.2146	1.9220	2.0941	2.2003	1.8791	2.2852	2.0427
1.8405	2.2118	2.0430	1.9404	2.2520	2.3413	2.1979	1.7217	1.3957	1.4951	1.4525	1.2560	2.1654	2.2169	1.9243	2.1562	2.2168
2.3739	2.0024	1.7464	2.0221	2.2427	2.3049	2.0994	2.1666	1.8499	2.0090	1.6652	1.4231	0.6932	2.3913	2.1532	2.1709	2.2349
3.0486	1.9996	2.1200	2.5201	2.2614	2.2826	2.2876	1.9406	2.2188	2.3104	2.0362	1.7653	0.9457	1.0813	2.3307	2.3504	2.1777
2.1127	2.0750	1.8138	2.4756	2.1146	2.0667	2.0787	1.9117	1.9939	1.8568	1.8374	1.9736	2.9204	1.2585	1.1685	2.2260	2.0205
1.5299	2.0486	2.3866	2.4190	2.4502	2.0674	1.9979	2.5697	2.3585	1.9069	2.2119	2.2339	2.6719	2.7222	1.6554	1.1482	2.1249
1.5782	2.2323	2.4209	2.4188	2.1810	1.9511	2.0486	2.6296	2.1290	1.9919	2.0266	2.3410	3.6097	3.9100	2.6744	1.1918	1.2455
