0.7180	0.0862	0.1625	0.1025	0.0075	0.0475	0.1897	0.1045	0.0325	0.0900	0.0400	0.2075	0.0100	0.0675	0.0412	0.0150	0.1350
0.6980	0.7102	0.0550	0.1525	0.0075	0.0250	0.1207	0.0500	0.1100	0.1150	0.0375	0.0525	0.0300	0.0400	0.0206	0.1275	0.0700
0.6940	0.6880	0.7275	0.0650	0.0100	0.0025	0.1897	0.0977	0.0600	0.0425	0.0125	0.0600	0.0100	0.1850	0.0000	0.0875	0.0875
0.7080	0.6894	0.6850	0.7675	0.0075	0.0000	0.1897	0.0773	0.0975	0.1275	0.0150	0.1725	0.0400	0.2175	0.0309	0.1200	0.0900
0.7420	0.6872	0.6025	0.6750	0.7350	0.0000	0.1724	0.0364	0.1450	0.1600	0.0125	0.1750	0.1300	0.1500	0.0619	0.1025	0.0400
0.7420	0.6729	0.6525	0.7575	0.7325	0.8100	0.1552	0.1159	0.1500	0.0900	0.0050	0.1050	0.0500	0.1125	0.0825	0.1300	0.0075
0.7200	0.6893	0.6600	0.7450	0.6875	0.7825	0.3621	0.0636	0.1925	0.1000	0.0025	0.1150	0.0200	0.0800	0.0619	0.1200	0.0650
0.7160	0.6328	0.6250	0.6800	0.6825	0.7850	0.2759	0.5545	0.1050	0.1525	0.0725	0.0575	0.0000	0.0450	0.2165	0.1125	0.1200
0.7440	0.6094	0.5650	0.6625	0.7025	0.7400	0.3448	0.5318	0.6400	0.1825	0.0150	0.0775	0.0000	0.0425	0.0412	0.1575	0.2775
0.7720	0.5706	0.5625	0.6675	0.7125	0.7775	0.3621	0.5273	0.6475	0.7525	0.0850	0.0475	0.0000	0.1275	0.0206	0.0975	0.1725
0.7320	0.6004	0.6025	0.6750	0.6425	0.7875	0.3793	0.5182	0.6125	0.7550	0.7125	0.1375	0.0100	0.1925	0.0515	0.1075	0.2925
0.7160	0.6312	0.6225	0.7125	0.6675	0.7875	0.3448	0.4977	0.6475	0.7525	0.7050	0.6950	0.0200	0.2175	0.0309	0.0425	0.1775
0.6820	0.6129	0.6675	0.7125	0.6650	0.8100	0.4138	0.4705	0.6475	0.7375	0.7100	0.6925	0.4400	0.2375	0.1134	0.0250	0.1125
0.6460	0.6386	0.6750	0.7000	0.7000	0.7700	0.3448	0.4818	0.6350	0.7425	0.6900	0.6750	0.4600	0.6225	0.0515	0.0150	0.1275
0.6760	0.6425	0.6800	0.7000	0.6975	0.7825	0.3621	0.4636	0.6175	0.7425	0.7125	0.6825	0.4900	0.6300	0.7010	0.0075	0.1575
0.7200	0.5940	0.6400	0.7225	0.6850	0.7925	0.3621	0.5023	0.6525	0.7425	0.7250	0.6700	0.4400	0.6725	0.7010	0.7250	0.1775
0.7260	0.6335	0.6275	0.7100	0.6825	0.7900	0.3793	0.5114	0.6450	0.7475	0.6775	0.6975	0.3900	0.6625	0.7010	0.7225	0.7175
