0.4138	0.0000	0.0000	0.0000	0.0000	0.0000	0.0000	0.0000	0.2400	0.1477	0.3775	0.3775	0.0000	0.0103	0.0000	0.0000	0.3775
0.2241	0.7300	0.0975	0.0050	0.4487	0.0000	0.0000	0.0050	0.3400	0.2182	0.1350	0.0225	0.0220	0.0722	0.0400	0.2325	0.0925
0.2759	0.4550	0.6625	0.0000	0.4815	0.0000	0.0125	0.0000	0.4200	0.1500	0.0150	0.0350	0.0680	0.0722	0.2600	0.3100	0.2925
0.2241	0.3000	0.5925	0.6900	0.0519	0.0000	0.0000	0.3300	0.3825	0.2091	0.0000	0.0225	0.0740	0.0722	0.2700	0.2975	0.3625
0.1724	0.6075	0.3950	0.5075	0.7222	0.0000	0.2900	0.4125	0.2475	0.2295	0.0075	0.0025	0.0420	0.0000	0.4200	0.1375	0.2125
0.1897	0.3750	0.0300	0.0475	0.3708	0.7650	0.2800	0.0000	0.1025	0.1386	0.3650	0.0000	0.2860	0.1856	0.1200	0.0275	0.0000
0.0000	0.1575	0.1500	0.1300	0.4114	0.6325	0.6925	0.1600	0.0000	0.1932	0.3550	0.0000	0.0460	0.2887	0.2400	0.0000	0.0000
0.0000	0.4750	0.3275	0.3775	0.5006	0.4600	0.4775	0.6525	0.0000	0.1773	0.2400	0.1300	0.0000	0.2887	0.2700	0.0000	0.0000
0.2586	0.3625	0.5725	0.5700	0.5750	0.2250	0.2350	0.5050	0.6125	0.2295	0.1700	0.1375	0.1480	0.0515	0.0000	0.3875	0.0700
0.2241	0.3250	0.2950	0.3075	0.4762	0.2825	0.2875	0.4000	0.3775	0.5045	0.0200	0.1600	0.0220	0.0206	0.2100	0.2475	0.3200
0.1724	0.4325	0.2150	0.2300	0.5009	0.4300	0.4625	0.3825	0.4225	0.2568	0.6725	0.0000	0.3800	0.0000	0.2100	0.0375	0.0000
0.1552	0.4500	0.1425	0.0975	0.4853	0.4575	0.5825	0.4725	0.3475	0.2568	0.6800	0.6525	0.3400	0.0000	0.2200	0.0550	0.0025
0.2931	0.4400	0.0125	0.0100	0.0486	0.5725	0.4250	0.3925	0.0325	0.0159	0.3900	0.4025	0.7920	0.0722	0.0100	0.0050	0.0800
0.3448	0.3750	0.0000	0.0000	0.5000	0.3825	0.3825	0.3775	0.3775	0.0000	0.3775	0.3775	0.4080	0.7010	0.0000	0.1525	0.0000
0.0000	0.3775	0.0000	0.0000	0.5000	0.3775	0.3775	0.3775	0.3775	0.2500	0.3825	0.3825	0.4080	0.7010	0.3800	0.0000	0.0000
0.0000	0.3700	0.2150	0.3100	0.5000	0.0825	0.4325	0.3725	0.3725	0.2477	0.2575	0.3750	0.1280	0.7010	0.4300	0.6900	0.0000
0.0000	0.3825	0.3775	0.1475	0.3912	0.2400	0.2950	0.3825	0.3825	0.2523	0.2400	0.2400	0.1760	0.0722	0.2700	0.5700	0.5325
