1.4928	2.2709	2.2090	2.4364	2.3459	2.1535	2.5090	2.4273	1.8562	2.0835	2.1235	1.9010	2.0996	2.2603	2.4908	2.0186	1.8936
1.7111	0.7407	2.0111	2.5457	1.7979	2.3431	2.6021	2.0751	2.0445	2.0253	2.0616	2.1010	2.3893	2.3929	2.1910	2.1681	2.0894
1.6137	1.2388	0.8083	2.6224	1.7879	2.3565	2.5350	2.0884	1.8701	2.0129	2.3387	2.0042	2.5581	2.3912	2.0431	2.0227	1.9511
1.7385	1.5421	0.8870	0.7683	1.8111	2.3463	2.2014	2.0355	1.8735	1.9875	2.4844	2.0567	2.7597	2.2956	1.9444	1.9778	1.8770
2.0705	1.0805	1.3076	1.1853	0.5662	2.2487	1.8531	2.0198	2.1521	1.9061	2.2780	2.0223	2.2757	2.3679	1.8442	2.0738	2.0053
1.9885	1.8199	3.0484	2.8614	2.4259	0.7121	1.8808	2.1476	2.3397	2.0280	1.8660	2.0785	1.8814	2.3787	2.1949	2.2769	2.2863
3.1309	2.3987	3.4971	3.2461	2.6723	0.9430	0.8304	2.0844	2.5374	1.9792	1.7446	2.1490	2.0180	1.9913	2.1161	2.2255	2.3785
2.6509	1.4025	2.1452	1.8457	2.0738	1.3348	1.7750	0.8861	2.4434	1.9670	1.9203	2.0881	2.2599	2.2029	1.9029	2.1033	2.1813
1.7661	1.5033	1.0873	1.1707	0.7940	1.5004	2.4103	1.5523	0.9889	1.9394	2.0781	2.0388	2.0574	2.1847	2.1849	1.9120	1.9449
1.8733	1.7942	1.3219	1.4378	1.6257	2.0174	2.1787	1.4626	1.4129	1.2902	2.3271	2.0006	2.4099	2.1561	2.0061	1.9758	1.9051
2.0579	1.0978	1.9334	1.9223	1.9695	1.2568	1.3865	1.1710	1.4819	2.1027	0.8603	2.1294	1.9842	2.4473	2.1502	2.1871	2.2356
1.9410	1.2282	2.1094	2.2433	2.3217	1.2284	1.3691	1.0986	1.6100	2.0909	0.8269	0.8826	1.9694	2.4278	2.0631	2.2824	2.2160
1.8119	1.7277	4.0396	3.7621	5.0784	1.1592	1.2413	1.5916	2.6322	3.3825	1.3976	1.2566	0.5925	2.6224	2.6870	2.5064	2.4401
2.0388	1.9398	3.5597	3.4198	2.6127	1.1252	1.3145	1.2240	1.8178	2.8691	1.6021	1.3916	1.7608	0.8139	2.3224	2.1678	2.2197
2.5976	1.9280	3.4713	3.5098	2.4668	1.1530	1.4536	1.1719	2.0405	2.7401	1.4256	1.3822	1.4575	0.9013	1.0641	2.2335	2.4231
3.3434	2.2117	3.0066	2.5876	1.6773	1.6120	1.5228	1.0316	2.1380	2.0933	1.4399	1.4946	2.2355	1.1583	1.2213	0.7175	2.3665
2.6181	1.5354	1.8211	1.6351	1.0124	2.2138	2.2801	1.1913	1.7031	1.7352	1.5077	1.7712	3.5084	1.7938	1.2162	1.0107	0.8888
