0.1927	0.0000	0.0000	0.0000	0.0000	0.0000	0.0000	0.0000	0.1290	0.0430	0.1827	0.1827	0.0000	0.0133	0.0000	0.0000	0.1827
-0.1189	0.7200	0.0773	0.0063	0.1278	0.0000	0.0000	0.0052	-0.0150	0.0296	-0.0953	-0.1670	0.0168	0.0153	0.0408	0.0969	-0.1417
0.0633	-0.3430	0.5843	-0.0063	0.1175	0.0000	0.0092	-0.0052	0.1879	0.0136	-0.0723	0.0136	0.0231	0.0566	0.0724	0.0385	0.0878
-0.0639	-0.1334	-0.0758	0.6844	-0.2109	0.0000	-0.0092	0.0809	-0.1175	0.0088	-0.0151	-0.0102	0.0030	-0.0403	0.0779	-0.0270	0.0045
-0.0147	0.2664	-0.3520	-0.2809	0.6870	0.0000	0.1490	0.1927	-0.1024	-0.0202	0.0117	-0.0159	-0.0061	-0.0449	0.0985	-0.0062	-0.0241
0.0538	-0.3466	-0.2093	-0.3704	-0.4587	0.7565	-0.0508	-0.2736	-0.0292	0.0075	0.0955	-0.0032	0.1258	0.0978	-0.2158	-0.0707	-0.1092
-0.1123	-0.1083	0.0400	0.0145	-0.0658	-0.1555	0.5873	0.0767	-0.0528	0.0030	0.0312	0.0000	-0.1255	0.0914	0.1171	-0.0315	0.0000
0.0000	0.2822	0.0605	0.1025	0.1379	-0.2048	-0.2799	0.5684	0.0000	0.0219	-0.0438	0.0682	-0.0371	0.0196	-0.0274	0.0000	0.0000
0.1200	-0.1221	0.4118	0.3878	0.0146	-0.2060	-0.3115	-0.4293	0.5872	0.0020	-0.0209	0.0060	0.0632	-0.1588	-0.1635	0.1589	0.0828
-0.0468	-0.0413	-0.3218	-0.3053	-0.1262	-0.0815	0.0033	-0.0571	-0.4264	0.4132	-0.0614	0.0108	-0.0425	-0.0256	0.1063	-0.0657	0.0400
0.0262	0.1202	-0.1438	-0.1004	0.1253	0.1789	0.1804	0.0257	0.1154	-0.4341	0.6487	-0.0850	0.2265	-0.0244	-0.0188	-0.0639	-0.1228
-0.0015	0.0219	0.0034	-0.0760	-0.1280	0.1267	0.0947	0.0677	-0.1115	0.0085	0.0162	0.6548	-0.0668	0.0000	0.0327	0.0103	0.0020
0.0201	0.0083	-0.0622	-0.0462	-0.1936	0.0725	-0.0999	-0.0123	-0.1455	-0.0846	-0.4684	-0.4177	0.5711	0.0528	-0.1083	-0.0346	0.0399
-0.0154	-0.1879	-0.0124	-0.0100	0.3064	-0.2907	-0.0882	-0.0571	0.1635	-0.0122	-0.0261	-0.0500	-0.5583	0.2219	-0.0119	0.1112	-0.0419
-0.1026	0.0463	0.0000	0.0000	0.0000	-0.0134	-0.0017	0.0000	0.0000	0.0800	0.0017	-0.0027	0.0000	0.0000	0.2799	-0.1162	0.0000
0.0000	-0.0027	0.0835	0.1071	0.0000	-0.1097	0.1864	0.1014	-0.0416	-0.0126	-0.0070	-0.0445	-0.1224	0.0000	-0.0794	0.6779	0.0000
0.0000	0.0044	0.0992	-0.0052	0.0503	0.0560	-0.1626	-0.0997	0.0433	0.0236	-0.0484	-0.0109	0.0116	-0.2298	0.0138	-0.2411	0.4942
