0.4483	0.0000	0.0000	0.0000	0.0000	0.0000	0.0000	0.0000	0.0000	0.0000	0.0000	0.0000	0.0000	0.0000	0.0000	0.0000	0.0000
0.4483	0.7325	0.0000	0.0000	0.0000	0.0000	0.0000	0.0000	0.0000	0.0000	0.0000	0.0000	0.0000	0.0000	0.0000	0.0000	0.0000
0.3621	0.4500	0.4850	0.0000	0.0000	0.0000	0.0000	0.0000	0.0000	0.0000	0.0000	0.0000	0.0000	0.0000	0.0000	0.0000	0.0000
0.3793	0.4550	0.5075	0.5275	0.0000	0.0000	0.0000	0.0000	0.0000	0.0000	0.0000	0.0000	0.0000	0.0000	0.0000	0.0000	0.0000
0.3793	0.4550	0.5075	0.5300	0.5874	0.0000	0.0000	0.0000	0.0000	0.0000	0.0000	0.0000	0.0000	0.0000	0.0000	0.0000	0.0000
0.3793	0.4700	0.5150	0.5275	0.5861	0.5500	0.0000	0.0000	0.0000	0.0000	0.0000	0.0000	0.0000	0.0000	0.0000	0.0000	0.0000
0.3966	0.4700	0.5125	0.5300	0.5860	0.5550	0.6300	0.0000	0.0000	0.0000	0.0000	0.0000	0.0000	0.0000	0.0000	0.0000	0.0000
0.3966	0.4750	0.5075	0.5275	0.5836	0.5600	0.6300	0.6175	0.0000	0.0000	0.0000	0.0000	0.0000	0.0000	0.0000	0.0000	0.0000
0.3966	0.4750	0.5100	0.5275	0.5835	0.5575	0.6225	0.6150	0.6200	0.0000	0.0000	0.0000	0.0000	0.0000	0.0000	0.0000	0.0000
0.3793	0.4750	0.5075	0.5275	0.5813	0.5575	0.6350	0.6175	0.6200	0.2932	0.0000	0.0000	0.0000	0.0000	0.0000	0.0000	0.0000
0.3966	0.4750	0.5050	0.5275	0.5806	0.5700	0.6250	0.6125	0.6275	0.3091	0.5975	0.0000	0.0000	0.0000	0.0000	0.0000	0.0000
0.3793	0.4750	0.5050	0.5275	0.5802	0.5775	0.6250	0.6150	0.6225	0.2977	0.5875	0.5900	0.0000	0.0000	0.0000	0.0000	0.0000
0.3793	0.4775	0.5050	0.5275	0.5808	0.5725	0.6275	0.6150	0.6200	0.3068	0.5900	0.5925	0.5740	0.0000	0.0000	0.0000	0.0000
0.3793	0.4700	0.5050	0.5250	0.5792	0.5750	0.6300	0.6150	0.6300	0.3114	0.5925	0.5800	0.5720	0.6701	0.0000	0.0000	0.0000
0.4138	0.4750	0.5050	0.5250	0.5794	0.5800	0.6275	0.6100	0.6375	0.2955	0.5925	0.5775	0.5740	0.6701	0.4600	0.0000	0.0000
0.3793	0.4725	0.5025	0.5250	0.5810	0.5800	0.6275	0.6175	0.6200	0.2977	0.5850	0.5750	0.5760	0.6701	0.4700	0.5875	0.0000
0.3793	0.4750	0.5100	0.5275	0.5824	0.5825	0.6250	0.6100	0.6325	0.2795	0.5825	0.5775	0.5880	0.6701	0.4600	0.5900	0.6150
