0.2972	0.0000	0.0000	0.0000	0.0000	0.0000	0.0000	0.0000	0.0000	0.0000	0.0000	0.0000	0.0000	0.0000	0.0000	0.0000	0.0000
0.2736	0.7210	0.0000	0.0000	0.0000	0.0000	0.0000	0.0000	0.0000	0.0000	0.0000	0.0000	0.0000	0.0000	0.0000	0.0000	0.0000
0.2315	0.3555	0.3860	0.0000	0.0000	0.0000	0.0000	0.0000	0.0000	0.0000	0.0000	0.0000	0.0000	0.0000	0.0000	0.0000	0.0000
0.2211	0.3630	0.4252	0.4308	0.0000	0.0000	0.0000	0.0000	0.0000	0.0000	0.0000	0.0000	0.0000	0.0000	0.0000	0.0000	0.0000
0.2211	0.3630	0.4252	0.4329	0.5874	0.0000	0.0000	0.0000	0.0000	0.0000	0.0000	0.0000	0.0000	0.0000	0.0000	0.0000	0.0000
0.2021	0.3865	0.4401	0.4299	0.5860	0.4903	0.0000	0.0000	0.0000	0.0000	0.0000	0.0000	0.0000	0.0000	0.0000	0.0000	0.0000
0.2111	0.3860	0.4374	0.4320	0.5820	0.5030	0.6305	0.0000	0.0000	0.0000	0.0000	0.0000	0.0000	0.0000	0.0000	0.0000	0.0000
0.2111	0.3926	0.4314	0.4297	0.5830	0.5089	0.6295	0.6184	0.0000	0.0000	0.0000	0.0000	0.0000	0.0000	0.0000	0.0000	0.0000
0.2081	0.3926	0.4344	0.4300	0.5832	0.5056	0.6222	0.6161	0.6073	0.0000	0.0000	0.0000	0.0000	0.0000	0.0000	0.0000	0.0000
0.2004	0.3926	0.4314	0.4302	0.5769	0.5063	0.6322	0.6193	0.6070	0.2225	0.0000	0.0000	0.0000	0.0000	0.0000	0.0000	0.0000
0.2081	0.3926	0.4284	0.4300	0.5781	0.5222	0.6219	0.6132	0.6168	0.2330	0.6004	0.0000	0.0000	0.0000	0.0000	0.0000	0.0000
0.1960	0.3921	0.4284	0.4294	0.5774	0.5330	0.6212	0.6146	0.6127	0.2094	0.5879	0.5895	0.0000	0.0000	0.0000	0.0000	0.0000
0.1967	0.3964	0.4284	0.4299	0.5772	0.5282	0.6240	0.6150	0.6103	0.2155	0.5907	0.5913	0.5233	0.0000	0.0000	0.0000	0.0000
0.1960	0.3854	0.4284	0.4280	0.5749	0.5306	0.6263	0.6142	0.6195	0.2208	0.5925	0.5781	0.5227	0.2675	0.0000	0.0000	0.0000
0.2380	0.3926	0.4269	0.4282	0.5743	0.5354	0.6223	0.6090	0.6276	0.2078	0.5917	0.5756	0.5242	0.2675	0.3702	0.0000	0.0000
0.1956	0.3890	0.4254	0.4280	0.5797	0.5354	0.6215	0.6163	0.6088	0.2090	0.5827	0.5726	0.5255	0.2675	0.3775	0.5913	0.0000
0.1960	0.3933	0.4366	0.4302	0.5813	0.5406	0.6189	0.6086	0.6226	0.1832	0.5801	0.5751	0.5420	0.2675	0.3484	0.5934	0.5979
