0.4310	0.0000	0.0000	0.0000	0.0000	0.0000	0.0000	0.0000	0.0000	0.0000	0.0000	0.0000	0.0000	0.0000	0.0000	0.0000	0.0000
0.5000	0.7350	0.0000	0.0000	0.0000	0.0000	0.0000	0.0000	0.0000	0.0000	0.0000	0.0000	0.0000	0.0000	0.0000	0.0000	0.0000
0.5000	0.7350	0.4925	0.0000	0.0000	0.0000	0.0000	0.0000	0.0000	0.0000	0.0000	0.0000	0.0000	0.0000	0.0000	0.0000	0.0000
0.4828	0.7375	0.5375	0.7500	0.0000	0.0000	0.0000	0.0000	0.0000	0.0000	0.0000	0.0000	0.0000	0.0000	0.0000	0.0000	0.0000
0.4655	0.7475	0.5350	0.7600	0.6962	0.0000	0.0000	0.0000	0.0000	0.0000	0.0000	0.0000	0.0000	0.0000	0.0000	0.0000	0.0000
0.3448	0.6475	0.5875	0.5900	0.5763	0.6900	0.0000	0.0000	0.0000	0.0000	0.0000	0.0000	0.0000	0.0000	0.0000	0.0000	0.0000
0.3448	0.6475	0.5850	0.5900	0.5762	0.6950	0.6500	0.0000	0.0000	0.0000	0.0000	0.0000	0.0000	0.0000	0.0000	0.0000	0.0000
0.3448	0.6450	0.5750	0.5925	0.5764	0.6850	0.6500	0.6050	0.0000	0.0000	0.0000	0.0000	0.0000	0.0000	0.0000	0.0000	0.0000
0.3621	0.6375	0.5700	0.5875	0.5754	0.6925	0.6575	0.6075	0.5900	0.0000	0.0000	0.0000	0.0000	0.0000	0.0000	0.0000	0.0000
0.3793	0.6425	0.5600	0.5975	0.5764	0.7000	0.6550	0.6075	0.5775	0.3250	0.0000	0.0000	0.0000	0.0000	0.0000	0.0000	0.0000
0.3793	0.6525	0.5675	0.6000	0.5754	0.7050	0.6550	0.5850	0.5775	0.3205	0.6275	0.0000	0.0000	0.0000	0.0000	0.0000	0.0000
0.3793	0.6525	0.5700	0.6000	0.5748	0.7075	0.6550	0.5900	0.5825	0.3273	0.6275	0.5900	0.0000	0.0000	0.0000	0.0000	0.0000
0.3793	0.6625	0.5675	0.5975	0.5750	0.7000	0.6550	0.5925	0.5825	0.3205	0.6250	0.5975	0.5560	0.0000	0.0000	0.0000	0.0000
0.3966	0.6400	0.5600	0.5975	0.5749	0.6975	0.6575	0.5675	0.5800	0.3182	0.6150	0.5825	0.5740	0.7010	0.0000	0.0000	0.0000
0.3966	0.6375	0.5650	0.6000	0.5728	0.7000	0.6475	0.5625	0.5625	0.3091	0.6125	0.5825	0.5740	0.7010	0.4200	0.0000	0.0000
0.3793	0.6425	0.5550	0.6025	0.5734	0.6850	0.6500	0.5175	0.5750	0.3068	0.6050	0.5625	0.5680	0.6804	0.4200	0.6100	0.0000
0.3966	0.6400	0.5350	0.5975	0.5735	0.6850	0.6575	0.5100	0.5700	0.2977	0.6000	0.5600	0.5680	0.6804	0.4100	0.6125	0.5650
