1.4596	2.0907	1.9935	2.1439	2.0365	2.0495	2.0737	2.0870	1.9975	2.0967	2.0306	2.1903	1.9865	2.0490	2.1228	2.0564	2.1256
1.4675	0.6803	2.0429	2.2250	2.0994	2.0086	2.2212	2.0348	1.9971	2.1012	1.9522	2.1940	2.0877	2.1646	2.2478	1.9875	2.1686
1.4465	0.7233	0.7656	2.1831	2.1977	1.9746	2.0948	2.0681	1.9283	2.0680	2.0493	2.2315	2.1024	2.3081	2.2791	1.9279	2.1103
1.4875	0.7303	0.8118	0.7431	2.1260	2.0113	2.1087	1.9794	1.8416	2.0563	1.9885	2.1939	2.0712	2.1627	2.3586	1.9199	2.1329
1.4461	1.0394	1.2826	1.0292	0.5673	2.0400	2.1064	1.9995	2.0757	2.0411	2.1077	2.1414	2.0632	2.1285	2.1805	2.0503	2.1237
1.4750	0.8477	1.0016	0.8482	0.6201	0.6864	2.1791	2.0132	1.9882	2.0844	1.9928	2.1068	2.0583	2.1603	2.1925	2.0313	2.0903
1.4153	0.8064	0.9745	0.8445	0.6477	0.6960	0.6946	2.1341	1.9988	2.0590	1.9628	2.1856	2.1449	1.9898	2.1523	1.9495	2.0570
1.3633	0.7892	1.0203	0.9257	0.6700	0.7641	0.7488	0.6786	1.9965	2.1223	1.9027	2.2243	2.1606	1.9908	2.1157	1.9568	2.0634
1.3980	0.8155	0.8933	0.8413	0.6681	0.7953	0.7562	0.7526	0.7823	2.0874	2.0345	2.2517	2.1616	1.9997	2.1505	1.9549	1.9697
1.3825	1.1262	1.2547	1.1389	0.6272	1.0697	0.8248	0.8064	0.8803	1.1129	2.1520	2.2258	2.1429	2.0093	2.0460	2.1090	2.0629
1.4466	0.9277	1.1372	0.9111	0.6377	0.9461	0.7599	0.7856	0.9084	1.1699	0.8115	2.4060	2.2614	1.9991	1.9837	2.1402	2.0215
1.5048	0.8679	1.1082	0.9938	0.6427	1.0276	0.7709	0.7274	0.8477	1.2514	0.9611	0.7136	2.1333	2.0366	2.0558	2.1489	1.9620
1.3967	1.0777	0.9409	1.0045	0.6414	0.9385	0.7900	0.8743	0.8593	1.1936	1.0384	0.7473	0.7575	2.0719	2.0935	2.0766	2.0442
1.3936	0.9776	0.8508	0.9106	0.6347	0.8972	0.7520	0.7869	0.8029	1.2381	0.9528	0.7723	0.8965	0.8028	2.0956	2.1546	1.9891
1.4472	0.9400	0.8720	1.0052	0.6444	0.8783	0.8961	0.8179	0.9401	1.1945	0.9072	0.8916	0.8225	0.7999	1.0912	2.1652	2.0069
1.3794	0.8031	0.8238	0.9017	0.6541	0.7938	0.7426	0.7681	0.9095	1.2296	0.8989	0.8060	0.6693	0.7632	1.1384	0.7019	2.1422
1.4460	0.8256	0.7458	0.8320	0.6810	0.8069	0.7740	0.7666	0.7290	1.2305	0.9320	0.7503	0.8994	0.7546	1.1378	0.7181	0.6525
