0.2769	2.0915	2.3545	2.2391	2.0169	2.0535	2.1991	2.1444	2.0643	1.7359	2.0876	2.1226	2.1881	2.0960	2.1497	2.0820	1.9504
1.3292	0.5468	2.5904	2.0750	2.2720	2.0882	2.0846	2.2283	1.9615	1.9222	2.0877	1.9462	2.0825	2.2290	2.1665	2.1129	2.1325
2.2896	1.6585	0.7163	1.8542	2.3534	2.1480	2.0650	2.0769	2.1290	2.3882	2.2046	1.9369	2.1301	2.1422	2.1518	1.9878	2.0786
2.1024	2.0918	0.9264	0.6982	2.3801	2.0705	2.1107	2.1469	2.1006	2.3081	2.1527	2.0675	2.1336	2.0502	2.1531	1.9906	2.2721
2.0135	2.4490	1.7869	2.2352	0.8378	1.9847	2.1543	2.2587	1.8049	2.3266	2.2355	2.1809	2.2586	1.8830	2.2322	2.1583	2.0656
1.9880	2.1024	1.8689	2.0827	0.9676	0.8053	2.2682	2.2176	2.0736	2.2420	2.2592	2.1970	2.0406	2.3218	1.9956	2.0188	1.8540
2.0814	1.8288	1.6502	2.1104	1.2372	0.9893	1.5308	2.1767	1.9248	2.0240	2.1323	2.1881	2.2575	2.1534	2.1574	2.1837	1.9061
1.9557	2.5080	1.9724	2.0452	1.6556	1.6266	1.6067	1.5836	1.8366	2.2580	2.2845	2.1939	2.4185	2.1016	2.4022	2.2471	1.8565
1.9795	2.5104	2.3699	2.1817	1.5676	1.7043	1.7374	1.6279	0.8982	2.1371	2.2882	2.3109	2.1695	2.0927	2.4707	2.1415	2.2985
1.8700	1.9103	2.5704	2.0157	1.9895	2.0768	1.8746	1.7986	1.0669	0.9485	2.2819	2.2727	2.2312	1.8908	2.4338	1.9334	2.3895
2.1623	1.8965	2.5953	1.9000	2.2042	2.2150	1.9026	2.1442	1.3200	1.1937	0.9376	2.3604	2.0405	1.8258	2.2744	1.8722	2.3634
2.3424	1.7284	2.2189	2.1692	2.4531	2.5803	2.0557	2.0666	1.8637	1.4889	1.1579	0.8968	2.1467	1.8650	2.3968	2.1615	2.4371
2.3000	1.6485	2.1975	2.1023	3.0767	2.6067	2.3125	2.4833	2.2071	1.9707	1.6179	1.1033	1.0865	1.9576	2.1094	1.9519	2.4776
2.3416	1.7245	2.3576	1.8539	2.3437	2.7927	2.1669	2.3427	2.0180	1.6869	1.2523	1.0562	1.1988	0.9003	1.9801	1.8478	2.3748
2.4185	1.8702	2.2004	1.9060	2.4412	2.5662	2.3787	2.8957	2.9126	2.2690	1.6439	1.3305	1.2692	1.0500	0.8330	1.9411	2.4470
2.3307	2.0142	2.1719	1.8373	2.5288	2.4500	2.2594	2.4985	2.3530	1.9007	1.4407	1.5491	1.4667	0.9816	0.8323	0.9004	2.3909
2.2876	1.8065	2.0834	1.8830	2.2215	1.9437	2.0634	2.2013	2.2764	2.1142	1.7215	2.3013	1.9096	1.2924	1.0141	0.9713	0.8521
