0.8952	0.0236	0.0031	0.1531	0.0950	0.1045	0.0291	0.0912	0.0522	0.4539	0.0320	0.1033	0.0000	0.0586	0.0210	0.0111	0.2170
0.7886	0.7388	0.0171	0.0376	0.0040	0.2003	0.0946	0.0000	0.2078	0.1279	0.1414	0.1827	0.0000	0.0286	0.0106	0.0019	0.0127
0.0000	0.4046	0.7462	0.3540	0.0449	0.0481	0.1192	0.0526	0.0000	0.0149	0.0000	0.2275	0.0608	0.0000	0.0000	0.2451	0.0556
0.1968	0.1193	0.7326	0.7967	0.0062	0.1050	0.0595	0.0589	0.0614	0.0073	0.0259	0.0900	0.0496	0.1031	0.0636	0.1086	0.0403
0.0822	0.0731	0.1290	0.0131	0.6430	0.1290	0.0317	0.0886	0.1844	0.0692	0.0071	0.0311	0.0000	0.0880	0.0449	0.0095	0.1497
0.0812	0.2149	0.0436	0.0000	0.6111	0.4741	0.0000	0.0000	0.1557	0.0114	0.0000	0.1231	0.2037	0.0000	0.2747	0.0000	0.1332
0.0000	0.3333	0.1603	0.0000	0.1844	0.4502	0.0732	0.0000	0.1844	0.0167	0.0000	0.0000	0.0000	0.0000	0.0000	0.0000	0.1827
0.1932	0.0000	0.0242	0.0000	0.1290	0.1290	0.0944	0.1513	0.1365	0.0000	0.0000	0.0000	0.0000	0.1679	0.0000	0.0000	0.1827
0.1191	0.0000	0.0000	0.0000	0.3892	0.3159	0.0754	0.1324	0.4509	0.0000	0.0403	0.0000	0.0000	0.0069	0.0000	0.0000	0.0000
0.1932	0.0000	0.0000	0.0417	0.1685	0.0000	0.0805	0.1359	0.4000	0.4897	0.0000	0.0000	0.0000	0.1388	0.0000	0.0163	0.0239
0.0000	0.2159	0.0000	0.4266	0.1148	0.1364	0.0484	0.0508	0.4407	0.2692	0.5053	0.0000	0.0000	0.1825	0.0000	0.1827	0.0000
0.1070	0.1657	0.0150	0.0380	0.0000	0.0000	0.1112	0.1274	0.1830	0.2894	0.2776	0.4437	0.0000	0.1827	0.0449	0.0000	0.0000
0.0000	0.3333	0.0000	0.0000	0.0000	0.0000	0.0000	0.0000	0.0000	0.1290	0.1844	0.1844	0.1897	0.1844	0.0449	0.1827	0.0000
0.0000	0.3018	0.0000	0.1827	0.0300	0.0000	0.0197	0.0000	0.1448	0.1290	0.1844	0.4257	0.1810	0.4937	0.0000	0.1663	0.0000
0.0000	0.3333	0.0000	0.1844	0.0000	0.0000	0.0000	0.0000	0.0000	0.1290	0.3940	0.4257	0.1202	0.1844	0.2747	0.4195	0.0000
0.0000	0.0000	0.0000	0.1827	0.0000	0.0130	0.0000	0.0000	0.0000	0.1290	0.1844	0.1827	0.1202	0.4074	0.2747	0.5240	0.0000
0.0000	0.2217	0.1325	0.1529	0.0507	0.0630	0.0585	0.0354	0.0425	0.0000	0.2724	0.0750	0.1202	0.1844	0.2747	0.3854	0.4310
