0.9180	0.0635	0.0025	0.2450	0.2550	0.3475	0.0517	0.1977	0.0850	0.5150	0.0600	0.1800	0.0000	0.1050	0.0309	0.0175	0.4150
0.8120	0.7389	0.0175	0.0475	0.0025	0.3575	0.1897	0.0000	0.3000	0.2375	0.3725	0.3775	0.0000	0.0300	0.0103	0.0025	0.0100
0.0000	0.6240	0.7500	0.5550	0.0525	0.1050	0.1897	0.1545	0.0000	0.0275	0.0000	0.4225	0.1200	0.0000	0.0000	0.2475	0.0850
0.2940	0.2842	0.7425	0.8025	0.0050	0.2400	0.0690	0.1545	0.1175	0.0125	0.0700	0.1775	0.0700	0.1825	0.1340	0.1000	0.0550
0.1680	0.1110	0.2400	0.0225	0.6450	0.2400	0.0345	0.2023	0.3825	0.0875	0.0050	0.0550	0.0000	0.2025	0.0722	0.0100	0.2350
0.1760	0.4471	0.0700	0.0000	0.6075	0.6225	0.0000	0.0000	0.3425	0.0100	0.0000	0.2050	0.4400	0.0000	0.7010	0.0000	0.1800
0.0000	0.5000	0.2925	0.0000	0.3825	0.5850	0.2241	0.0000	0.3825	0.0225	0.0000	0.0000	0.0000	0.0000	0.0000	0.0000	0.3775
0.4080	0.0000	0.0200	0.0000	0.2400	0.2400	0.2931	0.2750	0.1900	0.0000	0.0000	0.0000	0.0000	0.3500	0.0000	0.0000	0.3775
0.1720	0.0000	0.0000	0.0000	0.5300	0.4625	0.2241	0.2250	0.5925	0.0000	0.0700	0.0000	0.0000	0.0075	0.0000	0.0000	0.0000
0.4080	0.0000	0.0000	0.0675	0.1775	0.0000	0.0862	0.2318	0.5250	0.5250	0.0000	0.0000	0.0000	0.3825	0.0000	0.0250	0.0225
0.0000	0.4590	0.0000	0.5250	0.1750	0.1425	0.1552	0.1455	0.5775	0.2950	0.5500	0.0000	0.0000	0.3750	0.0000	0.3775	0.0000
0.1040	0.4911	0.0225	0.0675	0.0000	0.0000	0.2241	0.1795	0.3450	0.3450	0.4150	0.5850	0.0000	0.3775	0.0722	0.0000	0.0000
0.0000	0.5000	0.0000	0.0000	0.0000	0.0000	0.0000	0.0000	0.0000	0.2400	0.3825	0.3825	0.3300	0.3825	0.0722	0.3775	0.0000
0.0000	0.4806	0.0000	0.3775	0.0750	0.0000	0.0517	0.0000	0.3475	0.2400	0.3825	0.5650	0.2300	0.5550	0.0000	0.3700	0.0000
0.0000	0.5000	0.0000	0.3825	0.0000	0.0000	0.0000	0.0000	0.0000	0.2400	0.5275	0.5650	0.2200	0.3825	0.7010	0.5175	0.0000
0.0000	0.0000	0.0000	0.3775	0.0000	0.0075	0.0000	0.0000	0.0000	0.2400	0.3825	0.3775	0.2200	0.5375	0.7010	0.5675	0.0000
0.0000	0.4970	0.3550	0.2325	0.0550	0.0850	0.1724	0.1000	0.0550	0.0000	0.3225	0.1700	0.2200	0.3825	0.7010	0.5250	0.5725
