0.8660	2.1728	2.1999	2.2120	2.1807	1.9613	2.0159	2.5098	2.1545	2.6085	2.3542	1.9680	2.1758	1.8930	2.2777	2.0826	2.3243
0.8784	1.2490	2.0791	2.2337	2.1584	1.9735	2.0316	2.3289	2.2355	2.4983	2.3085	2.0706	2.1755	2.1556	2.3272	2.0135	2.4631
0.8668	1.2506	0.8447	2.3121	2.0694	1.9675	2.1107	2.3158	2.3388	2.4671	2.3706	2.1059	2.3109	2.1529	2.4043	2.1401	2.5012
0.8540	1.2481	0.8672	0.7778	2.1731	2.0669	2.1479	2.4134	2.5245	2.5733	2.3919	2.0825	2.2876	2.1710	2.5134	2.0855	2.5986
0.8446	1.2536	0.9171	0.7800	0.8078	2.1087	2.2343	2.4764	2.6862	2.6105	2.4533	2.0773	2.2741	2.1903	2.5407	2.1215	2.4692
0.8446	1.2662	0.9084	0.7835	0.8111	1.4934	2.2012	2.4396	2.6487	2.5870	2.4566	2.0753	2.2857	2.1782	2.5802	2.1449	2.4983
0.8458	1.2901	0.8790	0.7872	0.8108	1.4886	0.8295	2.5542	2.7264	2.6985	2.4887	2.0552	2.3440	2.2488	2.7140	2.1178	2.4718
0.8423	1.3069	0.8757	0.7890	0.8312	1.4887	0.8242	0.8235	2.6106	2.7542	2.5467	2.0730	2.3906	2.2883	2.6469	2.2508	2.5511
0.8373	1.3083	0.8896	0.7788	0.8449	1.4981	0.8418	0.8232	0.8210	2.7079	2.5736	1.9728	2.4494	2.3013	2.7660	2.2685	2.6282
0.8398	1.3104	0.8808	0.8069	0.8424	1.5070	0.8440	0.8318	0.8245	1.0897	2.4811	2.0176	2.3644	2.3136	2.8040	2.2958	2.6124
0.8325	1.3204	0.9012	0.8144	0.8475	1.5153	0.8239	0.8308	0.8296	1.1034	0.7901	2.0669	2.3185	2.4079	2.8722	2.2572	2.5645
0.8259	1.2750	0.8971	0.8048	0.8234	1.5133	0.8202	0.8244	0.8330	1.1010	0.7996	0.7451	2.4706	2.3468	2.8953	2.2799	2.6156
0.8438	1.2935	0.8983	0.8576	0.8348	1.5114	0.8114	0.8381	0.8448	1.1061	0.8212	0.7600	0.5887	2.2992	2.9141	2.2693	2.6030
0.8330	1.2965	0.8957	0.8384	0.8251	1.5078	0.8274	0.8276	0.8429	1.1180	0.8189	0.7876	0.6025	0.6979	2.8597	2.3237	2.6086
0.8427	1.3160	0.9110	0.8623	0.8262	1.5290	0.8358	0.8261	0.8356	1.1324	0.8124	0.8190	0.6338	0.7023	0.8088	2.2551	2.7247
0.8330	1.2976	0.9320	0.8201	0.8285	1.5533	0.8252	0.8342	0.8328	1.1270	0.8178	0.8329	0.6788	0.7141	0.8137	0.8286	2.7228
0.8289	1.2953	0.9315	0.7967	0.8150	1.5630	0.8246	0.8337	0.8302	1.1277	0.8120	0.8273	0.6188	0.7262	0.8083	0.8490	0.7882
