0.3448	0.2325	0.0000	0.0125	0.0004	0.0000	0.0950	0.2400	0.3600	0.1341	0.0000	0.3775	0.4460	0.7010	0.2200	0.0175	0.0000
0.3793	0.6500	0.0000	0.3000	0.0000	0.0000	0.3825	0.3775	0.2925	0.1455	0.0000	0.3550	0.2840	0.2268	0.2100	0.1200	0.0100
0.1207	0.3825	0.5925	0.0550	0.0000	0.2300	0.2800	0.0000	0.5775	0.1886	0.0275	0.2675	0.1580	0.0000	0.0000	0.0000	0.0875
0.0172	0.3350	0.4525	0.6175	0.0000	0.0075	0.0825	0.0700	0.1400	0.2273	0.0000	0.3775	0.1720	0.0000	0.0000	0.2300	0.3750
0.2241	0.3775	0.0000	0.3775	0.5132	0.0000	0.3825	0.3775	0.0000	0.1455	0.0000	0.3775	0.0000	0.0000	0.4400	0.3775	0.0000
0.3448	0.0000	0.0000	0.2425	0.0000	0.3775	0.0000	0.2400	0.3775	0.2500	0.3775	0.0000	0.0000	0.7010	0.2200	0.0000	0.0000
0.0172	0.3100	0.3775	0.5525	0.5002	0.5625	0.5850	0.0325	0.1575	0.2500	0.2075	0.0725	0.1280	0.0000	0.0000	0.0000	0.2600
0.0517	0.2400	0.3775	0.3850	0.5000	0.3825	0.3775	0.3775	0.3775	0.2500	0.0000	0.3775	0.4160	0.0000	0.2200	0.0000	0.3825
0.3448	0.2400	0.0000	0.3775	0.5000	0.3825	0.3775	0.3825	0.3775	0.2500	0.0000	0.0000	0.4160	0.7010	0.2200	0.0000	0.0000
0.3448	0.2400	0.3825	0.3775	0.5000	0.3825	0.3825	0.3775	0.3825	0.2500	0.0000	0.3775	0.4160	0.2268	0.2200	0.0000	0.0000
0.3448	0.2400	0.0000	0.3775	0.5000	0.3825	0.3775	0.3775	0.3825	0.2273	0.3825	0.3775	0.4160	0.7010	0.2200	0.0000	0.0000
0.3448	0.2400	0.0000	0.3775	0.5000	0.3825	0.3775	0.3775	0.3825	0.1455	0.3775	0.3825	0.4160	0.7010	0.2200	0.0000	0.0000
0.3448	0.2400	0.0000	0.3775	0.5000	0.3825	0.3775	0.2400	0.3825	0.2500	0.3775	0.3775	0.4160	0.7010	0.3400	0.0000	0.0000
0.3448	0.2400	0.0000	0.3775	0.0000	0.3825	0.3775	0.3775	0.3825	0.1455	0.3825	0.3775	0.4160	0.7010	0.2200	0.0000	0.0000
0.3448	0.2400	0.0000	0.3775	0.0000	0.3825	0.3775	0.3775	0.3825	0.1455	0.3775	0.3775	0.4160	0.7010	0.3400	0.0000	0.0000
0.3448	0.2400	0.0000	0.3775	0.5000	0.3825	0.3775	0.3775	0.3825	0.1455	0.3775	0.3775	0.4160	0.7010	0.3400	0.3825	0.0000
0.3448	0.2400	0.0000	0.3775	0.5000	0.3775	0.3775	0.3775	0.3825	0.1455	0.3825	0.3775	0.4160	0.7010	0.2200	0.3825	0.3775
