0.6555	0.0550	0.1455	0.0000	0.1370	0.0000	0.2747	0.0000	0.1233	0.0000	0.1844	0.0673	0.0000	0.1844	0.1827	0.0297	0.0000
-0.0036	0.5090	-0.0430	0.0120	0.0004	0.0000	-0.1145	0.0000	-0.1158	0.0686	-0.0891	-0.0673	0.0002	-0.0540	0.0000	0.0741	0.0000
0.0051	-0.0020	0.5761	0.0287	-0.0038	0.0000	-0.0631	0.0000	0.0902	-0.0686	0.0146	0.0680	0.0420	0.0099	0.0000	-0.0243	0.0641
-0.0026	-0.0024	0.0002	0.6777	0.0052	0.0000	0.0420	0.0000	0.0244	0.0000	0.0261	0.0144	0.0507	-0.0408	0.0000	0.0237	-0.0414
-0.0083	0.0066	-0.0057	0.0109	0.5923	0.0000	-0.0323	0.0000	-0.0057	0.0000	-0.0091	-0.0261	0.0193	-0.0193	0.0000	-0.0366	-0.0193
0.0000	-0.0034	-0.0060	-0.0140	0.0030	0.2021	0.0452	0.0000	-0.0533	0.0000	-0.0045	-0.0522	-0.0961	0.0210	0.0000	-0.0320	-0.0034
0.0000	0.0000	0.0000	0.0018	-0.0034	-0.0088	0.1227	0.0000	-0.0132	0.0000	0.0155	-0.0041	-0.0087	-0.0106	0.0000	-0.0030	0.0000
0.0000	0.0000	0.0000	0.0050	-0.0054	0.0401	0.0000	0.7016	0.0054	0.0000	-0.0002	0.0119	0.0618	0.0304	0.0000	0.0315	0.0000
0.0000	0.0023	0.0019	0.0035	0.0085	-0.0470	0.0000	-0.0109	0.6296	0.0000	0.0015	-0.0119	-0.0117	-0.0281	0.0000	-0.0229	0.0000
0.0000	0.0000	0.0017	-0.0147	0.0021	0.0000	0.0000	-0.0072	-0.0045	0.3646	-0.0005	0.0000	-0.0005	-0.0194	0.0000	0.0065	0.0000
0.0000	0.0000	0.0000	0.0087	-0.0051	0.0000	0.0000	0.0017	-0.0029	-0.0203	0.4848	0.0000	-0.0098	-0.0132	0.0000	-0.0143	0.0000
0.0000	0.0000	0.0032	0.0031	-0.0042	-0.0030	0.0000	-0.0056	-0.0057	0.0075	-0.0287	0.7279	-0.0399	0.0802	0.0000	0.0363	0.0000
0.0000	0.0000	-0.0009	0.0029	0.0062	0.0146	0.0000	-0.0109	-0.0148	0.0000	0.0168	0.0144	0.5953	-0.0503	0.0000	0.0544	0.0000
0.0000	0.0000	-0.0011	-0.0050	-0.0050	-0.0075	0.0000	0.0045	-0.0056	-0.0073	-0.0009	-0.0011	0.0027	0.7420	0.0000	0.0596	0.0000
0.0000	0.0000	0.0002	0.0022	-0.0024	0.0000	0.0000	-0.0202	-0.0169	0.0073	-0.0225	-0.0171	-0.0131	-0.0027	0.4291	-0.0463	0.0000
0.0000	0.0000	-0.0002	0.0000	0.0042	0.0000	0.0000	0.0087	0.0121	0.0000	0.0144	0.0058	0.0032	0.0000	-0.0017	0.5139	0.0000
0.0000	0.0000	0.0026	0.0047	0.0041	0.0000	0.0000	0.0008	0.0000	0.0001	0.0005	0.0000	-0.0023	0.0000	-0.0027	0.0004	0.7414
