0.6600	0.2068	0.4040	0.0000	0.3775	0.0000	0.7010	0.0000	0.2500	0.0000	0.3825	0.1075	0.0000	0.3825	0.3775	0.0650	0.0000
0.6575	0.5432	0.3100	0.0125	0.3750	0.0000	0.4227	0.0000	0.0050	0.0700	0.2775	0.0000	0.0002	0.3150	0.3775	0.2325	0.0000
0.6625	0.5432	0.7320	0.0450	0.3600	0.0000	0.2577	0.0000	0.2500	0.0000	0.3675	0.0650	0.0663	0.3425	0.3775	0.1150	0.0625
0.6600	0.5409	0.7320	0.7325	0.3825	0.0000	0.4948	0.0000	0.2500	0.0000	0.3475	0.0850	0.2155	0.1900	0.3775	0.1375	0.0175
0.6500	0.5477	0.7240	0.7400	0.7350	0.0000	0.2268	0.0000	0.1000	0.0000	0.2950	0.0475	0.3122	0.2050	0.3775	0.1175	0.0025
0.6500	0.5432	0.7200	0.7300	0.7375	0.3448	0.3918	0.0000	0.0475	0.0000	0.2900	0.0025	0.0217	0.2325	0.3775	0.0625	0.0000
0.6500	0.5432	0.7200	0.7325	0.7350	0.3276	0.7010	0.0000	0.0450	0.0000	0.3675	0.0000	0.0096	0.1925	0.3775	0.0350	0.0000
0.6500	0.5432	0.7200	0.7325	0.7275	0.4138	0.7010	0.7125	0.0525	0.0000	0.3600	0.0075	0.1286	0.2950	0.3775	0.0675	0.0000
0.6500	0.5455	0.7220	0.7400	0.7375	0.3621	0.7010	0.7050	0.6875	0.0000	0.3800	0.0000	0.0990	0.1500	0.3775	0.0725	0.0000
0.6500	0.5455	0.7240	0.7275	0.7400	0.3621	0.7010	0.6975	0.6850	0.4900	0.3800	0.0000	0.0976	0.1075	0.3775	0.0775	0.0000
0.6500	0.5455	0.7240	0.7300	0.7350	0.3621	0.7010	0.7000	0.6825	0.4600	0.6275	0.0000	0.0758	0.0750	0.3775	0.0550	0.0000
0.6500	0.5455	0.7260	0.7350	0.7350	0.3621	0.7010	0.6975	0.6750	0.4700	0.6000	0.7375	0.0075	0.2350	0.3775	0.1325	0.0000
0.6500	0.5455	0.7260	0.7350	0.7375	0.3966	0.7010	0.6825	0.6625	0.4700	0.6175	0.7500	0.6027	0.1100	0.3775	0.3250	0.0000
0.6500	0.5455	0.7260	0.7300	0.7325	0.3793	0.7010	0.6875	0.6575	0.4600	0.6175	0.7475	0.6053	0.8425	0.3775	0.3775	0.0000
0.6500	0.5455	0.7260	0.7325	0.7325	0.3793	0.7010	0.6700	0.6425	0.4700	0.6000	0.7325	0.5989	0.8400	0.6175	0.3750	0.0000
0.6500	0.5455	0.7260	0.7325	0.7350	0.3793	0.7010	0.6775	0.6525	0.4700	0.6125	0.7375	0.5998	0.8400	0.6125	0.6675	0.0000
0.6500	0.5455	0.7280	0.7375	0.7400	0.3793	0.7010	0.6800	0.6525	0.4700	0.6125	0.7375	0.5988	0.8400	0.6100	0.6675	0.7525
