0.7907	2.4680	2.4197	2.5155	2.4231	2.5010	2.4098	2.5262	2.4416	2.4850	2.4588	2.4857	2.5012	2.4047	2.3963	2.4704	2.5402
0.7919	1.1898	2.4355	2.5086	2.4128	2.5187	2.4062	2.5436	2.4534	2.4712	2.4706	2.5079	2.5370	2.4063	2.3824	2.4524	2.5337
0.7868	1.1825	0.7705	2.4893	2.4103	2.5261	2.4077	2.5281	2.4417	2.4842	2.4405	2.5154	2.5499	2.3900	2.3726	2.4662	2.5223
0.7884	1.1838	0.7809	0.6560	2.3978	2.5245	2.3765	2.5327	2.4224	2.4975	2.4206	2.5171	2.5401	2.3918	2.3711	2.4517	2.5268
0.7907	1.1824	0.8002	0.6494	0.6975	2.5295	2.3451	2.5458	2.4218	2.4734	2.4095	2.5288	2.5522	2.3928	2.3526	2.4499	2.5606
0.7907	1.1819	0.8184	0.6576	0.7001	1.4227	2.3233	2.5273	2.4355	2.4782	2.4035	2.5596	2.5393	2.3826	2.3695	2.4692	2.5911
0.7907	1.1822	0.8155	0.6570	0.6981	1.4232	0.7945	2.5129	2.4348	2.4816	2.4164	2.5611	2.5339	2.3961	2.3693	2.4708	2.6087
0.7904	1.1811	0.8109	0.6589	0.7098	1.4115	0.7882	0.7360	2.4224	2.4660	2.4220	2.5590	2.5482	2.3640	2.3854	2.4389	2.6100
0.7904	1.1814	0.7994	0.6606	0.6972	1.4153	0.7908	0.7558	0.7752	2.4626	2.4145	2.5830	2.5618	2.4056	2.3449	2.4515	2.6256
0.7904	1.1814	0.7970	0.6650	0.6974	1.4168	0.7908	0.7626	0.7792	1.0986	2.4019	2.6050	2.5753	2.4216	2.3527	2.4591	2.6540
0.7904	1.1814	0.7935	0.6637	0.6942	1.4129	0.7919	0.7658	0.7782	1.0897	0.8043	2.5974	2.5968	2.4416	2.3781	2.4248	2.6825
0.7904	1.1814	0.7911	0.6672	0.6990	1.4118	0.7961	0.7915	0.7923	1.0876	0.8186	0.6500	2.5987	2.4558	2.3822	2.4158	2.6813
0.7904	1.1814	0.7869	0.7118	0.6886	1.4172	0.7925	0.7831	0.8032	1.1006	0.8534	0.6549	0.6638	2.4613	2.4073	2.4010	2.6281
0.7904	1.1814	0.7809	0.7025	0.6905	1.4137	0.7923	0.7718	0.7947	1.0947	0.8431	0.6507	0.6637	0.4176	2.3916	2.3796	2.6750
0.7904	1.1814	0.7762	0.7000	0.6939	1.4140	0.7975	0.8062	0.8039	1.0949	0.8449	0.6623	0.6668	0.4178	0.8588	2.3676	2.6017
0.7904	1.1814	0.7783	0.6960	0.6901	1.4135	0.7955	0.7900	0.7964	1.0944	0.8389	0.6541	0.6657	0.4174	0.8529	0.7249	2.6053
0.7904	1.1814	0.7749	0.6927	0.6917	1.4141	0.7953	0.7941	0.7945	1.0944	0.8345	0.6558	0.6668	0.4177	0.8536	0.7274	0.6231
