0.6555	0.0550	0.1455	0.0000	0.1370	0.0000	0.2747	0.0000	0.1233	0.0000	0.1844	0.0673	0.0000	0.1844	0.1827	0.0297	0.0000
0.6519	0.5640	0.1025	0.0120	0.1374	0.0000	0.1602	0.0000	0.0075	0.0686	0.0953	0.0000	0.0002	0.1304	0.1827	0.1038	0.0000
0.6570	0.5620	0.6786	0.0407	0.1336	0.0000	0.0971	0.0000	0.0977	0.0000	0.1099	0.0680	0.0422	0.1403	0.1827	0.0795	0.0641
0.6544	0.5596	0.6788	0.7184	0.1388	0.0000	0.1391	0.0000	0.1221	0.0000	0.1360	0.0824	0.0929	0.0995	0.1827	0.1032	0.0227
0.6461	0.5662	0.6731	0.7293	0.7311	0.0000	0.1068	0.0000	0.1164	0.0000	0.1269	0.0563	0.1122	0.0802	0.1827	0.0666	0.0034
0.6461	0.5628	0.6671	0.7153	0.7341	0.2021	0.1520	0.0000	0.0631	0.0000	0.1224	0.0041	0.0161	0.1012	0.1827	0.0346	0.0000
0.6461	0.5628	0.6671	0.7171	0.7307	0.1933	0.2747	0.0000	0.0499	0.0000	0.1379	0.0000	0.0074	0.0906	0.1827	0.0316	0.0000
0.6461	0.5628	0.6671	0.7221	0.7253	0.2334	0.2747	0.7016	0.0553	0.0000	0.1377	0.0119	0.0692	0.1210	0.1827	0.0631	0.0000
0.6461	0.5651	0.6690	0.7256	0.7338	0.1864	0.2747	0.6907	0.6849	0.0000	0.1392	0.0000	0.0575	0.0929	0.1827	0.0402	0.0000
0.6461	0.5651	0.6707	0.7109	0.7359	0.1864	0.2747	0.6835	0.6804	0.3646	0.1387	0.0000	0.0570	0.0735	0.1827	0.0467	0.0000
0.6461	0.5651	0.6707	0.7196	0.7308	0.1864	0.2747	0.6852	0.6775	0.3443	0.6235	0.0000	0.0472	0.0603	0.1827	0.0324	0.0000
0.6461	0.5651	0.6739	0.7227	0.7266	0.1834	0.2747	0.6796	0.6718	0.3518	0.5948	0.7279	0.0073	0.1405	0.1827	0.0687	0.0000
0.6461	0.5651	0.6730	0.7256	0.7328	0.1980	0.2747	0.6687	0.6570	0.3518	0.6116	0.7423	0.6026	0.0902	0.1827	0.1231	0.0000
0.6461	0.5651	0.6719	0.7206	0.7278	0.1905	0.2747	0.6732	0.6514	0.3445	0.6107	0.7412	0.6053	0.8322	0.1827	0.1827	0.0000
0.6461	0.5651	0.6721	0.7228	0.7254	0.1905	0.2747	0.6530	0.6345	0.3518	0.5882	0.7241	0.5922	0.8295	0.6118	0.1364	0.0000
0.6461	0.5651	0.6719	0.7228	0.7296	0.1905	0.2747	0.6617	0.6466	0.3518	0.6026	0.7299	0.5954	0.8295	0.6101	0.6503	0.0000
0.6461	0.5651	0.6745	0.7275	0.7337	0.1905	0.2747	0.6625	0.6466	0.3519	0.6031	0.7299	0.5931	0.8295	0.6074	0.6507	0.7414
