0.8877	2.0978	2.0398	2.0429	2.0852	2.1037	2.0685	2.0696	2.1153	2.1107	2.1132	2.1374	2.0865	2.0974	2.0949	2.1082	2.0622
0.8943	0.5967	2.0841	2.0608	2.0710	2.1202	2.0950	2.0779	2.1494	2.1491	2.1296	2.1565	2.0708	2.0488	2.0487	2.1187	2.0519
1.0058	0.6394	0.7475	2.0551	2.0757	2.1020	2.0809	2.0866	2.1439	2.1749	2.1263	2.1624	2.0745	2.0536	2.0611	2.1456	2.0297
0.9325	0.7307	0.7790	0.7029	2.0855	2.0952	2.0713	2.0827	2.1362	2.1695	2.1301	2.1826	2.0885	2.0534	2.0867	2.1457	2.0279
0.9328	0.7609	0.8488	0.7930	0.7890	2.0977	2.0463	2.1185	2.1309	2.1824	2.1525	2.1920	2.0601	2.0642	2.1000	2.1684	2.0419
0.9855	0.7431	0.8263	0.7876	0.8522	0.6081	2.0458	2.1074	2.1376	2.1997	2.1553	2.2044	2.0709	2.0772	2.1071	2.1755	2.0379
1.1219	0.7509	0.8294	0.7887	0.8872	0.6318	1.4195	2.1108	2.1405	2.1973	2.1609	2.2009	2.0678	2.0802	2.1000	2.1815	2.0319
1.0995	0.7914	0.8519	0.7903	0.8624	0.7576	1.3958	1.2893	2.1455	2.1543	2.1501	2.1635	2.0443	2.1144	2.0793	2.1264	2.0538
1.2201	0.8078	0.8998	0.8580	0.8672	0.7826	1.3833	1.3663	0.7774	2.1880	2.1745	2.1608	2.0397	2.1197	2.1718	2.1262	2.0476
1.3864	0.8091	0.8570	0.8114	0.8708	0.7078	1.3909	1.4122	0.8021	0.7367	2.1595	2.1521	2.0246	2.1121	2.1443	2.1418	2.0658
1.1043	0.8012	0.8943	0.8127	0.8187	0.7118	1.3986	1.3737	0.8370	0.7932	0.7624	2.1518	2.0215	2.0911	2.1763	2.1344	2.0763
1.0965	0.7910	0.9610	0.9173	0.8774	0.8368	1.4236	1.4608	0.7657	0.8654	0.8874	0.7497	2.0262	2.1143	2.1923	2.1514	2.0466
1.1194	0.7901	0.9531	0.9128	0.8740	0.8396	1.4316	1.4654	0.7694	0.8626	0.8853	0.7527	1.1011	2.1160	2.1882	2.1510	2.0411
0.9521	0.8556	0.9400	0.9062	0.8598	0.8087	1.4252	1.4507	0.7800	0.8419	0.8398	0.7607	1.0995	0.7877	2.1928	2.1559	2.1220
1.0962	0.8967	0.8704	0.8826	0.8491	0.7780	1.4341	1.4808	0.7612	0.7885	0.8213	0.7851	1.0985	0.8186	0.8120	2.1624	2.1142
1.2973	0.8084	0.8653	0.8600	0.8636	0.7365	1.4476	1.5502	0.7939	0.7988	0.7971	0.8192	1.0890	0.8469	0.8087	0.7058	2.0899
1.4434	0.8412	0.9637	0.9415	0.9051	0.7787	1.4443	1.5721	0.7822	0.8399	0.8739	0.7878	1.0903	0.8248	0.8044	0.7795	0.7058
