0.5309	0.0331	0.1043	0.0935	0.0077	0.0081	0.0741	0.1040	0.0506	0.0153	0.0000	0.0080	0.0681	0.0395	0.0332	0.0493	0.0767
0.5751	0.6822	0.0370	0.0806	0.0144	0.0000	0.0541	0.0647	0.0629	0.0103	0.0037	0.0044	0.1151	0.1027	0.0932	0.0192	0.0762
0.5543	0.6718	0.6843	0.0648	0.0000	0.0233	0.0521	0.0639	0.0593	0.0127	0.0194	0.0000	0.1048	0.0692	0.0644	0.0063	0.0900
0.5957	0.6457	0.6432	0.7078	0.0026	0.0255	0.0545	0.0472	0.0716	0.0092	0.0174	0.0000	0.1066	0.1037	0.0219	0.0333	0.0893
0.5640	0.6336	0.6355	0.6594	0.6634	0.0177	0.1133	0.0050	0.0880	0.0000	0.0070	0.0000	0.1298	0.1115	0.0135	0.0233	0.1061
0.5592	0.6368	0.6207	0.6704	0.6245	0.7606	0.1560	0.0132	0.0862	0.0000	0.0301	0.0000	0.0976	0.1098	0.0040	0.0232	0.1047
0.5340	0.6474	0.6332	0.6794	0.6233	0.7349	0.2027	0.0166	0.0858	0.0000	0.0277	0.0000	0.0984	0.1092	0.0154	0.0194	0.1084
0.5164	0.6045	0.5934	0.6293	0.5850	0.6540	0.2182	0.4484	0.0698	0.0047	0.0000	0.0000	0.1646	0.0806	0.0048	0.0478	0.0703
0.5137	0.6023	0.6134	0.6452	0.5931	0.6869	0.1986	0.3915	0.6600	0.0036	0.0000	0.0034	0.1362	0.0309	0.0000	0.0905	0.0750
0.4567	0.6191	0.6044	0.6508	0.6136	0.7071	0.2205	0.4019	0.6302	0.6890	0.0000	0.0000	0.1438	0.0518	0.0000	0.0679	0.0609
0.4857	0.6235	0.6113	0.6543	0.6559	0.7117	0.1998	0.3936	0.6004	0.6740	0.6538	0.0021	0.1411	0.0822	0.0000	0.0738	0.0243
0.5478	0.6125	0.6104	0.6506	0.6006	0.6981	0.1902	0.3530	0.6673	0.6793	0.6033	0.6867	0.1048	0.0628	0.0000	0.0816	0.0706
0.5404	0.6130	0.6145	0.6454	0.6043	0.6922	0.1902	0.3439	0.6718	0.6711	0.6140	0.6830	0.3140	0.0595	0.0000	0.0788	0.0740
0.5465	0.6061	0.6331	0.6439	0.6372	0.7052	0.1907	0.3707	0.6665	0.6548	0.6337	0.6832	0.3455	0.6314	0.0000	0.0743	0.0171
0.5036	0.5942	0.6335	0.6641	0.6126	0.7093	0.2015	0.3609	0.6715	0.6870	0.6245	0.6404	0.3185	0.6180	0.2747	0.0683	0.0192
0.5045	0.6230	0.6331	0.6615	0.6608	0.7119	0.1963	0.3200	0.6741	0.6785	0.6431	0.6359	0.3341	0.6230	0.2747	0.6873	0.0482
0.4555	0.5828	0.6145	0.6473	0.6027	0.7113	0.1932	0.3152	0.6760	0.6723	0.6279	0.6541	0.3123	0.6402	0.2747	0.6783	0.6918
