0.6854	0.0282	0.0249	0.0505	0.1239	0.0875	0.1156	0.1158	0.0205	0.0141	0.0389	0.0521	0.1068	0.0998	0.0117	0.0134	0.0461
0.6918	0.7024	0.0340	0.0635	0.1394	0.0831	0.1145	0.1005	0.0347	0.0540	0.0461	0.0403	0.0856	0.0356	0.0262	0.0269	0.0447
0.6375	0.6558	0.7114	0.1011	0.0317	0.0677	0.1988	0.1018	0.0100	0.0763	0.0776	0.0893	0.0346	0.0640	0.0190	0.0821	0.0387
0.6942	0.5684	0.6489	0.7224	0.0621	0.0649	0.0998	0.0949	0.0322	0.0575	0.0969	0.1120	0.0368	0.1404	0.0427	0.0629	0.0711
0.7032	0.5800	0.6804	0.7330	0.6786	0.0679	0.1004	0.0704	0.0334	0.0654	0.1022	0.1245	0.0887	0.1178	0.0219	0.0495	0.0403
0.6982	0.5940	0.6916	0.7443	0.6785	0.8064	0.1769	0.0564	0.0469	0.0486	0.1076	0.1273	0.0510	0.1043	0.0133	0.0472	0.0256
0.6995	0.6155	0.6853	0.7396	0.6476	0.8072	0.2044	0.0499	0.0673	0.0478	0.0844	0.1266	0.0907	0.0882	0.0581	0.0278	0.0480
0.7170	0.6146	0.6464	0.7361	0.6462	0.8277	0.1980	0.5520	0.0546	0.0591	0.0856	0.1147	0.1000	0.1342	0.0488	0.0365	0.0771
0.7010	0.5892	0.6560	0.7483	0.6909	0.8094	0.2617	0.5494	0.6989	0.0708	0.0766	0.0815	0.0909	0.1389	0.0485	0.0163	0.0665
0.7097	0.6020	0.6621	0.7572	0.6862	0.8228	0.2508	0.5370	0.6941	0.7738	0.0680	0.0864	0.1023	0.1310	0.0401	0.0239	0.0945
0.6902	0.6095	0.6825	0.7466	0.6863	0.7997	0.2282	0.5211	0.7004	0.7466	0.7186	0.0845	0.0862	0.1418	0.0489	0.0246	0.0957
0.6520	0.6069	0.6707	0.7522	0.6628	0.7941	0.2116	0.5423	0.6995	0.7479	0.7215	0.7045	0.1000	0.1463	0.0536	0.0131	0.1024
0.6519	0.6094	0.6620	0.7526	0.6334	0.8123	0.2300	0.5262	0.6635	0.7255	0.6676	0.6623	0.4050	0.1331	0.0308	0.0318	0.0815
0.6404	0.6089	0.6637	0.7707	0.6313	0.8104	0.2467	0.5313	0.6972	0.7580	0.7060	0.7027	0.3253	0.7135	0.0256	0.0310	0.0863
0.6215	0.6062	0.6585	0.7590	0.6701	0.7791	0.2045	0.5451	0.7038	0.7565	0.7193	0.7008	0.3308	0.6880	0.2747	0.0634	0.1193
0.6643	0.6005	0.6336	0.7449	0.6367	0.7993	0.1878	0.5359	0.7018	0.7240	0.7024	0.6980	0.2938	0.6526	0.2747	0.7160	0.1293
0.6580	0.5886	0.6231	0.7597	0.6845	0.8059	0.2043	0.5259	0.6864	0.7457	0.7247	0.7235	0.3169	0.6599	0.2747	0.7140	0.7215
