0.6474	2.1658	2.1463	2.0461	1.9716	2.0749	2.0079	2.0689	2.2299	2.1693	2.1476	2.0827	2.0041	2.0094	2.2070	2.1643	2.0753
0.6363	0.5715	2.1483	2.0327	1.9409	2.0718	2.0396	2.0822	2.2211	2.1396	2.0987	2.0924	2.0476	2.0880	2.1775	2.2003	2.0992
0.7947	0.6303	0.6682	1.9418	2.0131	2.1515	2.0813	2.1076	2.4761	2.2200	2.1534	1.9973	2.0664	1.9998	2.1972	2.3275	2.0660
0.9108	7.7906	6.9547	4.4090	2.0841	2.5843	2.5210	2.3006	2.8580	2.3735	2.1372	2.1142	2.2803	1.9653	4.1713	2.5282	2.1136
0.8548	7.9131	1.0343	1.1500	0.7775	2.2669	2.0933	2.1225	2.4283	2.2587	2.1262	1.9304	2.0608	1.9055	3.0951	2.4513	2.1397
0.8866	7.9111	1.0313	1.1520	0.7741	0.4817	2.0791	2.1736	2.3391	2.2997	2.1270	1.9235	2.0849	1.9435	3.0531	2.3945	2.1889
0.8330	7.9354	1.0132	1.1593	0.7844	0.4973	1.4607	2.1656	2.2494	2.2121	2.0961	1.9862	2.0195	1.9411	2.9621	2.4359	2.1048
0.7385	9.7404	0.8297	0.8661	0.8116	0.5426	1.4536	1.1940	2.2251	2.1639	2.0187	1.9584	2.0030	1.9196	3.5450	2.3545	2.0751
0.8393	9.6578	0.8065	0.8205	0.7637	0.5196	1.4356	1.2248	0.7377	2.1115	2.0477	1.9132	2.0834	1.8655	3.4907	2.4989	2.0763
0.8631	9.6705	0.8167	0.8057	0.7648	0.5160	1.4358	1.2914	0.7291	0.5928	2.0428	1.9743	2.0496	1.8944	3.4229	2.4797	2.0321
0.9214	9.6832	0.8116	0.7826	0.7586	0.5219	1.4240	1.2586	0.7311	0.6053	0.8916	2.0051	2.0714	1.9180	3.5018	2.4518	1.9999
1.0836	9.6690	0.8064	0.8150	0.7875	0.5286	1.4358	1.2708	0.7359	0.6243	0.9107	1.7478	1.9852	1.8853	3.5542	2.4838	2.0497
1.0444	10.9568	0.7695	0.7924	0.8123	0.5318	1.4327	1.3311	0.7742	0.7191	1.0901	1.7680	1.2069	1.8931	3.9556	2.4267	2.0938
1.1127	10.9995	0.7875	0.7729	0.8255	0.5286	1.4206	1.3031	0.7349	0.6096	1.0298	1.7247	1.3085	0.6833	3.9651	2.3652	2.0866
1.1676	11.0212	0.7868	0.7642	0.8000	0.5599	1.4357	1.2942	0.7220	0.6053	1.0222	1.7128	1.3195	0.6965	1.0441	2.3312	2.0072
1.3469	22.0309	1.6198	1.6380	0.8672	0.5430	3.1857	2.1980	1.5619	0.6803	2.0203	3.6646	1.2550	0.7870	1.5406	7.0190	2.1217
1.2802	22.1089	1.6165	1.5925	0.8136	0.5367	3.1707	2.2002	1.5612	0.6477	1.9839	3.6330	1.1761	0.7583	1.5414	6.8557	0.7031
