0.3276	0.0000	0.1275	0.3825	0.0000	0.0000	0.3825	0.0000	0.0000	0.1500	0.3825	0.0000	0.4160	0.7010	0.2600	0.0000	0.1400
0.3966	0.6700	0.1075	0.3825	0.0000	0.2725	0.3825	0.0000	0.0000	0.1409	0.3825	0.0000	0.4160	0.7010	0.0000	0.0000	0.0225
0.3793	0.6750	0.6800	0.3825	0.0000	0.3675	0.3825	0.0000	0.0000	0.0818	0.3825	0.0000	0.4160	0.7010	0.0000	0.0150	0.0425
0.3793	0.6775	0.6775	0.6200	0.0000	0.2525	0.3825	0.0000	0.0000	0.0659	0.3825	0.0000	0.4160	0.7010	0.0000	0.0125	0.3550
0.3448	0.6850	0.6800	0.6050	0.6527	0.3775	0.3825	0.0000	0.0000	0.1318	0.3825	0.0000	0.4160	0.7010	0.0000	0.1250	0.3600
0.3621	0.6850	0.6800	0.6075	0.6529	0.6400	0.3825	0.0000	0.0000	0.1273	0.3825	0.0000	0.4160	0.7010	0.0000	0.1075	0.3450
0.0000	0.0000	0.0000	0.0000	0.0000	0.0000	0.0000	0.0000	0.0000	0.0000	0.0000	0.0000	0.0000	0.0000	0.0000	0.0000	0.0000
0.0000	0.0000	0.0000	0.0000	0.0000	0.0000	0.0000	0.0000	0.0000	0.0000	0.0000	0.0000	0.0000	0.0000	0.0000	0.0000	0.0000
0.0000	0.0000	0.0000	0.0000	0.0000	0.0000	0.0000	0.0000	0.0000	0.0000	0.0000	0.0000	0.0000	0.0000	0.0000	0.0000	0.0000
0.0000	0.0000	0.0000	0.0000	0.0000	0.0000	0.0000	0.0000	0.0000	0.0000	0.0000	0.0000	0.0000	0.0000	0.0000	0.0000	0.0000
0.0000	0.0000	0.0000	0.0000	0.0000	0.0000	0.0000	0.0000	0.0000	0.0000	0.0000	0.0000	0.0000	0.0000	0.0000	0.0000	0.0000
0.0000	0.0000	0.0000	0.0000	0.0000	0.0000	0.0000	0.0000	0.0000	0.0000	0.0000	0.0000	0.0000	0.0000	0.0000	0.0000	0.0000
0.0000	0.0000	0.0000	0.0000	0.0000	0.0000	0.0000	0.0000	0.0000	0.0000	0.0000	0.0000	0.0000	0.0000	0.0000	0.0000	0.0000
0.0000	0.0000	0.0000	0.0000	0.0000	0.0000	0.0000	0.0000	0.0000	0.0000	0.0000	0.0000	0.0000	0.0000	0.0000	0.0000	0.0000
0.0000	0.0000	0.0000	0.0000	0.0000	0.0000	0.0000	0.0000	0.0000	0.0000	0.0000	0.0000	0.0000	0.0000	0.0000	0.0000	0.0000
0.0000	0.0000	0.0000	0.0000	0.0000	0.0000	0.0000	0.0000	0.0000	0.0000	0.0000	0.0000	0.0000	0.0000	0.0000	0.0000	0.0000
0.0000	0.0000	0.0000	0.0000	0.0000	0.0000	0.0000	0.0000	0.0000	0.0000	0.0000	0.0000	0.0000	0.0000	0.0000	0.0000	0.0000
