1.5231	2.4437	2.4588	2.4636	2.5241	2.4355	2.4771	2.4789	2.4481	2.4472	2.3826	2.4352	2.4111	2.4102	2.4765	2.4780	2.4386
1.5258	1.0589	2.5102	2.4401	2.5232	2.3956	2.5140	2.4946	2.4818	2.4512	2.3815	2.4911	2.4233	2.3466	2.5003	2.4409	2.4437
1.5281	1.0593	1.0601	2.4327	2.5013	2.3874	2.5484	2.4907	2.5172	2.4262	2.3892	2.4834	2.3800	2.2761	2.4923	2.4357	2.4527
1.5317	1.0595	1.0601	1.0664	2.5384	2.4026	2.5709	2.4988	2.5357	2.4199	2.3671	2.5448	2.3549	2.2799	2.5235	2.4201	2.4294
1.5313	1.0594	1.0601	1.0664	0.6928	2.4029	2.5741	2.4977	2.5321	2.4202	2.3668	2.5402	2.3622	2.2865	2.5240	2.4241	2.4302
1.5312	1.0594	1.0601	1.0664	0.6928	1.0649	2.5893	2.5238	2.5452	2.4514	2.3062	2.5633	2.3530	2.2781	2.5061	2.4399	2.4593
1.5310	1.0594	1.0601	1.0664	0.6928	1.0648	1.0680	2.4665	2.5282	2.4173	2.3243	2.5399	2.3354	2.2803	2.4911	2.4082	2.4385
1.5312	1.0595	1.0601	1.0664	0.6928	1.0648	1.0680	1.0684	2.5359	2.4160	2.3071	2.5255	2.3362	2.2864	2.4806	2.3790	2.4429
1.5311	1.0595	1.0601	1.0664	0.6928	1.0648	1.0679	1.0684	1.0669	2.4509	2.3438	2.5528	2.3740	2.2917	2.5038	2.3507	2.4014
1.5311	1.0595	1.0601	1.0664	0.6928	1.0648	1.0679	1.0684	1.0669	1.5833	2.3697	2.5730	2.3720	2.2739	2.4792	2.3597	2.4127
1.5311	1.0595	1.0601	1.0664	0.6928	1.0648	1.0679	1.0683	1.0669	1.5832	1.0659	2.5762	2.3191	2.2679	2.4860	2.4004	2.4616
1.5312	1.0595	1.0601	1.0664	0.6928	1.0647	1.0679	1.0683	1.0669	1.5832	1.0659	1.0649	2.3253	2.2762	2.5154	2.4212	2.4874
1.5312	1.0595	1.0601	1.0664	0.6928	1.0647	1.0679	1.0683	1.0669	1.5832	1.0659	1.0648	1.0696	2.2631	2.5116	2.4111	2.4782
1.5312	1.0595	1.0601	1.0664	0.6928	1.0647	1.0679	1.0683	1.0669	1.5832	1.0659	1.0648	1.0696	0.8558	2.4358	2.4877	2.4931
1.5312	1.0595	1.0602	1.0664	0.6928	1.0647	1.0679	1.0683	1.0669	1.5831	1.0659	1.0648	1.0696	0.8558	1.1127	2.4858	2.5530
1.5312	1.0595	1.0602	1.0664	0.6928	1.0647	1.0679	1.0683	1.0669	1.5831	1.0659	1.0648	1.0696	0.8558	1.1127	1.0675	2.5580
1.5312	1.0595	1.0602	1.0664	0.6928	1.0647	1.0679	1.0683	1.0669	1.5831	1.0659	1.0648	1.0696	0.8558	1.1127	1.0675	1.0688
