0.3276	0.1450	0.2725	0.3825	0.0000	0.3625	0.3825	0.0000	0.0000	0.1364	0.3825	0.0000	0.3840	0.7010	0.0000	0.0000	0.0025
0.3448	0.3750	0.0000	0.3825	0.0000	0.3825	0.0025	0.0000	0.0000	0.1409	0.3825	0.0000	0.0000	0.7010	0.0000	0.0000	0.0075
0.3448	0.3775	0.5000	0.3825	0.0000	0.3825	0.0000	0.0000	0.0000	0.1455	0.3825	0.0000	0.0000	0.7010	0.0000	0.0000	0.0000
0.3103	0.3775	0.5125	0.4000	0.0000	0.3825	0.0000	0.0000	0.0000	0.1455	0.3825	0.0000	0.0000	0.7010	0.0000	0.0000	0.0000
0.3276	0.3775	0.5100	0.3975	0.5211	0.3825	0.0000	0.0000	0.0000	0.1455	0.3825	0.0000	0.0000	0.7010	0.0000	0.0025	0.0050
0.3276	0.3775	0.5175	0.3925	0.5273	0.4250	0.0000	0.0000	0.0000	0.1455	0.3825	0.0000	0.0000	0.7010	0.0000	0.1425	0.0000
0.3276	0.3775	0.5175	0.3925	0.5306	0.4250	0.3800	0.0000	0.0000	0.0136	0.3825	0.0000	0.0000	0.7010	0.0000	0.1325	0.2150
0.3276	0.3775	0.5175	0.3925	0.5329	0.4250	0.3800	0.3825	0.0000	0.0091	0.3825	0.0000	0.0000	0.7010	0.0000	0.2150	0.0225
0.3276	0.3775	0.5200	0.3925	0.5344	0.4250	0.3800	0.3825	0.4100	0.1136	0.3825	0.0000	0.0000	0.7010	0.0000	0.2400	0.0050
0.3276	0.3775	0.5200	0.3925	0.5363	0.4250	0.3800	0.3825	0.4100	0.2500	0.3825	0.0000	0.0000	0.7010	0.0000	0.2400	0.0050
0.3276	0.3775	0.5200	0.3925	0.5377	0.4225	0.3800	0.3800	0.4100	0.2500	0.4100	0.0000	0.0000	0.7010	0.0000	0.2400	0.0075
0.3276	0.3775	0.5200	0.3925	0.5395	0.4225	0.3800	0.3775	0.4100	0.2500	0.4100	0.4300	0.0000	0.7010	0.0000	0.2400	0.0300
0.3276	0.3775	0.5200	0.3925	0.5398	0.4225	0.3800	0.3775	0.4100	0.2500	0.4100	0.4300	0.4160	0.7010	0.0000	0.2400	0.0200
0.3276	0.3775	0.5200	0.3925	0.5421	0.4225	0.3800	0.3775	0.4100	0.2500	0.4100	0.4300	0.4160	0.7010	0.0000	0.2400	0.0225
0.3276	0.3775	0.5200	0.3900	0.5413	0.4225	0.3800	0.3775	0.4100	0.2500	0.4100	0.4300	0.4160	0.7010	0.3400	0.2400	0.0225
0.3276	0.3775	0.5200	0.3900	0.5413	0.4225	0.3800	0.3775	0.4100	0.2500	0.4100	0.4300	0.4160	0.7010	0.3400	0.4075	0.0075
0.3276	0.3775	0.5200	0.3900	0.5413	0.4225	0.3800	0.3775	0.4100	0.2500	0.4100	0.4300	0.4160	0.7010	0.3400	0.4075	0.3775
