0.5910	0.0836	0.0514	0.1464	0.0721	0.0758	0.0048	0.0916	0.0739	0.0000	0.0245	0.0950	0.0826	0.1026	0.1390	0.0366	0.1844
-0.0563	0.3203	-0.0329	-0.0353	-0.0695	-0.0112	-0.0048	-0.0321	0.1082	0.0000	0.0170	0.0475	0.0063	-0.0016	-0.0186	0.0058	-0.0738
0.1017	-0.0755	0.5384	-0.0964	0.0449	-0.0329	0.0433	0.0042	-0.0392	0.0000	0.0186	-0.0300	-0.0832	-0.0338	0.0226	0.0373	0.0008
-0.0144	-0.0004	-0.0009	0.6595	-0.0056	-0.0011	-0.0385	-0.0038	0.0743	0.0000	-0.0051	-0.0184	-0.0025	0.0505	0.0611	0.0100	0.0243
-0.0235	-0.0078	-0.0307	-0.0079	0.5959	0.0037	-0.0048	0.0192	-0.0368	0.0000	-0.0011	0.0098	0.0014	-0.0112	-0.0408	-0.0319	0.0047
-0.0234	0.0038	-0.0909	-0.0296	-0.0071	0.1826	0.0000	-0.0108	-0.0526	0.0000	0.0395	-0.0148	-0.0030	0.0043	0.0193	0.0125	-0.0032
0.0038	-0.0072	-0.0628	-0.0308	-0.0120	0.0388	0.2747	0.0016	0.0081	0.0000	0.0028	0.0120	-0.0011	-0.0263	0.0084	0.0225	0.0004
0.0264	0.0137	0.1834	0.0301	-0.0270	-0.0666	0.0000	0.5651	-0.0213	0.0000	-0.0436	-0.0224	-0.0003	-0.0105	-0.0132	0.0339	-0.0009
-0.0335	-0.0200	-0.0263	0.0014	0.0345	0.0127	0.0000	-0.0309	0.5112	0.0000	-0.0293	0.0068	0.0000	-0.0055	-0.0216	-0.0488	-0.0005
-0.0207	-0.0383	-0.0786	-0.1229	-0.0309	-0.0361	0.0000	-0.0790	-0.0545	0.3184	0.0242	-0.0170	-0.0001	-0.0226	-0.0624	-0.0198	-0.0007
0.0246	0.0255	0.0235	0.1064	0.0169	-0.0001	0.0000	0.0692	0.0493	-0.0673	0.5750	0.0156	0.0000	0.0396	0.0665	0.0315	0.0004
0.0503	0.0213	0.0246	0.0428	0.0373	0.0411	0.0000	0.0419	-0.0247	-0.0237	-0.0163	0.5936	0.0000	0.0048	-0.0147	-0.0167	-0.0009
-0.0603	0.0303	0.0143	-0.0191	-0.0419	-0.0239	0.0000	-0.0363	0.0387	0.0757	0.0006	-0.0411	0.6805	-0.0003	-0.0350	-0.0380	-0.0508
0.0228	-0.0323	-0.0076	0.0329	0.0621	-0.0322	0.0000	0.0198	-0.0376	-0.0422	0.0230	0.0301	-0.0453	0.6366	0.0364	-0.0067	0.0341
-0.0747	-0.0483	0.0478	-0.0804	-0.0348	0.0492	0.0000	-0.0742	0.0015	-0.0101	-0.0133	-0.0607	-0.1304	-0.0349	0.5003	0.0227	0.0038
0.0273	0.0001	-0.0289	0.0120	-0.0011	-0.0195	0.0000	0.0341	0.0129	0.0145	-0.0093	0.0191	0.0113	-0.0006	-0.0034	0.5913	-0.0080
0.0642	0.0202	-0.0744	-0.0080	-0.0116	0.0317	0.0000	0.0287	-0.0249	0.0088	-0.0004	-0.0212	-0.1117	-0.0279	-0.0331	-0.0600	0.5512
