0.7706	0.2276	0.0085	0.0000	0.1124	0.0000	0.0667	0.1631	0.1545	0.4246	0.0000	0.0033	0.0575	0.1442	0.0068	0.0968	0.0170
0.4586	0.7223	0.0111	0.0000	0.1326	0.0000	0.0877	0.0741	0.0651	0.1373	0.0000	0.0000	0.0267	0.0540	0.0000	0.1074	0.0000
0.2613	0.3333	0.7668	0.0126	0.0000	0.0000	0.1444	0.0639	0.1502	0.2264	0.0907	0.0000	0.0000	0.0000	0.0000	0.0879	0.0311
0.2024	0.2218	0.4809	0.7565	0.0562	0.0052	0.0688	0.0636	0.1543	0.1964	0.0180	0.0000	0.0000	0.0000	0.0000	0.0331	0.1236
0.0998	0.2191	0.1844	0.5110	0.7110	0.0056	0.1026	0.0197	0.0769	0.3964	0.0000	0.0000	0.0625	0.0000	0.0000	0.0359	0.1295
0.0767	0.0000	0.0603	0.1290	0.1290	0.7663	0.0562	0.0321	0.0209	0.1290	0.1827	0.0205	0.1759	0.1817	0.0588	0.0000	0.2474
0.0049	0.0000	0.1386	0.0975	0.1290	0.2030	0.0732	0.0516	0.0000	0.1290	0.1354	0.0096	0.0917	0.0969	0.1232	0.0127	0.0000
0.0998	0.2224	0.1844	0.1844	0.1290	0.1844	0.1026	0.0800	0.0000	0.1290	0.0000	0.0000	0.1202	0.1844	0.1232	0.0000	0.1844
0.0000	0.0001	0.0000	0.1290	0.1290	0.1844	0.1026	0.0747	0.1844	0.1290	0.1827	0.0000	0.1202	0.1290	0.1232	0.0000	0.1844
0.0000	0.0001	0.1898	0.1551	0.1290	0.1844	0.0732	0.0747	0.3268	0.5011	0.1364	0.0000	0.0000	0.1006	0.1232	0.0000	0.2141
0.0417	0.0000	0.1844	0.1302	0.1238	0.1827	0.0732	0.1047	0.1389	0.1388	0.4990	0.0000	0.0000	0.0000	0.0000	0.1491	0.1572
0.0000	0.0000	0.1844	0.1290	0.1290	0.1827	0.0732	0.0508	0.1844	0.1290	0.1844	0.1827	0.0000	0.0000	0.0000	0.0000	0.1827
0.0000	0.0000	0.1844	0.1290	0.1290	0.1844	0.0732	0.0747	0.1290	0.1290	0.1290	0.1827	0.1692	0.0000	0.0000	0.0000	0.0000
0.0000	0.0000	0.0000	0.1290	0.1290	0.1844	0.0732	0.0747	0.1844	0.1290	0.1827	0.1290	0.1202	0.1844	0.1232	0.0000	0.0000
0.0000	0.0000	0.0000	0.0000	0.0000	0.1844	0.0686	0.0747	0.1844	0.1844	0.0000	0.0000	0.1202	0.1827	0.2747	0.0000	0.0000
0.0000	0.0000	0.0000	0.0000	0.0000	0.0000	0.0000	0.0747	0.1844	0.0000	0.0000	0.0000	0.0000	0.1827	0.2747	0.1844	0.0000
0.0000	0.0000	0.0000	0.0000	0.0000	0.0000	0.0000	0.0000	0.1290	0.0000	0.0000	0.0000	0.0000	0.1827	0.2747	0.1844	0.1844
