0.5467	1.6252	2.0363	2.3043	1.9901	2.1945	2.1768	2.0748	2.0392	1.6520	2.2349	2.1919	2.2908	2.1483	2.0878	2.2978	2.1740
0.9175	0.5953	2.2759	2.2412	2.1056	2.5062	2.0721	2.0217	2.0597	1.9167	2.5018	2.2527	2.1258	2.1111	2.1345	2.2173	2.2072
1.5449	1.1198	0.6278	2.2442	2.1442	2.3314	2.0458	2.1133	2.1099	1.7826	2.0430	2.5326	2.3975	2.2366	2.2360	2.1158	1.9427
1.8360	1.0974	0.9855	0.8980	2.1191	2.3531	1.9744	2.0641	2.1853	1.8702	2.1673	2.3126	2.1254	2.0792	2.2428	2.1857	1.9576
2.3527	1.1283	1.2000	1.2249	0.8045	2.4957	1.9717	2.1080	2.2936	1.8448	2.2219	2.3548	2.1585	2.0114	2.1840	2.0907	1.9846
4.2852	5.1364	2.2421	2.5547	2.0904	0.7085	1.9150	2.2983	2.1737	2.0846	1.9354	2.3858	2.0795	2.0264	2.2242	2.3577	1.8153
4.1374	3.9659	2.0876	2.4434	2.0464	1.1178	1.5351	2.2569	2.2727	2.2045	2.0024	2.5322	2.0490	1.9524	2.2002	2.4898	1.9164
2.4323	1.6953	1.6938	1.8197	1.3947	1.1621	1.5171	1.5857	2.3251	2.2285	2.2516	2.4372	2.0529	1.8802	1.9564	2.4934	1.8974
4.2749	3.3105	2.4164	2.5351	2.1453	1.2272	1.5295	1.6131	1.0809	2.2782	2.2540	2.4330	2.0285	1.8632	2.0062	2.5129	1.8847
3.9876	4.1583	2.0639	1.9657	2.2089	1.1021	1.5729	1.6209	1.0999	0.9617	1.9562	2.5090	2.0355	2.1180	2.3437	2.3775	1.9580
2.5783	4.5280	1.6583	1.7946	2.2361	1.2392	1.7901	1.8119	1.4673	1.4228	1.0036	2.4737	2.4228	2.5088	2.5505	2.3836	1.8349
3.6876	6.0429	1.5981	2.2584	2.6234	1.1640	1.7175	1.8485	1.2475	1.2978	1.2140	1.0956	2.3518	2.5296	2.5583	2.2562	1.7675
3.8796	5.4271	1.9150	1.8450	2.7820	1.2243	1.7657	1.9717	1.3818	1.5304	1.2573	1.1764	1.0986	2.3560	2.4767	2.1861	1.9262
4.9172	5.0293	2.4403	2.7814	3.0292	1.1770	1.5548	1.7011	1.1971	1.2790	1.1897	1.2409	1.4716	1.0813	2.5399	2.3817	1.9262
6.1640	5.2590	5.0276	6.2380	3.9199	1.5814	1.8198	1.9415	1.3948	1.7538	2.8819	2.5680	2.6622	1.3491	0.8262	2.2760	2.3220
6.0922	4.6167	4.5940	5.9431	3.5038	1.8158	2.1074	2.2133	1.6076	2.4982	3.2946	2.6999	2.9044	1.5957	0.8510	1.0807	2.2112
6.7235	5.5410	4.8988	6.2725	3.9910	1.8743	2.2399	2.4807	1.7383	2.8131	3.0520	2.1790	2.6058	1.5850	0.8845	1.0837	1.0829
