1.5099	2.2250	2.0730	2.2219	1.7382	2.1819	2.0948	2.2364	2.0647	2.0868	1.9032	2.0137	2.0517	2.2071	2.1929	2.1739	1.9130
1.8444	0.6778	2.4394	2.0288	1.8550	2.0613	2.0606	2.1502	2.3203	2.0808	2.3907	2.0200	2.1278	2.4053	2.0244	1.9285	1.9935
1.8041	1.4187	0.6380	2.1381	2.0053	2.2132	2.0992	2.0601	2.0885	2.1984	2.1629	2.1478	2.0924	2.2545	2.2911	2.0457	1.8527
1.7477	1.8145	1.1266	0.9661	1.9657	2.2847	1.9460	2.2619	2.1043	2.1238	2.0746	2.1131	2.1317	2.1282	2.2090	1.9826	1.8362
1.8812	1.7299	1.3672	1.1975	0.6932	2.0704	1.9394	2.2258	2.0758	2.0989	2.1355	2.0641	1.8299	1.9391	2.1114	2.0147	1.8448
1.9237	1.7654	1.5650	1.3491	0.6963	1.1091	1.9904	2.0651	2.2603	2.1561	2.0274	2.1525	1.9163	2.2839	2.1467	1.9012	2.0040
1.9660	2.0496	1.6598	1.4221	0.7033	1.1532	1.0812	2.0678	2.0497	2.1678	2.1991	2.0916	1.9182	2.0268	2.1609	2.1572	1.9618
1.9767	2.0805	1.7336	1.6952	0.9220	1.2463	1.1153	1.0816	2.1636	2.2140	2.1651	2.1381	1.9395	2.0809	2.0884	2.0403	1.8840
1.9522	1.9306	1.6377	1.7813	1.0528	1.4516	1.2051	1.1403	1.0908	2.1520	2.1090	1.9918	2.1879	1.9937	2.2968	2.0652	1.8901
2.7553	2.2986	3.5526	3.7400	8.9244	4.8098	4.6250	4.2071	3.6618	1.5888	2.1483	2.0567	2.1410	2.0713	1.8646	2.4829	2.2909
2.5606	2.5133	3.1807	3.4669	7.7077	4.2291	4.2338	3.5928	2.8435	1.6033	1.1195	2.1311	2.2022	1.9551	1.9261	2.4456	2.2894
2.3869	2.4475	3.0671	3.2107	7.6503	3.9060	3.8288	3.3524	2.4834	1.6232	1.1755	1.0822	2.1678	1.8442	2.0035	2.4219	2.2334
2.1400	2.4381	2.3160	2.6947	2.7419	2.8654	3.0047	3.0102	3.1636	1.8332	1.6450	1.3802	1.1045	2.4920	2.1975	2.6845	2.1091
2.6132	2.5719	3.4360	3.9968	9.4805	4.7397	4.5275	3.7011	2.9988	1.6267	1.3108	1.1391	1.1028	1.0759	2.0051	2.6541	2.1904
1.9487	2.1605	1.8626	2.2743	2.6236	2.7639	1.9470	1.8064	1.3384	2.0251	1.7035	1.4015	1.2993	0.9589	1.4270	2.6026	2.0234
1.8729	1.8558	1.4106	1.5901	0.7877	2.1792	1.6238	1.5182	1.3587	2.8881	2.2881	2.4503	2.4910	1.6120	1.4513	1.1045	2.0764
1.7706	1.8186	1.3688	1.4390	0.7349	1.7026	1.5792	1.4067	1.3809	2.6741	2.3816	2.6998	1.9777	1.6636	1.6122	1.1214	1.1156
