0.4144	0.0051	0.0691	0.0241	0.1134	0.0129	0.0643	0.0082	0.1012	0.0725	0.1705	0.0896	0.0639	0.0048	0.0000	0.0129	0.1834
0.0759	0.7650	0.0174	0.1389	0.0984	0.0386	0.0551	0.1126	0.0183	0.0697	0.0000	0.0969	0.0000	0.0000	0.0844	0.1083	0.1205
0.1218	0.5637	0.8080	0.0590	0.1667	0.0000	0.0809	0.1844	0.0402	0.0378	0.0365	0.1357	0.1959	0.0000	0.0000	0.1161	0.1508
0.0804	0.2792	0.1827	0.3404	0.2222	0.0000	0.1844	0.1844	0.0403	0.0000	0.0188	0.0000	0.1994	0.0114	0.0678	0.1290	0.1373
0.0537	0.1827	0.1827	0.1818	0.3333	0.0000	0.1844	0.1844	0.0000	0.0978	0.0000	0.0000	0.1959	0.0000	0.0000	0.0000	0.1093
0.0588	0.1827	0.1827	0.1844	0.3333	0.1827	0.0000	0.1844	0.0000	0.0741	0.0000	0.0000	0.1959	0.0000	0.0000	0.1290	0.0000
0.0588	0.1827	0.1827	0.1844	0.3333	0.1827	0.1827	0.1844	0.0000	0.0741	0.0000	0.0000	0.1959	0.0000	0.0000	0.0000	0.1827
0.1026	0.1827	0.1290	0.1844	0.3333	0.1827	0.1844	0.1844	0.1290	0.0000	0.0000	0.1290	0.0000	0.0000	0.0000	0.0000	0.1827
0.0588	0.1827	0.1290	0.1844	0.3333	0.1827	0.1844	0.1827	0.1827	0.0800	0.0000	0.0000	0.0000	0.2747	0.0000	0.1844	0.1827
0.0000	0.0000	0.0000	0.0000	0.0000	0.0000	0.0000	0.0000	0.0000	0.0800	0.0000	0.0000	0.0000	0.1232	0.2037	0.0000	0.0000
0.0000	0.0000	0.0000	0.0000	0.0000	0.0000	0.0000	0.0000	0.0000	0.0800	0.1844	0.0000	0.0998	0.0000	0.1202	0.0000	0.0000
0.0000	0.0000	0.0000	0.0000	0.0000	0.0000	0.0000	0.0000	0.0000	0.0800	0.1844	0.1827	0.0000	0.2747	0.0000	0.0000	0.1844
0.0000	0.0000	0.0000	0.0000	0.0000	0.0000	0.0000	0.0000	0.0000	0.0515	0.1827	0.1844	0.1959	0.0000	0.0000	0.0000	0.1844
0.0000	0.0000	0.0000	0.0000	0.0000	0.0000	0.0000	0.0000	0.0000	0.0747	0.1290	0.1844	0.1932	0.2747	0.0000	0.0000	0.0000
0.0588	0.1290	0.1827	0.0000	0.0000	0.0000	0.1844	0.1827	0.1827	0.0000	0.1844	0.1290	0.1959	0.2747	0.1202	0.0000	0.0000
0.1026	0.1290	0.1844	0.1844	0.3333	0.0000	0.1844	0.1844	0.1827	0.0000	0.0000	0.0000	0.0000	0.2747	0.1692	0.1827	0.1827
0.1026	0.1290	0.1827	0.1844	0.3333	0.1827	0.1844	0.1844	0.1827	0.0000	0.0000	0.0000	0.1959	0.2747	0.1202	0.1827	0.1827
