0.4310	0.0050	0.0825	0.0475	0.4587	0.0100	0.0850	0.0100	0.2875	0.1205	0.3650	0.1025	0.1420	0.0103	0.0000	0.0175	0.3775
0.1897	0.7700	0.0300	0.1775	0.3617	0.0550	0.0900	0.3525	0.0300	0.2477	0.0000	0.1850	0.0000	0.0000	0.1300	0.2375	0.2125
0.2414	0.7425	0.8150	0.1775	0.4975	0.0000	0.1775	0.3825	0.1000	0.1432	0.0900	0.1875	0.4160	0.0000	0.0000	0.2525	0.2500
0.1552	0.4025	0.3775	0.5950	0.4999	0.0000	0.3825	0.3825	0.0600	0.0000	0.0225	0.0000	0.4180	0.0206	0.0800	0.2400	0.3775
0.1552	0.3775	0.3775	0.3750	0.5000	0.0000	0.3825	0.3825	0.0000	0.2455	0.0000	0.0000	0.4160	0.0000	0.0000	0.0000	0.3750
0.1724	0.3775	0.3775	0.3825	0.5000	0.3775	0.0000	0.3825	0.0000	0.2273	0.0000	0.0000	0.4160	0.0000	0.0000	0.2400	0.0000
0.1724	0.3775	0.3600	0.3825	0.5000	0.3775	0.3775	0.3825	0.0000	0.2273	0.0000	0.0000	0.4160	0.0000	0.0000	0.0000	0.3775
0.3448	0.3775	0.2400	0.3825	0.5000	0.3775	0.3825	0.3825	0.2400	0.0000	0.0000	0.2400	0.0000	0.0000	0.0000	0.0000	0.3775
0.1724	0.3775	0.2400	0.3825	0.5000	0.3775	0.3825	0.3775	0.3775	0.2500	0.0000	0.0000	0.0000	0.7010	0.0000	0.3825	0.3775
0.0000	0.0000	0.0000	0.0000	0.0000	0.0000	0.0000	0.0000	0.0000	0.2500	0.0000	0.0000	0.0000	0.2268	0.4400	0.0000	0.0000
0.0000	0.0000	0.0000	0.0000	0.0000	0.0000	0.0000	0.0000	0.0000	0.2500	0.3825	0.0000	0.1760	0.0000	0.2200	0.0000	0.0000
0.0000	0.0000	0.0000	0.0000	0.0000	0.0000	0.0000	0.0000	0.0000	0.2500	0.3825	0.3775	0.0000	0.7010	0.0000	0.0000	0.3825
0.0000	0.0000	0.0000	0.0000	0.0000	0.0000	0.0000	0.0000	0.0000	0.1477	0.3775	0.3825	0.4160	0.0000	0.0000	0.0000	0.3825
0.0000	0.0000	0.0000	0.0000	0.0000	0.0000	0.0000	0.0000	0.0000	0.2295	0.2400	0.3825	0.4080	0.7010	0.0000	0.0000	0.0000
0.1724	0.2400	0.3775	0.0000	0.0000	0.0000	0.3825	0.3775	0.3775	0.0000	0.3825	0.2400	0.4160	0.7010	0.2200	0.0000	0.0000
0.3448	0.2400	0.3825	0.3825	0.5000	0.0000	0.3825	0.3825	0.3775	0.0000	0.0000	0.0000	0.0000	0.7010	0.3400	0.3775	0.3775
0.3448	0.2400	0.3775	0.3825	0.5000	0.3775	0.3825	0.3825	0.3775	0.0000	0.0000	0.0000	0.4160	0.7010	0.2200	0.3775	0.3775
