1.3612	0.0000	0.0000	0.0000	0.0000	0.0000	0.0000	0.0000	0.0000	0.0000	0.0000	0.0000	0.0000	0.0000	0.0000	0.0000	0.0000
2.1742	0.6717	0.0000	0.0000	0.0000	0.0000	0.0000	0.0000	0.0000	0.0000	0.0000	0.0000	0.0000	0.0000	0.0000	0.0000	0.0000
2.2151	2.1301	0.7044	0.0000	0.0000	0.0000	0.0000	0.0000	0.0000	0.0000	0.0000	0.0000	0.0000	0.0000	0.0000	0.0000	0.0000
2.1257	2.2788	2.2050	0.7079	0.0000	0.0000	0.0000	0.0000	0.0000	0.0000	0.0000	0.0000	0.0000	0.0000	0.0000	0.0000	0.0000
2.1563	2.1029	2.2203	2.1036	0.5791	0.0000	0.0000	0.0000	0.0000	0.0000	0.0000	0.0000	0.0000	0.0000	0.0000	0.0000	0.0000
2.1582	2.1909	2.5779	2.2238	2.5059	0.7016	0.0000	0.0000	0.0000	0.0000	0.0000	0.0000	0.0000	0.0000	0.0000	0.0000	0.0000
2.0700	2.3599	2.4242	2.0629	2.6021	1.9371	0.6880	0.0000	0.0000	0.0000	0.0000	0.0000	0.0000	0.0000	0.0000	0.0000	0.0000
2.1529	2.3117	2.1396	2.2301	2.2766	2.0191	2.2401	0.6666	0.0000	0.0000	0.0000	0.0000	0.0000	0.0000	0.0000	0.0000	0.0000
2.1550	2.1645	2.4683	2.0191	2.4451	2.0349	2.2249	2.3997	0.7651	0.0000	0.0000	0.0000	0.0000	0.0000	0.0000	0.0000	0.0000
2.1116	2.0792	2.1890	1.9877	2.3805	2.0129	2.2506	2.2792	2.0627	1.1277	0.0000	0.0000	0.0000	0.0000	0.0000	0.0000	0.0000
2.1580	2.1186	2.4827	2.0503	2.5131	2.0537	2.2669	2.1516	1.9229	2.1170	0.6875	0.0000	0.0000	0.0000	0.0000	0.0000	0.0000
2.2116	2.3031	2.3034	2.0043	2.2749	2.0350	2.1352	2.2130	2.0380	2.0333	2.0878	0.7279	0.0000	0.0000	0.0000	0.0000	0.0000
2.1686	2.1271	2.3531	2.1208	2.3703	2.0253	2.2286	2.0924	2.0391	2.1219	2.0953	2.1904	0.6915	0.0000	0.0000	0.0000	0.0000
2.2403	2.2239	2.3354	2.4365	2.4165	1.8550	2.0405	2.3666	1.8695	2.1096	2.1309	2.3797	2.1202	0.7857	0.0000	0.0000	0.0000
2.0922	2.1012	2.4290	1.9887	2.2569	1.9460	2.0690	2.2549	1.9701	2.0980	2.0060	2.0836	2.1612	2.0208	1.0540	0.0000	0.0000
2.2071	2.2925	2.4158	2.2024	2.4418	1.8833	2.0555	2.2333	1.9201	2.2371	1.9966	2.2450	2.3210	2.0551	2.0475	0.7171	0.0000
2.0955	2.1388	2.2156	2.1780	2.2060	2.0312	2.2052	2.2213	2.1232	2.1118	2.1177	2.1672	2.1490	1.9280	1.9469	2.1637	0.7995
