0.4310	0.1025	0.3775	0.1550	0.3791	0.1475	0.2150	0.1150	0.3300	0.2159	0.2300	0.0000	0.1720	0.2165	0.0000	0.0975	0.0625
0.4828	0.7050	0.3225	0.1800	0.1409	0.0400	0.0225	0.1375	0.4100	0.2000	0.3450	0.0000	0.1420	0.0722	0.0000	0.2125	0.0525
0.4655	0.6950	0.6950	0.1750	0.4611	0.0425	0.1475	0.0625	0.3925	0.2500	0.1650	0.0025	0.0380	0.0103	0.0000	0.2500	0.0700
0.4828	0.7100	0.6850	0.6825	0.1145	0.0825	0.0875	0.0025	0.4775	0.2318	0.1600	0.0650	0.1000	0.0722	0.0000	0.2025	0.0475
0.4828	0.5775	0.6175	0.5550	0.7002	0.1350	0.2450	0.0225	0.3625	0.2455	0.1725	0.0525	0.0640	0.1443	0.0200	0.2400	0.3900
0.4828	0.6500	0.6675	0.6675	0.6871	0.7300	0.0350	0.0250	0.3050	0.1682	0.0800	0.1925	0.0300	0.2062	0.0100	0.3325	0.0850
0.4483	0.5900	0.6850	0.6475	0.6843	0.6925	0.7250	0.0275	0.2100	0.2659	0.1175	0.1400	0.0220	0.1443	0.0100	0.3325	0.1725
0.4138	0.5875	0.6700	0.5900	0.6215	0.6800	0.7100	0.7075	0.1925	0.2682	0.1175	0.1550	0.1140	0.0412	0.0100	0.2925	0.1250
0.5000	0.6125	0.7275	0.5950	0.5828	0.7025	0.7250	0.6675	0.6600	0.2136	0.0475	0.0325	0.0060	0.1237	0.0900	0.2950	0.0425
0.4655	0.6500	0.7000	0.5875	0.6683	0.7025	0.7125	0.6800	0.6750	0.5886	0.0925	0.0075	0.1720	0.1031	0.0100	0.1725	0.2025
0.4828	0.6575	0.6250	0.5300	0.6149	0.6475	0.7075	0.6800	0.6400	0.5386	0.6625	0.0175	0.1320	0.3299	0.0000	0.2850	0.0150
0.4483	0.6750	0.5975	0.6150	0.6076	0.6400	0.7075	0.6650	0.6325	0.5045	0.6350	0.6825	0.0920	0.4021	0.0000	0.2125	0.0100
0.4828	0.7375	0.8150	0.7125	0.6188	0.7150	0.7125	0.6225	0.7000	0.5227	0.6975	0.6925	0.7020	0.2165	0.0800	0.1425	0.0550
0.3621	0.6850	0.8200	0.7000	0.5389	0.6125	0.6350	0.6575	0.7200	0.5068	0.6625	0.6675	0.6600	0.7010	0.0000	0.1950	0.0600
0.3448	0.7075	0.7925	0.6850	0.5320	0.7200	0.7150	0.5675	0.6050	0.5159	0.6650	0.6825	0.7000	0.7010	0.4200	0.1150	0.0725
0.4655	0.7175	0.7800	0.6900	0.5358	0.6800	0.6900	0.6550	0.6650	0.4977	0.6775	0.6700	0.7480	0.7010	0.4300	0.7600	0.0050
0.4310	0.6975	0.7725	0.7050	0.5211	0.6600	0.6900	0.6900	0.6700	0.5000	0.6800	0.6575	0.7140	0.7010	0.4300	0.7275	0.7450
