0.6925	0.0316	0.0336	0.0126	0.0018	0.0000	0.2747	0.0051	0.0845	0.0000	0.0033	0.0801	0.1430	0.0722	0.0047	0.0662	0.0000
0.0353	0.6045	0.0438	0.0920	0.0754	0.0659	0.0733	0.0617	0.0182	0.1096	0.0874	0.0761	0.0031	0.0022	0.0428	0.0947	0.0947
0.0698	0.2473	0.7479	0.0090	0.0577	0.0628	0.0095	0.1130	0.0316	0.0882	0.0159	0.0215	0.0000	0.1204	0.1243	0.0050	0.0869
0.0187	0.1040	0.0888	0.8025	0.1084	0.1774	0.0580	0.0022	0.0267	0.1090	0.1523	0.0215	0.0305	0.0342	0.0468	0.2201	0.1230
0.1097	0.0814	0.0998	0.4614	0.7579	0.0197	0.0652	0.0096	0.0078	0.0000	0.0473	0.0569	0.0434	0.0546	0.0080	0.0976	0.0845
0.0257	0.1367	0.1181	0.1290	0.1222	0.1762	0.0509	0.0971	0.0052	0.0655	0.1844	0.0000	0.0029	0.0036	0.0000	0.0145	0.1509
0.2637	0.0000	0.0585	0.0271	0.0889	0.0000	0.2747	0.0768	0.0000	0.0000	0.0000	0.1147	0.0045	0.1827	0.0097	0.1588	0.0000
0.0918	0.0703	0.0449	0.0042	0.0000	0.0000	0.2331	0.7604	0.0729	0.0582	0.0362	0.0204	0.0003	0.0093	0.1051	0.0105	0.0221
0.0430	0.0623	0.3605	0.0829	0.0000	0.0000	0.1022	0.4094	0.7237	0.0256	0.0000	0.1358	0.0166	0.0091	0.0494	0.0333	0.0424
0.0000	0.0508	0.2644	0.1290	0.0000	0.1243	0.0058	0.1827	0.1969	0.3195	0.1836	0.0000	0.0001	0.1290	0.1136	0.0000	0.1619
0.0000	0.0580	0.1404	0.1290	0.0852	0.1026	0.0058	0.0561	0.0900	0.3465	0.7312	0.0000	0.0000	0.0182	0.0000	0.0889	0.0646
0.0535	0.1396	0.0237	0.1827	0.0282	0.0278	0.2747	0.0471	0.1095	0.0000	0.1625	0.7446	0.2191	0.0185	0.0255	0.1061	0.0947
0.0000	0.0000	0.0000	0.0000	0.0000	0.0000	0.0000	0.0000	0.0000	0.0000	0.0000	0.0000	0.0000	0.0000	0.0000	0.0000	0.0000
0.0000	0.0000	0.0000	0.0000	0.0000	0.0000	0.0000	0.0000	0.0000	0.0000	0.0000	0.0000	0.0000	0.0000	0.0000	0.0000	0.0000
0.0000	0.0000	0.0000	0.0000	0.0000	0.0000	0.0000	0.0000	0.0000	0.0000	0.0000	0.0000	0.0000	0.0000	0.0000	0.0000	0.0000
0.0000	0.0000	0.0000	0.0000	0.0000	0.0000	0.0000	0.0000	0.0000	0.0000	0.0000	0.0000	0.0000	0.0000	0.0000	0.0000	0.0000
0.0000	0.0000	0.0000	0.0000	0.0000	0.0000	0.0000	0.0000	0.0000	0.0000	0.0000	0.0000	0.0000	0.0000	0.0000	0.0000	0.0000
