0.1911	0.0062	0.1245	0.1290	0.0000	0.0000	0.0085	0.0032	0.0124	0.0521	0.1694	0.0000	0.0000	0.2716	0.0000	0.0806	0.0100
0.0408	0.6946	0.0275	0.0000	0.0000	0.5012	0.0464	0.0000	0.0069	0.0800	0.1000	0.0000	0.0093	0.0449	0.0000	0.1004	0.0000
0.0820	0.1952	0.6639	0.0583	0.0660	0.1259	0.0067	0.0026	0.0225	0.0175	0.0758	0.0035	0.0432	0.1692	0.0703	0.0439	0.0942
0.1298	0.1115	0.1804	0.6351	0.0000	0.0175	0.0190	0.0086	0.0412	0.0794	0.1296	0.0265	0.1020	0.1563	0.0160	0.2288	0.0767
0.0128	0.0062	0.0822	0.2115	0.7168	0.0083	0.0929	0.0717	0.0041	0.0747	0.0051	0.0746	0.1155	0.1040	0.0000	0.0991	0.1044
0.0402	0.3646	0.0517	0.0000	0.1570	0.6609	0.1290	0.0928	0.0068	0.1131	0.0000	0.0000	0.0051	0.0451	0.0100	0.1497	0.0201
0.0605	0.0979	0.1160	0.0308	0.0674	0.3431	0.6578	0.0179	0.0355	0.1114	0.0959	0.1209	0.0964	0.0350	0.0653	0.1474	0.0000
0.0000	0.1143	0.1447	0.0000	0.0000	0.0850	0.4197	0.6027	0.0873	0.1189	0.0000	0.0796	0.1932	0.0203	0.0755	0.0000	0.0031
0.0204	0.2442	0.1302	0.0420	0.0000	0.0723	0.1483	0.4018	0.6543	0.0587	0.0000	0.0844	0.0629	0.0092	0.1053	0.0569	0.0429
0.0125	0.1724	0.0644	0.1096	0.1372	0.3259	0.1000	0.1321	0.1581	0.5555	0.0060	0.1049	0.2191	0.0095	0.2298	0.0654	0.0000
0.1067	0.0988	0.2074	0.2121	0.2231	0.0516	0.0333	0.0260	0.0490	0.1133	0.6503	0.0000	0.0000	0.1312	0.0000	0.0979	0.0000
0.0000	0.0100	0.0494	0.1827	0.4025	0.0108	0.1290	0.0892	0.1686	0.2116	0.1076	0.6390	0.2356	0.0400	0.0000	0.0640	0.0498
0.0000	0.0034	0.0013	0.1827	0.3437	0.0000	0.0700	0.1250	0.0882	0.1649	0.1389	0.1827	0.7090	0.0741	0.0866	0.0930	0.0214
0.1122	0.1868	0.1023	0.1178	0.2221	0.1339	0.0292	0.0030	0.0964	0.0336	0.1329	0.0000	0.0304	0.2747	0.1738	0.2349	0.0809
0.0000	0.1973	0.3385	0.0541	0.2230	0.3203	0.0599	0.0992	0.0903	0.1359	0.0000	0.1273	0.2539	0.3986	0.2697	0.1848	0.1498
0.0571	0.3272	0.1262	0.2559	0.2222	0.2741	0.1250	0.0000	0.0279	0.1183	0.1297	0.0313	0.1978	0.3075	0.1970	0.7103	0.0000
0.0534	0.0202	0.3988	0.0408	0.0803	0.0690	0.0000	0.0105	0.1551	0.0167	0.0727	0.1084	0.0734	0.0055	0.1973	0.3159	0.7134
