1.4792	2.4624	2.4556	2.4262	2.5212	2.4332	2.4649	2.4979	2.4655	2.4572	2.3920	2.4321	2.4035	2.3878	2.4686	2.4698	2.4271
1.4941	0.7247	2.4919	2.3959	2.5546	2.4101	2.4899	2.5192	2.4643	2.4610	2.3652	2.4433	2.3962	2.3224	2.4787	2.4458	2.4306
1.5005	0.7323	0.7540	2.3793	2.5578	2.3846	2.5159	2.5305	2.4934	2.4456	2.3723	2.4394	2.3659	2.2579	2.4877	2.4414	2.4238
1.5030	0.7306	0.7565	0.8430	2.5756	2.4081	2.5527	2.5417	2.4931	2.4389	2.3469	2.4761	2.3662	2.2818	2.5066	2.4210	2.4069
1.4750	0.7299	0.7608	0.8560	0.6221	2.4133	2.5501	2.5079	2.4946	2.4399	2.3472	2.4761	2.3702	2.3010	2.5175	2.4140	2.4023
1.4755	0.7291	0.7624	0.8552	0.6222	0.8139	2.5504	2.5190	2.4796	2.4683	2.3190	2.4765	2.3926	2.2976	2.4877	2.4427	2.4390
1.4751	0.7289	0.7644	0.8572	0.6224	0.8129	0.8041	2.4862	2.4406	2.4611	2.3114	2.4510	2.3805	2.3146	2.4852	2.4332	2.4210
1.4741	0.7290	0.7693	0.8604	0.6223	0.8137	0.8068	0.7653	2.4544	2.4551	2.3052	2.4362	2.3645	2.3046	2.4911	2.4181	2.4179
1.4742	0.7289	0.7712	0.8618	0.6223	0.8140	0.8077	0.7667	0.8803	2.4740	2.3366	2.4320	2.3899	2.3152	2.4859	2.4116	2.4033
1.4726	0.7297	0.7717	0.8598	0.6211	0.8152	0.8081	0.7670	0.8791	1.5074	2.3351	2.4416	2.3888	2.3231	2.4831	2.4089	2.4042
1.4726	0.7297	0.7725	0.8599	0.6211	0.8153	0.8092	0.7679	0.8793	1.5072	0.9063	2.4582	2.3835	2.2953	2.5062	2.4408	2.4244
1.4719	0.7296	0.7729	0.8612	0.6211	0.8156	0.8098	0.7697	0.8796	1.5087	0.9065	0.8668	2.3736	2.2942	2.5125	2.4576	2.4342
1.4735	0.7298	0.7771	0.8807	0.6203	0.8231	0.8086	0.7744	0.8906	1.5107	0.9064	0.8688	0.8774	2.3002	2.5082	2.4542	2.4417
1.4735	0.7298	0.7765	0.8800	0.6202	0.8231	0.8084	0.7741	0.8906	1.5104	0.9064	0.8687	0.8773	0.7927	2.5249	2.4566	2.4637
1.4735	0.7298	0.7771	0.8811	0.6201	0.8231	0.8087	0.7752	0.8910	1.5101	0.9064	0.8684	0.8762	0.7928	1.0787	2.4515	2.4713
1.4735	0.7298	0.7771	0.8811	0.6201	0.8231	0.8087	0.7752	0.8910	1.5101	0.9064	0.8684	0.8762	0.7928	1.0787	0.8425	2.4967
1.4735	0.7298	0.7771	0.8811	0.6201	0.8231	0.8087	0.7752	0.8910	1.5101	0.9064	0.8684	0.8762	0.7928	1.0787	0.8425	0.8428
