0.3276	0.0000	0.1275	0.3825	0.0000	0.0000	0.3825	0.0000	0.0000	0.1500	0.3825	0.0000	0.4160	0.7010	0.2600	0.0000	0.1400
0.3966	0.6700	0.1075	0.3825	0.0000	0.2725	0.3825	0.0000	0.0000	0.1409	0.3825	0.0000	0.4160	0.7010	0.0000	0.0000	0.0225
0.3793	0.6750	0.6800	0.3825	0.0000	0.3675	0.3825	0.0000	0.0000	0.0818	0.3825	0.0000	0.4160	0.7010	0.0000	0.0150	0.0425
0.3793	0.6775	0.6775	0.6200	0.0000	0.2525	0.3825	0.0000	0.0000	0.0659	0.3825	0.0000	0.4160	0.7010	0.0000	0.0125	0.3550
0.3448	0.6850	0.6800	0.6050	0.6527	0.3775	0.3825	0.0000	0.0000	0.1318	0.3825	0.0000	0.4160	0.7010	0.0000	0.1250	0.3600
0.3621	0.6850	0.6800	0.6075	0.6529	0.6400	0.3825	0.0000	0.0000	0.1273	0.3825	0.0000	0.4160	0.7010	0.0000	0.1075	0.3450
0.3448	0.6850	0.6950	0.5950	0.6535	0.6325	0.6325	0.0000	0.0000	0.0977	0.3825	0.0000	0.4160	0.7010	0.0000	0.0175	0.3775
0.3621	0.6850	0.6875	0.6075	0.6522	0.6300	0.6450	0.6650	0.0000	0.0841	0.3825	0.0000	0.4160	0.7010	0.0000	0.1600	0.3775
0.3621	0.6850	0.6875	0.5975	0.6522	0.6275	0.6525	0.6575	0.5825	0.1091	0.3825	0.0000	0.4160	0.7010	0.0000	0.2225	0.3775
0.3276	0.6850	0.6925	0.6075	0.6533	0.6275	0.6300	0.6600	0.6025	0.3159	0.3825	0.0000	0.4160	0.7010	0.0000	0.1975	0.3775
0.3276	0.6850	0.6875	0.6100	0.6531	0.6275	0.6350	0.6600	0.6025	0.3159	0.5575	0.0000	0.4160	0.7010	0.0000	0.1900	0.3775
0.3276	0.6850	0.6900	0.6075	0.6529	0.6275	0.6300	0.6575	0.6000	0.3182	0.5575	0.5850	0.4160	0.7010	0.0000	0.2300	0.3775
0.3276	0.6875	0.6700	0.5950	0.6534	0.6275	0.6325	0.6425	0.5875	0.3068	0.5500	0.5875	0.6100	0.7010	0.0000	0.1875	0.3750
0.3276	0.6875	0.6700	0.5950	0.6534	0.6275	0.6325	0.6425	0.5875	0.3045	0.5500	0.5850	0.6100	0.7010	0.0000	0.2400	0.3775
0.3276	0.6875	0.6700	0.5950	0.6534	0.6275	0.6350	0.6425	0.5825	0.3045	0.5500	0.5875	0.6140	0.7010	0.4600	0.2125	0.3825
0.3276	0.6875	0.6700	0.5950	0.6534	0.6275	0.6350	0.6425	0.5825	0.3045	0.5500	0.5875	0.6140	0.7010	0.4600	0.6000	0.3825
0.3276	0.6875	0.6700	0.5950	0.6534	0.6275	0.6350	0.6425	0.5825	0.3045	0.5500	0.5875	0.6140	0.7010	0.4600	0.6000	0.6150
