0.2079	0.0000	0.0792	0.1844	0.0000	0.0000	0.1844	0.0000	0.0000	0.0886	0.1844	0.0000	0.1959	0.2747	0.1262	0.0000	0.0966
0.2427	0.6679	0.0593	0.1844	0.0000	0.1529	0.1844	0.0000	0.0000	0.0800	0.1844	0.0000	0.1959	0.2747	0.0000	0.0000	0.0265
0.2179	0.6730	0.6740	0.1844	0.0000	0.1434	0.1844	0.0000	0.0000	0.0448	0.1844	0.0000	0.1959	0.2747	0.0000	0.0175	0.0429
0.2179	0.6752	0.6706	0.6031	0.0000	0.1355	0.1844	0.0000	0.0000	0.0441	0.1844	0.0000	0.1959	0.2747	0.0000	0.0145	0.1381
0.1950	0.6810	0.6730	0.5873	0.6524	0.1610	0.1844	0.0000	0.0000	0.0448	0.1844	0.0000	0.1959	0.2747	0.0000	0.0660	0.1361
0.2053	0.6812	0.6709	0.5909	0.6526	0.6354	0.1844	0.0000	0.0000	0.0489	0.1844	0.0000	0.1959	0.2747	0.0000	0.0691	0.1356
0.1950	0.6812	0.6835	0.5765	0.6530	0.6267	0.6243	0.0000	0.0000	0.0461	0.1844	0.0000	0.1959	0.2747	0.0000	0.0200	0.1378
0.2028	0.6812	0.6755	0.5892	0.6516	0.6221	0.6358	0.6537	0.0000	0.0433	0.1844	0.0000	0.1959	0.2747	0.0000	0.0755	0.1104
0.2028	0.6812	0.6730	0.5772	0.6517	0.6197	0.6434	0.6449	0.5690	0.0441	0.1844	0.0000	0.1959	0.2747	0.0000	0.0916	0.1102
0.1855	0.6812	0.6813	0.5918	0.6530	0.6201	0.6196	0.6480	0.5933	0.2481	0.1844	0.0000	0.1959	0.2747	0.0000	0.0892	0.1373
0.1855	0.6812	0.6758	0.5945	0.6528	0.6173	0.6235	0.6480	0.5931	0.2481	0.5467	0.0000	0.1959	0.2747	0.0000	0.0918	0.1104
0.1855	0.6812	0.6789	0.5919	0.6525	0.6168	0.6180	0.6450	0.5902	0.2634	0.5459	0.5780	0.1961	0.2747	0.0000	0.0945	0.1104
0.1855	0.6833	0.6578	0.5753	0.6533	0.6241	0.6229	0.6267	0.5700	0.2423	0.5408	0.5793	0.5632	0.2747	0.0000	0.1136	0.1121
0.1855	0.6833	0.6578	0.5753	0.6534	0.6241	0.6229	0.6267	0.5700	0.2408	0.5408	0.5774	0.5632	0.2747	0.0000	0.0990	0.1378
0.1855	0.6833	0.6581	0.5753	0.6534	0.6241	0.6256	0.6267	0.5632	0.2408	0.5408	0.5798	0.5674	0.2747	0.3398	0.1005	0.1844
0.1855	0.6833	0.6581	0.5753	0.6534	0.6241	0.6256	0.6267	0.5632	0.2408	0.5408	0.5798	0.5674	0.2747	0.3398	0.5941	0.1844
0.1855	0.6833	0.6581	0.5753	0.6534	0.6241	0.6256	0.6267	0.5632	0.2408	0.5408	0.5798	0.5674	0.2747	0.3398	0.5941	0.5928
