0.7728	0.0000	0.0054	0.0041	0.1002	0.0277	0.0815	0.0602	0.1846	0.0083	0.1659	0.1839	0.0868	0.1484	0.0845	0.0339	0.0024
0.1066	0.7329	0.0281	0.0071	0.1266	0.1042	0.0000	0.0736	0.0000	0.0000	0.0972	0.1014	0.1202	0.1827	0.1610	0.2074	0.1347
0.1269	0.6503	0.7462	0.0768	0.0917	0.1312	0.1279	0.0800	0.0295	0.0000	0.1352	0.0501	0.0959	0.0189	0.2019	0.0663	0.1827
0.1191	0.3971	0.4138	0.7757	0.0215	0.1025	0.0732	0.0674	0.0000	0.0000	0.0713	0.0258	0.0917	0.1131	0.0317	0.1085	0.1500
0.0980	0.5945	0.2335	0.3176	0.6879	0.0460	0.0667	0.0665	0.0000	0.0000	0.0198	0.0349	0.1202	0.1587	0.1044	0.1389	0.1259
0.3642	0.3805	0.1108	0.2027	0.3593	0.8182	0.0856	0.0874	0.0000	0.0000	0.0729	0.0877	0.2187	0.2392	0.0189	0.1201	0.1365
0.1593	0.1838	0.0149	0.0946	0.1421	0.4341	0.2100	0.0000	0.0000	0.1314	0.0000	0.1827	0.0000	0.1115	0.0000	0.0086	0.0880
0.1191	0.2211	0.0969	0.0970	0.1944	0.1968	0.1195	0.5566	0.0000	0.0061	0.0696	0.1289	0.0513	0.1948	0.1048	0.0121	0.0548
0.2187	0.3333	0.1290	0.3342	0.1844	0.1827	0.0200	0.0800	0.6231	0.0000	0.1315	0.0058	0.1199	0.1827	0.2764	0.1506	0.0455
0.1932	0.3333	0.1290	0.1844	0.1844	0.1827	0.0686	0.0800	0.1827	0.1844	0.1827	0.1844	0.1202	0.0000	0.0000	0.0000	0.0000
0.0998	0.3333	0.1290	0.1844	0.1844	0.1827	0.0197	0.0800	0.1844	0.1844	0.1844	0.0000	0.1202	0.0000	0.2747	0.0000	0.1827
0.1754	0.3333	0.1290	0.1290	0.1856	0.1614	0.0508	0.1349	0.2025	0.4274	0.2955	0.6615	0.1202	0.1769	0.1635	0.1288	0.0210
0.0998	0.3333	0.1290	0.1971	0.1836	0.1744	0.0197	0.0803	0.2346	0.1884	0.1293	0.3748	0.1692	0.1759	0.2747	0.1323	0.1064
0.1592	0.3333	0.1290	0.1369	0.1848	0.2277	0.1533	0.0800	0.1772	0.2847	0.2436	0.3285	0.3372	0.6668	0.2055	0.0000	0.0152
0.0998	0.3333	0.1290	0.1737	0.1844	0.1827	0.0197	0.0800	0.1290	0.1902	0.1844	0.2554	0.1692	0.3500	0.2747	0.0000	0.1827
0.1397	0.3333	0.1485	0.1228	0.1844	0.1827	0.0159	0.0800	0.1794	0.4031	0.1681	0.3572	0.2664	0.3788	0.2747	0.6674	0.0405
0.2018	0.3333	0.2155	0.1688	0.1844	0.1939	0.0000	0.1548	0.2389	0.4019	0.1609	0.2264	0.1692	0.1931	0.2747	0.2334	0.5747
