0.2079	0.0000	0.0792	0.1844	0.0000	0.0000	0.1844	0.0000	0.0000	0.0886	0.1844	0.0000	0.1959	0.2747	0.1262	0.0000	0.0966
0.0348	0.6679	-0.0199	0.0000	0.0000	0.1529	0.0000	0.0000	0.0000	-0.0086	0.0000	0.0000	0.0000	0.0000	-0.1262	0.0000	-0.0701
-0.0248	0.0051	0.6147	0.0000	0.0000	-0.0095	0.0000	0.0000	0.0000	-0.0352	0.0000	0.0000	0.0000	0.0000	0.0000	0.0175	0.0164
0.0000	0.0022	-0.0034	0.4187	0.0000	-0.0079	0.0000	0.0000	0.0000	-0.0007	0.0000	0.0000	0.0000	0.0000	0.0000	-0.0030	0.0952
-0.0229	0.0058	0.0024	-0.0158	0.6524	0.0255	0.0000	0.0000	0.0000	0.0007	0.0000	0.0000	0.0000	0.0000	0.0000	0.0515	-0.0020
0.0103	0.0002	-0.0021	0.0036	0.0002	0.4744	0.0000	0.0000	0.0000	0.0041	0.0000	0.0000	0.0000	0.0000	0.0000	0.0031	-0.0005
-0.0103	0.0000	0.0126	-0.0144	0.0004	-0.0087	0.4399	0.0000	0.0000	-0.0028	0.0000	0.0000	0.0000	0.0000	0.0000	-0.0491	0.0022
0.0078	0.0000	-0.0080	0.0127	-0.0014	-0.0046	0.0115	0.6537	0.0000	-0.0028	0.0000	0.0000	0.0000	0.0000	0.0000	0.0555	-0.0274
0.0000	0.0000	-0.0025	-0.0120	0.0001	-0.0024	0.0076	-0.0088	0.5690	0.0008	0.0000	0.0000	0.0000	0.0000	0.0000	0.0161	-0.0002
-0.0173	0.0000	0.0083	0.0146	0.0013	0.0004	-0.0238	0.0031	0.0243	0.2040	0.0000	0.0000	0.0000	0.0000	0.0000	-0.0024	0.0271
0.0000	0.0000	-0.0055	0.0027	-0.0002	-0.0028	0.0039	0.0000	-0.0002	0.0000	0.3623	0.0000	0.0000	0.0000	0.0000	0.0026	-0.0269
0.0000	0.0000	0.0031	-0.0026	-0.0003	-0.0005	-0.0055	-0.0030	-0.0029	0.0153	-0.0008	0.5780	0.0002	0.0000	0.0000	0.0027	0.0000
0.0000	0.0021	-0.0211	-0.0166	0.0008	0.0073	0.0049	-0.0183	-0.0202	-0.0211	-0.0051	0.0013	0.3671	0.0000	0.0000	0.0191	0.0017
0.0000	0.0000	0.0000	0.0000	0.0001	0.0000	0.0000	0.0000	0.0000	-0.0015	0.0000	-0.0019	0.0000	0.0000	0.0000	-0.0146	0.0257
0.0000	0.0000	0.0003	0.0000	0.0000	0.0000	0.0027	0.0000	-0.0068	0.0000	0.0000	0.0024	0.0042	0.0000	0.3398	0.0015	0.0466
0.0000	0.0000	0.0000	0.0000	0.0000	0.0000	0.0000	0.0000	0.0000	0.0000	0.0000	0.0000	0.0000	0.0000	0.0000	0.4936	0.0000
0.0000	0.0000	0.0000	0.0000	0.0000	0.0000	0.0000	0.0000	0.0000	0.0000	0.0000	0.0000	0.0000	0.0000	0.0000	0.0000	0.4084
