1.5220	0.0000	0.0000	0.0000	0.0000	0.0000	0.0000	0.0000	0.0000	0.0000	0.0000	0.0000	0.0000	0.0000	0.0000	0.0000	0.0000
1.5281	0.7419	0.0000	0.0000	0.0000	0.0000	0.0000	0.0000	0.0000	0.0000	0.0000	0.0000	0.0000	0.0000	0.0000	0.0000	0.0000
1.5802	0.9059	0.8724	0.0000	0.0000	0.0000	0.0000	0.0000	0.0000	0.0000	0.0000	0.0000	0.0000	0.0000	0.0000	0.0000	0.0000
1.6277	1.7554	1.6324	0.7808	0.0000	0.0000	0.0000	0.0000	0.0000	0.0000	0.0000	0.0000	0.0000	0.0000	0.0000	0.0000	0.0000
2.3914	2.9578	3.0633	2.5360	0.5649	0.0000	0.0000	0.0000	0.0000	0.0000	0.0000	0.0000	0.0000	0.0000	0.0000	0.0000	0.0000
4.1727	4.5610	3.6370	2.7536	1.2181	0.7107	0.0000	0.0000	0.0000	0.0000	0.0000	0.0000	0.0000	0.0000	0.0000	0.0000	0.0000
2.9613	3.5880	3.0769	2.3753	1.1018	0.8847	0.7873	0.0000	0.0000	0.0000	0.0000	0.0000	0.0000	0.0000	0.0000	0.0000	0.0000
5.0049	4.6307	3.4958	4.9882	1.0371	1.2138	1.6358	0.8530	0.0000	0.0000	0.0000	0.0000	0.0000	0.0000	0.0000	0.0000	0.0000
3.9980	3.8800	2.7983	5.0052	0.9680	1.2113	1.4802	1.0596	0.8980	0.0000	0.0000	0.0000	0.0000	0.0000	0.0000	0.0000	0.0000
3.1620	2.4613	2.9528	4.9422	1.4401	1.8738	1.4766	1.1488	1.1098	1.1585	0.0000	0.0000	0.0000	0.0000	0.0000	0.0000	0.0000
3.7787	3.0760	3.1389	6.4264	1.3743	1.5925	1.6077	1.0037	0.9683	1.5816	0.8467	0.0000	0.0000	0.0000	0.0000	0.0000	0.0000
4.2573	3.5816	3.4898	5.4422	1.2846	1.6602	1.6831	0.9881	1.3788	1.7619	1.3153	0.7947	0.0000	0.0000	0.0000	0.0000	0.0000
3.8871	4.6185	3.2769	3.4080	1.5128	1.0854	0.8723	1.7664	1.6586	2.1077	1.8669	1.3107	0.7238	0.0000	0.0000	0.0000	0.0000
2.6393	2.8126	2.4242	2.0334	4.2003	1.5167	1.2716	2.1008	2.1565	2.0474	2.1171	1.3751	1.2559	0.7903	0.0000	0.0000	0.0000
2.1138	1.9186	2.0215	2.8689	5.1067	1.9887	1.1847	1.8051	1.6324	1.8742	1.4847	1.3930	1.5829	0.8123	1.1135	0.0000	0.0000
1.9850	2.0325	1.8843	1.7736	5.1458	2.9576	1.7327	2.9670	2.4068	1.8857	2.3435	1.8247	2.0681	0.9937	1.1140	0.8291	0.0000
1.5880	1.2721	1.5352	1.3965	8.5819	4.5762	3.1004	4.1310	3.6928	2.1650	3.1345	3.1410	3.5578	1.6902	1.2707	1.0695	0.7866
