0.1026	0.0000	0.0000	0.0000	0.0000	0.0000	0.0000	0.0000	0.0000	0.0000	0.0000	0.0000	0.0000	0.0000	0.0000	0.0000	0.0000
0.1484	0.6738	0.0000	0.0000	0.0000	0.0000	0.0000	0.0000	0.0000	0.0000	0.0000	0.0000	0.0000	0.0000	0.0000	0.0000	0.0000
0.0732	0.6150	0.6380	0.0000	0.0000	0.0000	0.0000	0.0000	0.0000	0.0000	0.0000	0.0000	0.0000	0.0000	0.0000	0.0000	0.0000
0.0696	0.1151	0.1290	0.6639	0.0000	0.0000	0.0000	0.0000	0.0000	0.0000	0.0000	0.0000	0.0000	0.0000	0.0000	0.0000	0.0000
0.0000	0.0000	0.0000	0.0440	0.7063	0.0000	0.0000	0.0000	0.0000	0.0000	0.0000	0.0000	0.0000	0.0000	0.0000	0.0000	0.0000
0.0000	0.0330	0.0196	0.0490	0.3333	0.7029	0.0000	0.0000	0.0000	0.0000	0.0000	0.0000	0.0000	0.0000	0.0000	0.0000	0.0000
0.0278	0.0783	0.0000	0.0859	0.2268	0.6819	0.6637	0.0000	0.0000	0.0000	0.0000	0.0000	0.0000	0.0000	0.0000	0.0000	0.0000
0.0000	0.1078	0.0000	0.0000	0.3902	0.3452	0.1827	0.6150	0.0000	0.0000	0.0000	0.0000	0.0000	0.0000	0.0000	0.0000	0.0000
0.0000	0.0000	0.0000	0.0063	0.4145	0.2514	0.1889	0.3643	0.5990	0.0000	0.0000	0.0000	0.0000	0.0000	0.0000	0.0000	0.0000
0.0000	0.0621	0.0165	0.0000	0.2270	0.1106	0.1105	0.3146	0.2864	0.5715	0.0000	0.0000	0.0000	0.0000	0.0000	0.0000	0.0000
0.0000	0.1009	0.0042	0.0000	0.2315	0.1827	0.1827	0.2871	0.6000	0.2401	0.6135	0.0000	0.0000	0.0000	0.0000	0.0000	0.0000
0.0000	0.0732	0.0174	0.0000	0.2952	0.1827	0.1830	0.5026	0.3410	0.0840	0.3696	0.6423	0.0000	0.0000	0.0000	0.0000	0.0000
0.0000	0.0018	0.0055	0.0156	0.2214	0.3219	0.6262	0.1103	0.1475	0.0770	0.1454	0.3021	0.6472	0.0000	0.0000	0.0000	0.0000
0.0000	0.0133	0.0000	0.1481	0.0000	0.1965	0.1293	0.1290	0.1290	0.0747	0.1290	0.1612	0.2435	0.2747	0.0000	0.0000	0.0000
0.0553	0.1115	0.0806	0.0677	0.0000	0.1783	0.4097	0.0507	0.1290	0.0856	0.1290	0.2520	0.3229	0.2747	0.2776	0.0000	0.0000
0.0513	0.1087	0.0415	0.1678	0.0000	0.0369	0.0594	0.0485	0.0803	0.0983	0.1573	0.1082	0.1164	0.2747	0.2389	0.6654	0.0000
0.0732	0.1927	0.1569	0.3826	0.0000	0.0021	0.0254	0.0000	0.0000	0.1188	0.0463	0.0000	0.0586	0.1640	0.2037	0.4493	0.6939
