0.3448	0.0000	0.0000	0.0000	0.0000	0.0000	0.0000	0.0000	0.0000	0.0000	0.0000	0.0000	0.0000	0.0000	0.0000	0.0000	0.0000
0.2931	0.6775	0.0000	0.0000	0.0000	0.0000	0.0000	0.0000	0.0000	0.0000	0.0000	0.0000	0.0000	0.0000	0.0000	0.0000	0.0000
0.2241	0.6100	0.6375	0.0000	0.0000	0.0000	0.0000	0.0000	0.0000	0.0000	0.0000	0.0000	0.0000	0.0000	0.0000	0.0000	0.0000
0.2069	0.2100	0.2400	0.6750	0.0000	0.0000	0.0000	0.0000	0.0000	0.0000	0.0000	0.0000	0.0000	0.0000	0.0000	0.0000	0.0000
0.0000	0.0000	0.0000	0.0875	0.7070	0.0000	0.0000	0.0000	0.0000	0.0000	0.0000	0.0000	0.0000	0.0000	0.0000	0.0000	0.0000
0.0000	0.0225	0.0125	0.0875	0.5000	0.7150	0.0000	0.0000	0.0000	0.0000	0.0000	0.0000	0.0000	0.0000	0.0000	0.0000	0.0000
0.0172	0.0875	0.0000	0.1275	0.5031	0.6825	0.6750	0.0000	0.0000	0.0000	0.0000	0.0000	0.0000	0.0000	0.0000	0.0000	0.0000
0.0000	0.1875	0.0000	0.0000	0.4178	0.4850	0.3775	0.6325	0.0000	0.0000	0.0000	0.0000	0.0000	0.0000	0.0000	0.0000	0.0000
0.0000	0.0000	0.0000	0.0050	0.4206	0.4075	0.3800	0.4475	0.5925	0.0000	0.0000	0.0000	0.0000	0.0000	0.0000	0.0000	0.0000
0.0000	0.1875	0.0325	0.0000	0.4515	0.3575	0.3750	0.4050	0.4175	0.5568	0.0000	0.0000	0.0000	0.0000	0.0000	0.0000	0.0000
0.0000	0.2300	0.0050	0.0000	0.4714	0.3775	0.3775	0.4200	0.6125	0.3182	0.6225	0.0000	0.0000	0.0000	0.0000	0.0000	0.0000
0.0000	0.1175	0.0175	0.0000	0.4473	0.3775	0.3775	0.5175	0.4250	0.2318	0.4375	0.6550	0.0000	0.0000	0.0000	0.0000	0.0000
0.0000	0.0025	0.0075	0.0200	0.4890	0.5575	0.6300	0.2175	0.2375	0.2250	0.2400	0.3075	0.7160	0.0000	0.0000	0.0000	0.0000
0.0000	0.0150	0.0000	0.2725	0.0000	0.3850	0.2400	0.2400	0.2400	0.2295	0.2400	0.2200	0.2820	0.7010	0.0000	0.0000	0.0000
0.0862	0.3700	0.0950	0.1075	0.0000	0.3575	0.5000	0.1025	0.2400	0.2318	0.2400	0.3300	0.3940	0.7010	0.3900	0.0000	0.0000
0.1034	0.2800	0.1025	0.2175	0.0000	0.0500	0.1275	0.0700	0.1175	0.1864	0.1850	0.1950	0.1840	0.7010	0.4100	0.6725	0.0000
0.2241	0.3850	0.3250	0.4475	0.0000	0.0025	0.0550	0.0000	0.0000	0.2386	0.0725	0.0000	0.1240	0.4227	0.4400	0.5050	0.7125
