0.9067	2.4648	2.5969	2.3044	2.6107	2.3892	2.7973	2.4861	2.2646	2.5856	2.5913	2.5690	2.5145	2.4128	2.4646	2.2210	2.5788
1.4149	1.5885	2.4890	2.3840	2.5761	2.4606	2.7866	2.6131	2.2611	2.6482	2.7124	2.4301	2.5117	2.4567	2.5392	2.2332	2.7502
1.4654	1.6484	1.2220	2.3141	2.5904	2.4313	2.5545	2.5857	2.4055	2.6640	2.6621	2.4162	2.3384	2.2091	2.4301	2.2119	2.6988
1.1220	1.5999	1.1422	1.0229	2.6700	2.4831	2.9339	2.4585	2.4753	2.8731	2.8151	2.4473	2.4711	2.2027	2.5952	2.2344	2.8808
1.1188	1.5945	1.1917	0.9948	0.9498	2.4782	2.8134	2.4989	2.4258	2.7722	2.7271	2.4726	2.5204	2.2124	2.5386	2.2164	2.8688
1.1901	1.6065	1.1594	1.0189	0.9559	1.5589	2.7050	2.4674	2.4093	2.7357	2.6685	2.4810	2.4399	2.2422	2.4874	2.2259	2.7436
1.0677	1.5891	1.2279	1.0086	0.9521	1.5534	0.8471	2.5092	2.3679	2.9846	2.5935	2.5087	2.4096	2.1978	2.4755	2.1523	2.7645
1.0241	1.5885	1.1775	1.0305	0.9699	1.5482	0.8794	0.9649	2.4601	2.9514	2.6498	2.5863	2.3549	2.1124	2.2939	2.1018	2.7641
1.0623	1.5904	1.1642	1.0293	0.9923	1.5482	0.9211	0.9893	0.9969	2.9125	2.3233	2.6105	2.2470	2.3482	2.3679	2.0783	2.6232
1.1899	1.6171	1.1551	1.0924	1.0699	1.5881	1.0442	1.0630	1.0345	1.1170	2.2655	2.0872	2.7503	1.8672	2.1028	2.6060	2.2874
1.1092	1.6115	1.2129	1.0740	1.0494	1.5822	0.9549	1.0306	1.0308	1.1069	1.0270	2.0911	2.7235	1.8478	2.1095	2.5911	2.3259
1.1758	1.6181	1.1841	1.0775	1.0386	1.5879	0.9298	1.0452	1.0481	1.1056	1.0410	1.0310	2.7022	1.8592	2.0903	2.5875	2.3465
1.3615	1.6877	1.0886	1.2855	1.3062	1.6505	1.1415	1.2932	1.2450	1.1536	1.2216	1.2487	1.4435	1.9528	2.0785	2.7065	2.2150
1.1816	1.6259	1.2906	1.0330	1.0272	1.5613	0.9099	1.0252	1.0105	1.1153	1.0121	1.0174	1.4463	1.0149	2.0871	2.5611	2.3776
1.1483	1.6072	1.2878	1.0018	1.0137	1.5527	0.8560	0.9991	1.0028	1.1305	1.0108	1.0178	1.4479	1.0028	1.0183	2.5647	2.4640
nan	nan	nan	nan	nan	nan	nan	nan	nan	nan	nan	nan	nan	nan	nan	nan	nan
0.0000	0.0000	0.0000	0.0000	0.0000	0.0000	0.0000	0.0000	0.0000	0.0000	0.0000	0.0000	0.0000	0.0000	0.0000	0.0000	0.0000
