0.8056	0.0186	0.0863	0.0161	0.0022	0.0539	0.0449	0.1186	0.0022	0.0674	0.0950	0.1184	0.0106	0.1479	0.0476	0.0613	0.0032
0.0162	0.7035	0.1325	0.0978	0.0272	0.0185	0.1123	0.0807	0.0000	0.0151	0.0708	0.0125	0.0691	0.0481	0.0110	0.0870	0.0400
0.0443	0.1337	0.7616	0.0090	0.0713	0.0128	0.0356	0.0978	0.0126	0.0105	0.0593	0.0932	0.0716	0.0964	0.1241	0.0807	0.0089
0.0200	0.0182	0.0813	0.7875	0.0656	0.0551	0.0484	0.1042	0.0181	0.0242	0.2001	0.0764	0.0000	0.0171	0.0157	0.0084	0.0351
0.1322	0.0606	0.0196	0.0550	0.7309	0.0392	0.0513	0.0477	0.0594	0.0128	0.0605	0.0808	0.0000	0.0138	0.0000	0.0000	0.0829
0.0558	0.0329	0.0331	0.0145	0.1117	0.9016	0.0076	0.0665	0.0075	0.0000	0.1661	0.1712	0.0590	0.1027	0.0942	0.0682	0.0000
0.0858	0.0304	0.0662	0.0403	0.1087	0.0352	0.2672	0.1091	0.0239	0.0000	0.0715	0.1637	0.0677	0.0753	0.1017	0.0000	0.0042
0.1624	0.0131	0.0347	0.0345	0.0435	0.0519	0.0578	0.7086	0.0214	0.0459	0.0902	0.0405	0.0168	0.0927	0.0169	0.0419	0.0195
0.0372	0.0000	0.0786	0.0575	0.0687	0.0085	0.0385	0.1001	0.6995	0.0971	0.1448	0.0403	0.0730	0.1179	0.0214	0.0787	0.0897
0.0960	0.0016	0.0000	0.0023	0.1485	0.0060	0.0651	0.0942	0.0394	0.7995	0.0647	0.0765	0.0370	0.0405	0.0000	0.0148	0.0108
0.0325	0.0079	0.0721	0.0807	0.0743	0.0180	0.0422	0.1132	0.0745	0.0345	0.6997	0.0943	0.1229	0.0380	0.0157	0.0484	0.0081
0.0607	0.0001	0.0995	0.1137	0.0700	0.0048	0.0197	0.0591	0.0828	0.0000	0.1064	0.7065	0.1430	0.0733	0.0121	0.0070	0.0903
0.0605	0.0074	0.0669	0.0035	0.0469	0.0321	0.0429	0.0405	0.0607	0.0098	0.1033	0.1076	0.2766	0.0432	0.0533	0.0160	0.0260
0.0698	0.0083	0.1080	0.0036	0.0505	0.0752	0.0150	0.0789	0.0000	0.0000	0.1072	0.0700	0.0882	0.7186	0.0111	0.0018	0.0755
0.1148	0.0275	0.0867	0.0440	0.0654	0.0149	0.0546	0.1141	0.0000	0.0537	0.1103	0.0279	0.0198	0.0965	0.4974	0.0113	0.0000
0.0684	0.0364	0.0580	0.0316	0.0144	0.0155	0.0095	0.0822	0.0072	0.0842	0.0260	0.0722	0.1589	0.1512	0.0335	0.8110	0.0170
0.0576	0.0023	0.0267	0.0947	0.0752	0.0085	0.0273	0.0429	0.0992	0.0000	0.0661	0.0815	0.0409	0.0644	0.1595	0.0048	0.7851
