0.8580	0.0362	0.1875	0.0250	0.0025	0.0600	0.0517	0.2159	0.0025	0.1475	0.3000	0.3550	0.0100	0.2825	0.1031	0.2300	0.0050
0.0240	0.7043	0.3750	0.2425	0.0450	0.0225	0.1379	0.1318	0.0000	0.0250	0.3375	0.0175	0.1900	0.0800	0.0309	0.1875	0.0825
0.0840	0.4466	0.7675	0.0125	0.1600	0.0150	0.0517	0.1659	0.0150	0.0125	0.1525	0.1275	0.0900	0.3375	0.2165	0.2550	0.0150
0.0500	0.0392	0.1450	0.7975	0.0800	0.1350	0.1552	0.1750	0.0200	0.0550	0.3800	0.1300	0.0000	0.0200	0.0412	0.0100	0.0875
0.3400	0.1516	0.0275	0.1125	0.7475	0.0325	0.0345	0.1386	0.0800	0.0100	0.1500	0.1175	0.0000	0.0175	0.0000	0.0000	0.2550
0.0960	0.0889	0.0500	0.0175	0.3750	0.9075	0.0172	0.1205	0.0075	0.0000	0.3200	0.3275	0.1600	0.3475	0.5670	0.1000	0.0000
0.3480	0.0647	0.2275	0.0700	0.2200	0.0675	0.4655	0.1955	0.0575	0.0000	0.1300	0.2650	0.1100	0.1825	0.4845	0.0000	0.0050
0.4600	0.0241	0.0850	0.0600	0.0625	0.1250	0.0862	0.7091	0.0250	0.0725	0.3250	0.0675	0.0200	0.1775	0.0515	0.0925	0.0300
0.0520	0.0001	0.3425	0.0775	0.2025	0.0075	0.0690	0.1636	0.7250	0.3650	0.2950	0.0925	0.1400	0.3250	0.0515	0.0825	0.1725
0.3140	0.0029	0.0000	0.0025	0.2300	0.0050	0.1207	0.1636	0.0575	0.8100	0.0775	0.1800	0.0600	0.0725	0.0000	0.0250	0.0175
0.0560	0.0166	0.1875	0.1250	0.2800	0.0175	0.0690	0.1591	0.1800	0.0450	0.7050	0.2000	0.2800	0.0550	0.0412	0.0925	0.0150
0.1180	0.0002	0.2025	0.1125	0.2725	0.0050	0.0517	0.1318	0.1900	0.0000	0.1725	0.7300	0.3100	0.2000	0.0309	0.0175	0.2125
0.1220	0.0117	0.1750	0.0050	0.1050	0.0350	0.0517	0.1273	0.1700	0.0075	0.2125	0.3225	0.4600	0.0475	0.1546	0.0200	0.0450
0.1240	0.0173	0.2125	0.0050	0.1100	0.1250	0.0172	0.0864	0.0000	0.0000	0.3275	0.1800	0.2100	0.7300	0.0206	0.0025	0.1350
0.3100	0.0665	0.1125	0.1350	0.2250	0.0125	0.0862	0.1818	0.0000	0.1400	0.3750	0.0325	0.0200	0.2225	0.7320	0.0150	0.0000
0.1280	0.0850	0.1175	0.0725	0.0200	0.0200	0.0172	0.1841	0.0100	0.2475	0.0350	0.2125	0.2700	0.3500	0.0619	0.8175	0.0275
0.1120	0.0040	0.0500	0.2000	0.3450	0.0100	0.0517	0.1091	0.1900	0.0000	0.2550	0.1775	0.0700	0.1900	0.6495	0.0075	0.7925
