0.3501	2.0180	2.0145	2.2053	2.3359	2.2620	2.1059	2.0842	2.3860	2.2442	1.9943	1.8375	2.2558	2.0481	2.3450	2.1545	2.3416
2.3105	0.5767	1.9328	1.9850	2.1957	2.2484	2.2033	2.1075	2.2444	2.1486	1.9892	2.1362	2.0687	2.0732	2.1099	2.0112	2.0798
2.0857	1.7761	0.6509	2.2475	2.0910	2.2200	2.2796	1.9925	2.1278	2.2865	2.0506	1.9972	2.1220	2.0831	1.9627	2.1563	2.2877
2.2983	2.1161	2.1188	0.5958	2.1162	2.1072	2.1850	2.0656	2.3333	2.3299	1.8176	2.0594	2.2300	2.2932	2.1727	2.4209	2.2246
1.8958	2.1239	2.1231	2.1069	0.6764	2.2254	2.1746	2.0492	2.0878	2.0929	2.0610	2.2481	2.2435	2.1524	2.1903	2.2043	2.0745
2.0621	2.1824	2.0425	2.2253	1.9467	0.2901	2.3152	2.0424	2.2559	2.2613	1.8657	1.8951	2.1602	2.0271	1.8794	2.2004	2.4047
1.9074	2.0616	2.0143	2.3102	2.1575	2.2833	1.3022	2.0393	2.2124	2.3801	2.0280	1.8287	2.2476	2.1273	1.9537	2.3863	2.2514
1.7800	2.1658	2.1948	2.2229	2.1511	2.3351	2.1860	0.8657	2.2978	2.2598	2.0404	2.1530	2.1944	1.9875	2.2259	2.1464	2.2323
2.2366	2.6240	2.0913	2.3108	2.1193	2.4086	2.2664	2.0109	0.6451	2.1917	1.9338	2.0244	2.0360	1.9269	2.0130	2.1499	2.0659
2.1055	2.1515	2.3160	2.4136	2.0646	2.2534	2.1231	2.0519	2.2502	0.4998	2.0403	1.9985	2.2185	2.1233	2.1503	2.1760	2.2680
2.0733	2.1985	2.1221	2.0816	1.9735	2.3914	2.2144	2.0230	2.0639	2.0380	0.7188	1.9586	2.1231	2.1671	2.1213	2.0967	2.2555
2.1007	2.3979	2.0653	2.2496	2.0126	2.1542	2.1100	2.0250	2.2394	2.3910	2.0035	0.6655	2.0003	2.1277	2.1092	2.2062	2.0476
2.1153	2.2748	2.0593	2.3679	2.2167	2.4655	2.2167	2.1265	2.1909	2.3759	2.0213	1.8754	1.1711	2.1709	2.0447	2.1620	2.1357
2.0144	2.1059	1.9693	2.2663	2.1229	2.1657	2.3207	2.0092	2.2109	2.4149	2.0420	2.0937	2.2373	0.6683	2.0850	2.4694	2.1071
1.8788	2.0349	2.0488	2.4067	2.1283	2.3101	2.2745	2.0341	2.1303	2.1832	1.9327	2.0032	2.2832	2.1203	0.7909	2.2819	2.2714
2.0969	2.0183	2.1760	2.1221	2.1239	2.3315	2.2451	2.1522	2.2468	2.2468	2.0583	2.0653	2.1384	2.0728	2.1527	0.5176	2.2979
1.9906	2.3352	2.1864	2.1690	1.9432	2.1983	2.3151	2.1594	2.0699	2.4606	2.0073	1.9611	2.3667	2.0284	1.8277	2.3172	0.5921
