0.7004	0.0000	0.0000	0.0975	0.3609	0.0000	0.0362	0.0027	0.0835	0.1913	0.1476	0.0215	0.1085	0.0000	0.3500	0.0000	0.2640
0.1677	0.7028	0.0000	0.1600	0.1290	0.0000	0.1028	0.0620	0.1844	0.0347	0.0400	0.1434	0.2037	0.0000	0.0139	0.0000	0.0000
0.3179	0.4747	0.3998	0.1844	0.1290	0.0000	0.0505	0.0444	0.1365	0.0000	0.0883	0.1324	0.2037	0.0000	0.0245	0.0000	0.0000
0.4124	0.5708	0.3517	0.7581	0.1046	0.0000	0.0593	0.0656	0.1407	0.0000	0.0187	0.1844	0.1078	0.0000	0.0700	0.0000	0.0000
0.1755	0.3643	0.1512	0.1953	0.6710	0.0000	0.0588	0.0601	0.1844	0.0081	0.0069	0.1844	0.1250	0.0000	0.0375	0.0000	0.1067
0.1592	0.3317	0.1726	0.3523	0.1844	0.5267	0.0984	0.0000	0.2580	0.0091	0.0000	0.1133	0.0606	0.0000	0.0422	0.0000	0.0000
0.2166	0.3349	0.1827	0.4755	0.1984	0.1844	0.1486	0.0619	0.1844	0.0144	0.0000	0.1388	0.0254	0.0000	0.0338	0.0000	0.0258
0.2010	0.4884	0.1827	0.1627	0.2571	0.1844	0.0732	0.4419	0.1844	0.1292	0.0000	0.1378	0.1479	0.0000	0.0283	0.0000	0.0000
0.1959	0.3675	0.1827	0.1646	0.1838	0.1844	0.0732	0.0892	0.5350	0.0061	0.0000	0.1844	0.2037	0.0000	0.0254	0.0000	0.0000
0.1505	0.3910	0.1827	0.1713	0.1844	0.1844	0.0732	0.0780	0.1844	0.7130	0.0000	0.1844	0.1500	0.0000	0.0588	0.0000	0.0056
0.4679	0.4373	0.2985	0.4830	0.1844	0.1844	0.0732	0.0944	0.1844	0.1534	0.5035	0.1391	0.2037	0.0000	0.0736	0.0000	0.0000
0.4679	0.4373	0.2985	0.4830	0.1844	0.1844	0.0732	0.0944	0.1844	0.1534	0.5035	0.1391	0.2037	0.0000	0.0736	0.0000	0.0000
0.4679	0.4373	0.2985	0.4830	0.1844	0.1844	0.0732	0.0944	0.1844	0.1534	0.5035	0.1391	0.2037	0.0000	0.0736	0.0000	0.0000
0.4679	0.4373	0.2985	0.4830	0.1844	0.1844	0.0732	0.0944	0.1844	0.1534	0.5035	0.1391	0.2037	0.0000	0.0736	0.0000	0.0000
0.4679	0.4373	0.2985	0.4830	0.1844	0.1844	0.0732	0.0944	0.1844	0.1534	0.5035	0.1391	0.2037	0.0000	0.0736	0.0000	0.0000
0.4679	0.4373	0.2985	0.4830	0.1844	0.1844	0.0732	0.0944	0.1844	0.1534	0.5035	0.1391	0.2037	0.0000	0.0736	0.0000	0.0000
0.4679	0.4373	0.2985	0.4830	0.1844	0.1844	0.0732	0.0944	0.1844	0.1534	0.5035	0.1391	0.2037	0.0000	0.0736	0.0000	0.0000
