0.7360	0.0000	0.0000	0.1525	0.4450	0.0000	0.0862	0.0023	0.1750	0.3175	0.3675	0.0475	0.3200	0.0000	0.5979	0.0000	0.4075
0.1680	0.7044	0.0000	0.2250	0.2400	0.0000	0.3276	0.2091	0.3825	0.0325	0.0525	0.3650	0.4400	0.0000	0.0206	0.0000	0.0000
0.4280	0.5447	0.5400	0.3825	0.2400	0.0000	0.0862	0.0818	0.3550	0.0000	0.1175	0.3225	0.4400	0.0000	0.0515	0.0000	0.0000
0.5600	0.5710	0.4875	0.7700	0.1650	0.0000	0.1379	0.2023	0.3525	0.0000	0.0275	0.3825	0.3100	0.0000	0.1237	0.0000	0.0000
0.2720	0.4923	0.2625	0.3625	0.6950	0.0000	0.2069	0.2114	0.3825	0.0075	0.0075	0.3825	0.2600	0.0000	0.0619	0.0000	0.2175
0.1860	0.4458	0.2300	0.4925	0.3825	0.6825	0.2069	0.0000	0.4250	0.0075	0.0000	0.3625	0.1000	0.0000	0.0825	0.0000	0.0000
0.4280	0.5002	0.3775	0.6250	0.3650	0.3825	0.2931	0.2227	0.3825	0.0175	0.0000	0.3825	0.0300	0.0000	0.0515	0.0000	0.0350
0.4120	0.5330	0.3775	0.2150	0.3325	0.3825	0.2241	0.4841	0.3825	0.1350	0.0000	0.3775	0.4200	0.0000	0.0309	0.0000	0.0000
0.4160	0.4933	0.3775	0.2350	0.3750	0.3825	0.2241	0.2341	0.6425	0.0050	0.0000	0.3825	0.4400	0.0000	0.0309	0.0000	0.0000
0.2800	0.4352	0.3775	0.2525	0.3825	0.3825	0.2241	0.2295	0.3825	0.7525	0.0000	0.3825	0.4200	0.0000	0.0206	0.0000	0.0050
0.6380	0.4540	0.4400	0.6275	0.3825	0.3825	0.2241	0.2341	0.3825	0.1650	0.6475	0.3450	0.4400	0.0000	0.1237	0.0000	0.0000
0.6380	0.4540	0.4400	0.6275	0.3825	0.3825	0.2241	0.2341	0.3825	0.1650	0.6475	0.3450	0.4400	0.0000	0.1237	0.0000	0.0000
0.6380	0.4540	0.4400	0.6275	0.3825	0.3825	0.2241	0.2341	0.3825	0.1650	0.6475	0.3450	0.4400	0.0000	0.1237	0.0000	0.0000
0.6380	0.4540	0.4400	0.6275	0.3825	0.3825	0.2241	0.2341	0.3825	0.1650	0.6475	0.3450	0.4400	0.0000	0.1237	0.0000	0.0000
0.6380	0.4540	0.4400	0.6275	0.3825	0.3825	0.2241	0.2341	0.3825	0.1650	0.6475	0.3450	0.4400	0.0000	0.1237	0.0000	0.0000
0.6380	0.4540	0.4400	0.6275	0.3825	0.3825	0.2241	0.2341	0.3825	0.1650	0.6475	0.3450	0.4400	0.0000	0.1237	0.0000	0.0000
0.6380	0.4540	0.4400	0.6275	0.3825	0.3825	0.2241	0.2341	0.3825	0.1650	0.6475	0.3450	0.4400	0.0000	0.1237	0.0000	0.0000
