0.8139	0.0000	0.0000	0.0000	0.0000	0.0000	0.0000	0.0000	0.0000	0.0000	0.0000	0.0000	0.0000	0.0000	0.0000	0.0000	0.0000
1.1759	1.1474	0.0000	0.0000	0.0000	0.0000	0.0000	0.0000	0.0000	0.0000	0.0000	0.0000	0.0000	0.0000	0.0000	0.0000	0.0000
1.1077	1.2825	0.7093	0.0000	0.0000	0.0000	0.0000	0.0000	0.0000	0.0000	0.0000	0.0000	0.0000	0.0000	0.0000	0.0000	0.0000
0.9721	1.4682	0.7842	0.5863	0.0000	0.0000	0.0000	0.0000	0.0000	0.0000	0.0000	0.0000	0.0000	0.0000	0.0000	0.0000	0.0000
0.9187	1.7037	0.7866	0.6003	0.6176	0.0000	0.0000	0.0000	0.0000	0.0000	0.0000	0.0000	0.0000	0.0000	0.0000	0.0000	0.0000
0.9764	1.3360	0.8422	0.6906	0.6630	1.4138	0.0000	0.0000	0.0000	0.0000	0.0000	0.0000	0.0000	0.0000	0.0000	0.0000	0.0000
0.9448	1.3786	0.9492	0.6818	0.7027	1.4714	0.8212	0.0000	0.0000	0.0000	0.0000	0.0000	0.0000	0.0000	0.0000	0.0000	0.0000
0.8698	1.3830	0.9028	0.6754	0.6916	1.4351	0.7959	0.7343	0.0000	0.0000	0.0000	0.0000	0.0000	0.0000	0.0000	0.0000	0.0000
0.9326	1.4080	0.7169	0.6536	0.6499	1.4899	0.8093	0.7368	0.6501	0.0000	0.0000	0.0000	0.0000	0.0000	0.0000	0.0000	0.0000
0.9648	1.4570	0.7301	0.6858	0.7579	1.4647	0.8468	0.7772	0.6840	1.0806	0.0000	0.0000	0.0000	0.0000	0.0000	0.0000	0.0000
0.9387	1.3636	0.6595	0.6785	0.7355	1.5069	0.8711	0.7522	0.7008	1.1064	0.7379	0.0000	0.0000	0.0000	0.0000	0.0000	0.0000
0.8826	1.4997	0.8384	0.6542	0.6668	1.4640	0.8629	0.7713	0.6835	1.1390	0.7126	0.5655	0.0000	0.0000	0.0000	0.0000	0.0000
1.4130	1.4761	0.6697	1.2286	1.0739	1.6267	1.3841	1.1480	1.1663	1.4084	1.2976	0.9151	0.5761	0.0000	0.0000	0.0000	0.0000
0.9699	1.5287	1.1055	0.9108	0.8332	1.4782	1.0118	0.8269	0.9064	1.1497	1.0478	0.6309	0.6213	0.4861	0.0000	0.0000	0.0000
0.8907	1.5176	1.1388	0.8376	0.7606	1.5041	0.8996	0.8404	0.8281	1.0752	1.0210	0.6483	0.6366	0.5163	0.6374	0.0000	0.0000
0.8924	1.4105	0.8288	0.7356	0.7239	1.5078	0.8914	0.7923	0.7845	1.1175	0.9552	0.6357	0.6412	0.5134	0.6478	0.6938	0.0000
0.9015	1.3647	0.7494	0.7703	0.6722	1.4670	0.8810	0.7905	0.7662	1.1268	0.9436	0.6154	0.6607	0.5079	0.6807	0.7160	0.6407
