0.6413	0.0000	0.0000	0.0000	0.0000	0.0000	0.0000	0.0000	0.0000	0.0000	0.0000	0.0000	0.0000	0.0000	0.0000	0.0000	0.0000
0.6203	0.6000	0.0000	0.0000	0.0000	0.0000	0.0000	0.0000	0.0000	0.0000	0.0000	0.0000	0.0000	0.0000	0.0000	0.0000	0.0000
0.6477	0.5548	0.6879	0.0000	0.0000	0.0000	0.0000	0.0000	0.0000	0.0000	0.0000	0.0000	0.0000	0.0000	0.0000	0.0000	0.0000
0.6295	0.4871	0.6687	0.7501	0.0000	0.0000	0.0000	0.0000	0.0000	0.0000	0.0000	0.0000	0.0000	0.0000	0.0000	0.0000	0.0000
0.6656	0.4562	0.6804	0.7424	0.7409	0.0000	0.0000	0.0000	0.0000	0.0000	0.0000	0.0000	0.0000	0.0000	0.0000	0.0000	0.0000
0.5996	0.5349	0.6471	0.7065	0.7053	0.2821	0.0000	0.0000	0.0000	0.0000	0.0000	0.0000	0.0000	0.0000	0.0000	0.0000	0.0000
0.6449	0.5132	0.6039	0.6825	0.6798	0.2243	0.2747	0.0000	0.0000	0.0000	0.0000	0.0000	0.0000	0.0000	0.0000	0.0000	0.0000
0.6502	0.5126	0.6689	0.7229	0.7015	0.1878	0.2747	0.6838	0.0000	0.0000	0.0000	0.0000	0.0000	0.0000	0.0000	0.0000	0.0000
0.6545	0.4973	0.6915	0.7274	0.7243	0.2209	0.2747	0.6903	0.7354	0.0000	0.0000	0.0000	0.0000	0.0000	0.0000	0.0000	0.0000
0.6387	0.4824	0.6961	0.7153	0.6768	0.2230	0.2747	0.6602	0.7158	0.3560	0.0000	0.0000	0.0000	0.0000	0.0000	0.0000	0.0000
0.6501	0.5328	0.7262	0.6967	0.6935	0.2520	0.2747	0.6962	0.6983	0.3014	0.6745	0.0000	0.0000	0.0000	0.0000	0.0000	0.0000
0.6486	0.4907	0.6959	0.7134	0.7233	0.2372	0.2747	0.6770	0.7080	0.3076	0.7174	0.7818	0.0000	0.0000	0.0000	0.0000	0.0000
0.6180	0.4217	0.6337	0.6406	0.5977	0.2466	0.2747	0.5840	0.6512	0.2266	0.5524	0.7073	0.7040	0.0000	0.0000	0.0000	0.0000
0.6102	0.4172	0.5096	0.5527	0.6467	0.1698	0.2747	0.6733	0.6360	0.3430	0.4636	0.7278	0.6920	0.8065	0.0000	0.0000	0.0000
0.6685	0.4362	0.5455	0.6012	0.6597	0.1792	0.2747	0.6599	0.6538	0.4039	0.4667	0.7191	0.6957	0.7936	0.7297	0.0000	0.0000
0.6334	0.4781	0.6274	0.6712	0.6660	0.1756	0.2747	0.6876	0.6842	0.2504	0.5503	0.7351	0.6951	0.7972	0.7231	0.6838	0.0000
0.6605	0.5081	0.6824	0.6684	0.7100	0.1836	0.2747	0.6726	0.7077	0.2957	0.5755	0.7164	0.6892	0.8103	0.6910	0.6633	0.7400
