0.6600	0.0000	0.0000	0.0000	0.0000	0.0000	0.0000	0.0000	0.0000	0.0000	0.0000	0.0000	0.0000	0.0000	0.0000	0.0000	0.0000
0.6300	0.5795	0.0000	0.0000	0.0000	0.0000	0.0000	0.0000	0.0000	0.0000	0.0000	0.0000	0.0000	0.0000	0.0000	0.0000	0.0000
0.6600	0.5614	0.7500	0.0000	0.0000	0.0000	0.0000	0.0000	0.0000	0.0000	0.0000	0.0000	0.0000	0.0000	0.0000	0.0000	0.0000
0.6350	0.5045	0.7380	0.7550	0.0000	0.0000	0.0000	0.0000	0.0000	0.0000	0.0000	0.0000	0.0000	0.0000	0.0000	0.0000	0.0000
0.6700	0.4773	0.7480	0.7525	0.7525	0.0000	0.0000	0.0000	0.0000	0.0000	0.0000	0.0000	0.0000	0.0000	0.0000	0.0000	0.0000
0.6525	0.5409	0.7500	0.7200	0.7300	0.3793	0.0000	0.0000	0.0000	0.0000	0.0000	0.0000	0.0000	0.0000	0.0000	0.0000	0.0000
0.6700	0.5250	0.7260	0.6975	0.7175	0.3793	0.7010	0.0000	0.0000	0.0000	0.0000	0.0000	0.0000	0.0000	0.0000	0.0000	0.0000
0.6675	0.5295	0.7540	0.7350	0.7225	0.3621	0.7010	0.7050	0.0000	0.0000	0.0000	0.0000	0.0000	0.0000	0.0000	0.0000	0.0000
0.6675	0.5205	0.7420	0.7400	0.7425	0.3621	0.7010	0.7075	0.7450	0.0000	0.0000	0.0000	0.0000	0.0000	0.0000	0.0000	0.0000
0.6550	0.4909	0.7420	0.7300	0.6950	0.3103	0.7010	0.6850	0.7250	0.5100	0.0000	0.0000	0.0000	0.0000	0.0000	0.0000	0.0000
0.6575	0.5477	0.7720	0.7100	0.7075	0.3621	0.7010	0.7100	0.7050	0.4500	0.6825	0.0000	0.0000	0.0000	0.0000	0.0000	0.0000
0.6600	0.5091	0.7460	0.7250	0.7400	0.3793	0.7010	0.6925	0.7125	0.4400	0.7225	0.7900	0.0000	0.0000	0.0000	0.0000	0.0000
0.6525	0.4341	0.7200	0.6675	0.6375	0.3448	0.7010	0.6600	0.6650	0.3600	0.5825	0.7225	0.7046	0.0000	0.0000	0.0000	0.0000
0.6325	0.4341	0.6260	0.6025	0.6700	0.3276	0.7010	0.6900	0.6475	0.4100	0.5350	0.7425	0.6943	0.8200	0.0000	0.0000	0.0000
0.6850	0.4500	0.6400	0.6300	0.6725	0.3448	0.7010	0.6750	0.6625	0.4600	0.5475	0.7325	0.6958	0.8100	0.7400	0.0000	0.0000
0.6375	0.4932	0.7040	0.6925	0.6775	0.3276	0.7010	0.7000	0.6875	0.4400	0.5950	0.7500	0.6952	0.8125	0.7300	0.6925	0.0000
0.6675	0.5159	0.7480	0.6875	0.7200	0.3448	0.7010	0.6850	0.7125	0.4700	0.6075	0.7325	0.6894	0.8225	0.7125	0.6800	0.7575
