0.3096	0.0000	0.0000	0.0000	0.0000	0.0000	0.0000	0.0000	0.0000	0.0000	0.0000	0.0000	0.0000	0.0000	0.0000	0.0000	0.0000
0.0732	0.6216	0.0000	0.0000	0.0000	0.0000	0.0000	0.0000	0.0000	0.0000	0.0000	0.0000	0.0000	0.0000	0.0000	0.0000	0.0000
0.0732	0.5427	0.5205	0.0000	0.0000	0.0000	0.0000	0.0000	0.0000	0.0000	0.0000	0.0000	0.0000	0.0000	0.0000	0.0000	0.0000
0.0732	0.4771	0.4762	0.5644	0.0000	0.0000	0.0000	0.0000	0.0000	0.0000	0.0000	0.0000	0.0000	0.0000	0.0000	0.0000	0.0000
0.0385	0.0411	0.2183	0.1966	0.7037	0.0000	0.0000	0.0000	0.0000	0.0000	0.0000	0.0000	0.0000	0.0000	0.0000	0.0000	0.0000
0.0959	0.6242	0.4000	0.2462	0.3333	0.6854	0.0000	0.0000	0.0000	0.0000	0.0000	0.0000	0.0000	0.0000	0.0000	0.0000	0.0000
0.0732	0.1290	0.1844	0.1844	0.3333	0.1290	0.5034	0.0000	0.0000	0.0000	0.0000	0.0000	0.0000	0.0000	0.0000	0.0000	0.0000
0.0732	0.1919	0.3519	0.1955	0.0247	0.1605	0.1958	0.6129	0.0000	0.0000	0.0000	0.0000	0.0000	0.0000	0.0000	0.0000	0.0000
0.0732	0.2101	0.1616	0.1713	0.2215	0.2075	0.1844	0.1844	0.5694	0.0000	0.0000	0.0000	0.0000	0.0000	0.0000	0.0000	0.0000
0.0694	0.1015	0.2916	0.2075	0.3333	0.2378	0.1469	0.0926	0.1342	0.3761	0.0000	0.0000	0.0000	0.0000	0.0000	0.0000	0.0000
0.0000	0.0237	0.1745	0.1900	0.4042	0.1386	0.1827	0.0085	0.1364	0.0747	0.5998	0.0000	0.0000	0.0000	0.0000	0.0000	0.0000
0.0000	0.0000	0.0748	0.0661	0.4638	0.3209	0.1306	0.0000	0.0762	0.2050	0.4303	0.5973	0.0000	0.0000	0.0000	0.0000	0.0000
0.0641	0.0922	0.0000	0.0000	0.0006	0.0237	0.0000	0.0022	0.1616	0.0114	0.0684	0.0601	0.6521	0.0000	0.0000	0.0000	0.0000
0.0702	0.0503	0.0141	0.0702	0.1664	0.0998	0.0428	0.0138	0.3337	0.0508	0.2767	0.1827	0.5041	0.3522	0.0000	0.0000	0.0000
0.1026	0.1364	0.0000	0.0000	0.0000	0.0000	0.0000	0.1290	0.1844	0.0508	0.1827	0.1827	0.2001	0.0449	0.1692	0.0000	0.0000
0.0672	0.0849	0.1221	0.0845	0.0366	0.0000	0.0261	0.0901	0.0427	0.0179	0.0542	0.1827	0.2077	0.0878	0.1667	0.6410	0.0000
0.0357	0.0057	0.0000	0.0000	0.0795	0.0083	0.0000	0.0000	0.0825	0.0022	0.0420	0.0473	0.3376	0.2764	0.1299	0.2967	0.6750
