0.6050	0.2068	0.1600	0.3450	0.1050	0.1207	0.0103	0.2750	0.1950	0.0000	0.0325	0.3775	0.2411	0.3300	0.1700	0.0425	0.3825
0.5675	0.4205	0.0160	0.2075	0.0025	0.1207	0.0000	0.2175	0.4025	0.0000	0.0850	0.3275	0.1936	0.0975	0.1200	0.0550	0.3775
0.6425	0.3818	0.6180	0.0200	0.0625	0.0517	0.0412	0.2225	0.3775	0.0000	0.1200	0.2250	0.0088	0.1075	0.2425	0.1475	0.2800
0.6250	0.3818	0.5960	0.6850	0.0525	0.0517	0.0103	0.1325	0.4225	0.0000	0.1150	0.2225	0.0049	0.2700	0.2525	0.1325	0.2925
0.5975	0.3773	0.5980	0.6825	0.6525	0.0517	0.0000	0.2350	0.4250	0.0000	0.1250	0.3125	0.0071	0.2800	0.2350	0.0975	0.3600
0.5800	0.3864	0.5400	0.6575	0.6450	0.3793	0.0000	0.1900	0.3900	0.0000	0.2275	0.3250	0.0029	0.2650	0.2150	0.1000	0.3525
0.5925	0.3886	0.5140	0.6375	0.6400	0.4138	0.7010	0.1925	0.4075	0.0000	0.2425	0.3450	0.0009	0.1850	0.2225	0.1125	0.3625
0.6100	0.3795	0.6460	0.6475	0.5900	0.3793	0.7010	0.6475	0.3125	0.0000	0.0825	0.3225	0.0002	0.1500	0.2725	0.1575	0.3575
0.5850	0.3636	0.6220	0.6525	0.6300	0.3966	0.7010	0.6175	0.6350	0.0000	0.0300	0.2700	0.0002	0.1425	0.2600	0.0850	0.3725
0.5875	0.3295	0.5540	0.5700	0.6275	0.3793	0.7010	0.5625	0.5950	0.4200	0.0700	0.2275	0.0001	0.0700	0.2275	0.0750	0.3700
0.5825	0.3545	0.5880	0.6400	0.6100	0.3793	0.7010	0.6025	0.6250	0.4200	0.6200	0.3350	0.0002	0.2175	0.3525	0.1325	0.3675
0.6275	0.3818	0.5940	0.6775	0.6625	0.3621	0.7010	0.6550	0.6075	0.4200	0.6150	0.6975	0.0002	0.2675	0.3475	0.0750	0.3550
0.5650	0.4159	0.5740	0.6525	0.6175	0.3621	0.7010	0.6075	0.6450	0.4500	0.6025	0.6350	0.6806	0.2175	0.2700	0.0325	0.2125
0.5875	0.3955	0.5900	0.6900	0.6750	0.3103	0.7010	0.6275	0.6125	0.4400	0.6300	0.6775	0.6412	0.7425	0.3100	0.0400	0.2650
0.5175	0.3523	0.5880	0.6200	0.6450	0.3966	0.7010	0.5525	0.6075	0.4500	0.6200	0.6225	0.5675	0.6950	0.6575	0.0525	0.2625
0.5475	0.3500	0.5600	0.6250	0.6350	0.3448	0.7010	0.5900	0.6150	0.4500	0.6050	0.6350	0.5666	0.6950	0.6450	0.6500	0.2300
0.6100	0.3477	0.5640	0.6200	0.6375	0.3448	0.7010	0.6225	0.6025	0.4400	0.6150	0.6175	0.5238	0.6825	0.6275	0.6100	0.6775
