0.6601	0.0499	0.0128	0.0632	0.0042	0.0969	0.1148	0.0332	0.0390	0.0000	0.0000	0.2573	0.0013	0.0905	0.0039	0.0865	0.0266
0.0116	0.5699	0.0100	-0.0239	0.0209	0.0471	-0.0168	-0.0056	-0.0390	0.0000	0.0000	-0.0811	0.0093	-0.0005	0.0091	0.0023	0.0334
0.0083	0.0043	0.5864	0.0159	0.0074	-0.0225	-0.0659	-0.0123	0.0000	0.0000	0.0000	-0.0322	-0.0096	0.0206	0.0021	-0.0457	0.0122
-0.0125	-0.0315	0.0347	0.6675	-0.0058	-0.0083	-0.0026	0.0045	0.0121	0.0000	0.0000	0.0094	0.0034	0.0099	0.0133	-0.0122	-0.0202
-0.0015	-0.0427	0.0203	0.0088	0.7029	-0.0167	0.0282	-0.0091	0.0064	0.0000	0.0000	-0.0169	-0.0014	-0.0113	-0.0179	-0.0084	0.0294
-0.0548	0.0308	-0.0398	-0.0295	-0.0499	0.2221	0.0061	0.0261	0.0113	0.0000	0.0000	0.0006	0.0005	0.0080	0.0129	0.0196	-0.0348
-0.0033	-0.0194	-0.0829	0.0104	-0.0043	-0.0171	0.2061	-0.0041	-0.0071	0.0000	0.0000	0.0169	-0.0022	-0.0162	-0.0203	-0.0117	0.0288
0.0651	0.0209	0.0886	0.0093	0.0596	-0.0284	-0.0024	0.6737	0.0508	0.0223	0.0000	-0.0372	0.0066	0.0331	0.0183	-0.0230	-0.0392
-0.0140	-0.0256	-0.1250	-0.0447	-0.0428	0.0187	0.0024	-0.1160	0.1346	0.0488	0.0000	-0.0019	0.0388	0.0059	0.0063	0.0145	-0.0362
0.0049	-0.0275	-0.0621	0.0030	0.0075	0.0413	0.0615	0.0501	0.1604	0.2864	0.0090	0.0137	-0.0164	-0.0263	-0.0006	-0.0091	0.0130
0.0008	0.0216	0.0630	0.0402	0.0451	-0.0284	0.0143	0.0125	-0.0474	0.0042	0.7217	-0.0069	-0.0160	-0.0178	-0.0106	0.0278	0.0229
0.0122	-0.0454	0.0262	0.0135	-0.0119	-0.0044	-0.0168	0.0063	0.0852	-0.0313	0.0009	0.6126	0.0043	0.0036	0.0008	-0.0185	0.0240
0.0000	0.0355	-0.0046	-0.0065	-0.0238	-0.0257	-0.0050	-0.0008	0.0344	-0.0020	-0.0001	-0.0048	0.6552	-0.0029	0.0061	0.0120	0.0085
-0.0030	-0.0314	0.0539	-0.0022	-0.0089	-0.0006	0.0378	0.0098	0.0653	-0.0057	-0.0065	0.0083	-0.0225	0.6534	0.0314	-0.0263	0.0013
-0.0001	-0.0268	-0.0113	0.0017	-0.0084	0.0335	-0.0105	0.0144	0.0268	0.0259	-0.0298	-0.0038	-0.0173	-0.0090	0.6746	0.0186	-0.0007
-0.0002	-0.0316	0.0323	0.0107	0.0252	-0.0588	-0.0204	0.0092	0.0176	-0.0178	0.0063	0.0194	0.0172	0.0056	0.0193	0.6889	0.0098
0.0108	-0.0565	-0.0038	-0.0196	-0.0295	0.0051	0.0091	0.0338	0.0871	0.0081	-0.0069	0.0111	-0.0041	-0.0146	-0.0015	-0.0180	0.6405
