0.6650	0.2068	0.0180	0.1450	0.0050	0.1552	0.3196	0.0900	0.0600	0.0000	0.0000	0.4175	0.0016	0.2325	0.0050	0.2625	0.0425
0.6850	0.6023	0.0400	0.0900	0.0475	0.2414	0.3608	0.0475	0.0000	0.0000	0.0000	0.4075	0.0167	0.1450	0.0250	0.1625	0.1400
0.6900	0.6091	0.6820	0.1525	0.0600	0.2069	0.0928	0.0225	0.0000	0.0000	0.0000	0.4025	0.0014	0.2650	0.0250	0.0725	0.1825
0.6800	0.5795	0.7060	0.7350	0.0575	0.2069	0.0722	0.0325	0.0125	0.0000	0.0000	0.3800	0.0066	0.2250	0.0475	0.0600	0.1475
0.6800	0.5477	0.7100	0.7375	0.7450	0.1724	0.2062	0.0150	0.0175	0.0000	0.0000	0.3575	0.0053	0.2975	0.0125	0.0400	0.2425
0.6375	0.5727	0.6920	0.7150	0.7000	0.5000	0.1856	0.0600	0.0450	0.0000	0.0000	0.3525	0.0062	0.3000	0.0425	0.0800	0.1100
0.6375	0.5682	0.6420	0.7250	0.7025	0.4828	0.6804	0.0575	0.0250	0.0000	0.0000	0.3575	0.0020	0.3425	0.0050	0.0675	0.2075
0.6925	0.5750	0.6760	0.7325	0.7450	0.4655	0.6701	0.7225	0.1425	0.0500	0.0000	0.3025	0.0101	0.3075	0.0425	0.0125	0.0875
0.6800	0.5386	0.6400	0.7025	0.7025	0.4828	0.6804	0.6575	0.3925	0.2200	0.0000	0.3475	0.0972	0.2150	0.0525	0.0275	0.0000
0.6825	0.5364	0.5740	0.7025	0.7125	0.4655	0.6804	0.6950	0.4875	0.3700	0.0125	0.3375	0.0642	0.2050	0.0525	0.0125	0.0200
0.6800	0.5477	0.6140	0.7300	0.7525	0.4483	0.6907	0.6900	0.4400	0.3900	0.7400	0.3575	0.0270	0.1825	0.0300	0.0725	0.0750
0.6925	0.5227	0.6160	0.7450	0.7450	0.4655	0.6701	0.6950	0.4825	0.3500	0.7375	0.7475	0.0372	0.1800	0.0275	0.0350	0.1825
0.6925	0.5477	0.6040	0.7375	0.7200	0.4310	0.6701	0.6900	0.5050	0.3500	0.7375	0.7400	0.6742	0.2300	0.0425	0.0525	0.2400
0.6900	0.5341	0.6580	0.7350	0.7125	0.4483	0.6804	0.7025	0.5500	0.3300	0.7325	0.7475	0.6574	0.7625	0.1375	0.0125	0.2350
0.6850	0.5068	0.6380	0.7350	0.7025	0.4483	0.6495	0.7050	0.5725	0.3900	0.7050	0.7425	0.6434	0.7500	0.7325	0.0500	0.3375
0.6850	0.4682	0.6760	0.7450	0.7250	0.4483	0.6598	0.7100	0.5800	0.3600	0.7125	0.7625	0.6512	0.7550	0.7525	0.7250	0.3225
0.6950	0.4091	0.7060	0.7200	0.7000	0.4483	0.6495	0.7350	0.6425	0.3400	0.7050	0.7725	0.6482	0.7425	0.7525	0.7075	0.7325
