0.6601	0.0499	0.0128	0.0632	0.0042	0.0969	0.1148	0.0332	0.0390	0.0000	0.0000	0.2573	0.0013	0.0905	0.0039	0.0865	0.0266
0.6717	0.6198	0.0228	0.0393	0.0251	0.1440	0.0980	0.0276	0.0000	0.0000	0.0000	0.1762	0.0106	0.0900	0.0130	0.0888	0.0600
0.6800	0.6241	0.6092	0.0552	0.0325	0.1215	0.0321	0.0153	0.0000	0.0000	0.0000	0.1440	0.0010	0.1106	0.0151	0.0431	0.0722
0.6675	0.5926	0.6439	0.7227	0.0267	0.1132	0.0295	0.0198	0.0121	0.0000	0.0000	0.1534	0.0044	0.1205	0.0284	0.0309	0.0520
0.6660	0.5499	0.6642	0.7315	0.7296	0.0965	0.0577	0.0107	0.0185	0.0000	0.0000	0.1365	0.0030	0.1092	0.0105	0.0225	0.0814
0.6112	0.5807	0.6244	0.7020	0.6797	0.3186	0.0638	0.0368	0.0298	0.0000	0.0000	0.1371	0.0035	0.1172	0.0234	0.0421	0.0466
0.6079	0.5613	0.5415	0.7124	0.6754	0.3015	0.2699	0.0327	0.0227	0.0000	0.0000	0.1540	0.0013	0.1010	0.0031	0.0304	0.0754
0.6730	0.5822	0.6301	0.7217	0.7350	0.2731	0.2675	0.7064	0.0735	0.0223	0.0000	0.1168	0.0079	0.1341	0.0214	0.0074	0.0362
0.6590	0.5566	0.5051	0.6770	0.6922	0.2918	0.2699	0.5904	0.2081	0.0711	0.0000	0.1149	0.0467	0.1400	0.0277	0.0219	0.0000
0.6639	0.5291	0.4430	0.6800	0.6997	0.3331	0.3314	0.6405	0.3685	0.3575	0.0090	0.1286	0.0303	0.1137	0.0271	0.0128	0.0130
0.6647	0.5507	0.5060	0.7202	0.7448	0.3047	0.3457	0.6530	0.3211	0.3617	0.7307	0.1217	0.0143	0.0959	0.0165	0.0406	0.0359
0.6769	0.5053	0.5322	0.7337	0.7329	0.3003	0.3289	0.6593	0.4063	0.3304	0.7316	0.7343	0.0186	0.0995	0.0173	0.0221	0.0599
0.6769	0.5408	0.5276	0.7272	0.7091	0.2746	0.3239	0.6585	0.4407	0.3284	0.7315	0.7295	0.6738	0.0966	0.0234	0.0341	0.0684
0.6739	0.5094	0.5815	0.7250	0.7002	0.2740	0.3617	0.6683	0.5060	0.3227	0.7250	0.7378	0.6513	0.7500	0.0548	0.0078	0.0697
0.6738	0.4826	0.5702	0.7267	0.6918	0.3075	0.3512	0.6827	0.5328	0.3486	0.6952	0.7340	0.6340	0.7410	0.7294	0.0264	0.0690
0.6736	0.4510	0.6025	0.7374	0.7170	0.2487	0.3308	0.6919	0.5504	0.3308	0.7015	0.7534	0.6512	0.7466	0.7487	0.7153	0.0788
0.6844	0.3945	0.5987	0.7178	0.6875	0.2538	0.3399	0.7257	0.6375	0.3389	0.6946	0.7645	0.6471	0.7320	0.7472	0.6973	0.7193
