0.7621	2.1334	2.1578	2.1434	2.1665	2.0270	1.9841	2.3482	2.1046	2.2994	2.3431	1.9276	2.0297	2.0503	2.2166	2.0311	2.2822
0.8214	1.1328	2.1908	2.1210	2.1282	2.0389	1.9799	2.2838	2.1974	2.2741	2.3956	1.9809	2.0785	2.1080	2.1578	2.0184	2.2293
0.8058	1.1188	0.7352	2.1059	2.1184	1.9914	2.0749	2.1881	2.2342	2.2660	2.4080	1.9447	2.2135	2.0080	2.2011	2.0897	2.2501
0.8353	1.2413	0.6931	0.9124	2.1394	1.9726	2.0369	2.2047	2.2451	2.2049	2.3137	1.9267	2.1758	2.0080	2.1629	2.1348	2.2600
0.7873	1.4354	0.7243	0.9590	0.7010	1.9560	1.9961	2.2826	2.3669	2.2188	2.4312	1.8896	2.1671	1.9564	2.2395	2.2225	2.2770
0.8776	1.3347	0.7676	1.0551	0.7607	1.4431	2.0316	2.1587	2.2037	2.2030	2.3787	1.9702	2.2135	1.9697	2.1759	2.1311	2.2651
0.8428	1.4653	0.8968	1.0957	0.7381	1.5616	0.8817	2.2024	2.2229	2.2484	2.5093	1.9683	2.2954	1.9410	2.3074	2.1369	2.2607
0.7616	1.3649	0.7672	0.9541	0.6791	1.4870	0.8479	0.8119	2.2123	2.2024	2.4699	1.9887	2.0782	1.9803	2.2319	2.2740	2.3072
0.7594	1.3418	0.9720	1.0220	0.7282	1.4724	0.9257	1.0996	1.1105	2.1247	2.4241	1.9342	2.0478	1.9936	2.2102	2.2047	2.4085
0.7997	1.5030	1.0927	1.0711	0.7258	1.4771	0.8782	0.9903	0.9815	1.2210	2.3592	1.9849	2.0273	2.0126	2.2347	2.2251	2.2701
0.7528	1.4076	1.0491	1.0146	0.6916	1.4261	0.8566	0.8882	1.0085	1.2269	0.6685	1.9376	2.0316	2.0157	2.2184	2.1710	2.2492
0.7539	1.6011	1.0563	0.9896	0.6883	1.4589	0.8604	0.8655	0.9948	1.2462	0.6448	0.6707	2.1043	1.9686	2.2339	2.1847	2.2078
0.7662	1.4992	1.0006	0.9469	0.7207	1.4547	0.8273	0.8446	1.0364	1.2159	0.6449	0.6582	0.6336	1.9715	2.1611	2.1635	2.1477
0.7657	1.5792	0.8644	0.9632	0.7410	1.4013	0.8441	0.8927	1.0414	1.2534	0.6554	0.7018	0.6519	0.7070	2.1270	2.2721	2.1545
0.7737	1.6920	0.9152	0.9481	0.7684	1.3493	0.8405	0.8318	1.0448	1.2325	0.6886	0.7029	0.6741	0.8904	0.7019	2.2392	2.1112
0.7796	1.8977	0.8439	0.9446	0.7307	1.3649	0.8591	0.7870	1.0698	1.1912	0.7031	0.6405	0.6589	0.8489	0.6682	0.7767	2.0780
0.7970	2.0854	0.8578	0.9822	0.7635	1.4025	0.8796	0.7371	1.0921	1.2264	0.6904	0.6725	0.6624	0.7258	0.6749	0.8173	1.1488
