1.4596	2.0907	1.9935	2.1439	2.0365	2.0495	2.0737	2.0870	1.9975	2.0967	2.0306	2.1903	1.9865	2.0490	2.1228	2.0564	2.1256
1.4769	0.6827	1.9250	2.1759	2.0377	2.0140	2.2203	2.0449	1.8986	2.1327	1.9214	2.2610	2.0357	2.1391	2.1774	1.9337	2.1779
1.4698	0.7842	0.7209	2.1247	1.9526	2.0695	2.0384	2.0336	2.0031	2.1007	1.9641	2.3444	2.0231	2.1814	2.1381	2.0842	2.2487
1.5228	0.7907	0.7596	0.7615	1.8108	1.9731	2.0235	2.0815	1.9615	2.0375	1.9829	2.1648	1.9715	2.1849	2.2207	1.9598	2.1625
1.4108	1.2338	1.3322	1.2573	0.5743	2.0046	2.0987	2.0373	2.0349	2.0709	2.0440	2.0577	2.0149	2.1604	2.1474	2.1250	2.1270
1.3681	0.9319	0.9858	0.9880	0.6735	0.6767	2.0961	2.0212	2.1351	2.1555	1.9628	1.9846	1.9405	2.2966	2.1852	2.0555	2.2718
1.3052	0.9176	0.9716	0.9624	0.6886	0.7022	0.7266	2.0389	2.1105	2.1420	1.9690	2.0803	1.9116	2.2862	2.0975	2.0677	2.3235
1.2976	0.8494	0.9666	0.9353	0.7134	0.7099	0.7391	0.8037	2.1150	2.1657	2.0245	2.0439	1.9625	2.2745	2.1174	2.0599	2.2837
1.3208	0.8579	0.9157	0.9269	0.8134	0.7379	0.8138	0.8509	0.7830	2.1721	2.1095	2.0650	2.0915	2.2544	2.0838	2.0418	2.2020
1.3562	1.1193	1.1816	1.2077	0.6691	0.9520	0.9354	1.1385	1.0961	1.1306	2.0504	2.1376	2.1590	1.9760	2.0206	2.0746	2.2050
1.3605	0.9065	1.0737	1.0760	0.7693	0.8663	1.0395	1.0226	1.0314	1.2018	0.8327	2.0141	2.0966	2.0101	1.9723	2.0565	2.1556
1.4917	0.8809	1.0169	0.9747	0.7079	0.8908	0.9870	1.0370	0.9953	1.1735	0.8520	0.7400	2.1292	2.1094	2.0726	2.0962	2.0976
1.4702	0.9952	0.8847	1.0831	0.6844	0.9235	1.0220	1.3293	1.1022	1.1867	1.0476	0.7699	0.7157	1.9947	2.0809	2.0521	2.2605
1.4595	0.9496	0.9088	1.0269	0.7702	0.8484	0.9321	1.2624	0.9959	1.2150	0.9710	0.7234	0.7140	0.8233	2.0252	2.1668	2.3637
1.3908	0.9444	0.9016	1.1496	0.6693	0.9295	1.0279	1.3341	1.0613	1.2183	0.9756	0.7506	0.7605	0.8353	1.0821	2.2238	2.3043
1.3915	0.8404	0.8882	1.1172	0.6904	0.9123	1.0471	1.2450	1.0525	1.2127	0.9422	0.7511	0.7292	0.8985	1.1320	0.7258	2.2989
1.3636	0.8100	0.8102	1.0721	0.6565	0.9222	1.1483	1.2210	0.9226	1.3349	0.9926	0.7903	0.6661	0.8650	1.1213	0.7591	0.6815
