0.3285	0.0612	0.0925	0.0634	0.0860	0.0593	0.0728	0.0564	0.0829	0.0745	0.0918	0.0000	0.0723	0.1056	0.0000	0.0620	0.0436
-0.0359	0.6447	0.0615	0.0070	-0.0157	0.0028	-0.0694	0.0133	0.0802	-0.0044	0.0400	0.0051	-0.0170	-0.0381	0.0290	0.0563	-0.0205
-0.0100	-0.0248	0.5342	0.0478	0.0103	-0.0059	0.0719	0.0507	-0.0946	0.0116	-0.0423	-0.0051	0.0335	-0.0431	0.0271	-0.0614	0.0184
0.0040	0.0122	-0.0109	0.5512	0.0495	0.1088	-0.0040	0.0094	0.0383	-0.0133	-0.0006	0.0208	-0.0137	0.0156	-0.0316	0.0712	-0.0187
0.0437	-0.0651	-0.0738	-0.0122	0.5772	-0.0501	-0.0127	0.0047	-0.0093	-0.0018	-0.0151	0.0610	0.0133	0.0327	0.0338	-0.1172	0.0238
-0.0002	-0.0272	0.0198	-0.1589	-0.0233	0.5982	0.0101	-0.0220	-0.0265	-0.0191	0.0220	0.0308	0.0230	0.0106	-0.0111	0.0768	-0.0418
0.0257	0.0050	0.0019	0.0346	0.0029	-0.0118	0.6177	-0.0395	-0.0029	0.0249	-0.0211	-0.0267	0.0002	0.0099	0.0274	-0.0250	0.0118
-0.0565	0.0361	0.0084	0.0575	-0.0128	0.0039	0.0069	0.6181	0.0302	-0.0048	-0.0185	0.0389	-0.0094	-0.0218	-0.0102	0.0149	0.0084
-0.0522	-0.0219	0.0115	-0.0080	-0.0305	-0.0062	-0.0262	-0.0369	0.5435	0.0046	-0.0303	-0.0463	-0.0228	0.0051	0.0091	0.0022	0.0549
0.1881	-0.0197	-0.1176	-0.0167	0.0262	-0.0637	-0.0915	-0.0623	-0.1104	0.5199	0.0470	-0.0323	0.0013	-0.0011	0.0228	-0.0118	-0.0542
-0.1896	-0.0024	-0.0447	-0.0389	-0.0441	0.0029	-0.0762	-0.1104	-0.0644	-0.0427	0.5189	0.0801	0.0198	-0.0428	0.0245	0.0324	-0.0135
-0.0223	0.0463	0.1009	0.0472	0.0282	0.0078	0.0198	0.0340	0.0720	0.0190	0.0003	0.5667	-0.0351	0.0172	-0.0682	-0.0216	0.0285
0.0579	0.0554	0.1897	0.1031	-0.0286	0.0590	0.1322	0.0072	0.0173	-0.0357	0.0033	0.0233	0.5696	0.0353	0.0086	0.0097	-0.0153
0.0041	-0.0191	-0.1138	-0.0422	-0.0554	0.0243	0.0091	-0.1205	-0.0024	-0.0242	-0.0289	-0.0109	0.0299	0.1913	-0.0111	-0.0438	-0.0190
0.0273	0.0428	0.0389	-0.0264	0.0637	-0.0104	-0.0802	0.0324	-0.0266	-0.0050	0.0183	-0.0041	-0.0340	0.0000	0.2306	-0.0150	0.0055
-0.0268	-0.0489	-0.0015	-0.0593	-0.0065	-0.0242	-0.0567	0.1251	-0.0067	0.0256	0.0642	-0.0130	0.0459	-0.0007	-0.0641	0.6663	0.0085
0.0019	0.0202	0.0342	0.0797	0.0279	0.0459	-0.0037	-0.0493	0.1208	-0.0667	-0.0644	-0.0052	0.0353	0.0007	0.0009	0.0020	0.7132
