0.3285	0.0612	0.0925	0.0634	0.0860	0.0593	0.0728	0.0564	0.0829	0.0745	0.0918	0.0000	0.0723	0.1056	0.0000	0.0620	0.0436
0.2926	0.7059	0.1540	0.0704	0.0703	0.0621	0.0034	0.0697	0.1631	0.0701	0.1318	0.0051	0.0553	0.0675	0.0290	0.1183	0.0231
0.2826	0.6811	0.6882	0.1182	0.0806	0.0562	0.0753	0.1204	0.0685	0.0817	0.0895	0.0000	0.0888	0.0244	0.0561	0.0569	0.0415
0.2866	0.6933	0.6773	0.6694	0.1301	0.1650	0.0713	0.1298	0.1068	0.0684	0.0889	0.0208	0.0751	0.0400	0.0245	0.1281	0.0228
0.3303	0.6282	0.6035	0.6572	0.7073	0.1149	0.0586	0.1345	0.0975	0.0666	0.0738	0.0818	0.0884	0.0727	0.0583	0.0109	0.0466
0.3301	0.6010	0.6233	0.4983	0.6840	0.7131	0.0687	0.1125	0.0710	0.0475	0.0958	0.1126	0.1114	0.0833	0.0472	0.0877	0.0048
0.3558	0.6060	0.6252	0.5329	0.6869	0.7013	0.6864	0.0730	0.0681	0.0724	0.0747	0.0859	0.1116	0.0932	0.0746	0.0627	0.0166
0.2993	0.6421	0.6336	0.5904	0.6741	0.7052	0.6933	0.6911	0.0983	0.0676	0.0562	0.1248	0.1022	0.0714	0.0644	0.0776	0.0250
0.2471	0.6202	0.6451	0.5824	0.6436	0.6990	0.6671	0.6542	0.6418	0.0722	0.0259	0.0785	0.0794	0.0765	0.0735	0.0798	0.0799
0.4352	0.6005	0.5275	0.5657	0.6698	0.6353	0.5756	0.5919	0.5314	0.5921	0.0729	0.0462	0.0807	0.0754	0.0963	0.0680	0.0257
0.2456	0.5981	0.4828	0.5268	0.6257	0.6382	0.4994	0.4815	0.4670	0.5494	0.5918	0.1263	0.1005	0.0326	0.1208	0.1004	0.0122
0.2233	0.6444	0.5837	0.5740	0.6539	0.6460	0.5192	0.5155	0.5390	0.5684	0.5921	0.6930	0.0654	0.0498	0.0526	0.0788	0.0407
0.2812	0.6998	0.7734	0.6771	0.6253	0.7050	0.6514	0.5227	0.5563	0.5327	0.5954	0.7163	0.6350	0.0851	0.0612	0.0885	0.0254
0.2853	0.6807	0.6596	0.6349	0.5699	0.7293	0.6605	0.4022	0.5539	0.5085	0.5665	0.7054	0.6649	0.2764	0.0501	0.0447	0.0064
0.3126	0.7235	0.6985	0.6085	0.6336	0.7189	0.5803	0.4346	0.5273	0.5035	0.5848	0.7013	0.6309	0.2764	0.2807	0.0297	0.0119
0.2858	0.6746	0.6970	0.5492	0.6271	0.6947	0.5236	0.5597	0.5206	0.5291	0.6490	0.6883	0.6768	0.2757	0.2166	0.6960	0.0204
0.2877	0.6948	0.7312	0.6289	0.6550	0.7406	0.5199	0.5104	0.6414	0.4624	0.5846	0.6831	0.7121	0.2764	0.2175	0.6980	0.7336
