0.4310	0.1025	0.3775	0.1550	0.3791	0.1475	0.2150	0.1150	0.3300	0.2159	0.2300	0.0000	0.1720	0.2165	0.0000	0.0975	0.0625
0.4310	0.7200	0.3150	0.2100	0.2501	0.1825	0.0025	0.2000	0.3375	0.2114	0.3175	0.0050	0.1300	0.1443	0.0400	0.1825	0.0250
0.4483	0.6975	0.7000	0.2500	0.4556	0.0600	0.1850	0.1950	0.1300	0.2205	0.2825	0.0000	0.2580	0.0309	0.0800	0.0925	0.1000
0.4828	0.7050	0.6825	0.6825	0.4138	0.2625	0.1900	0.3025	0.3075	0.2432	0.2800	0.0350	0.2360	0.0928	0.0300	0.2150	0.0300
0.4828	0.6425	0.6100	0.6625	0.7074	0.3025	0.2275	0.2550	0.2450	0.1114	0.3250	0.2675	0.3240	0.2062	0.0900	0.0150	0.0925
0.5000	0.6350	0.6375	0.5675	0.6874	0.7225	0.2350	0.2875	0.0825	0.1318	0.2875	0.2850	0.3480	0.1753	0.1800	0.3175	0.0075
0.5000	0.6425	0.6350	0.5850	0.6898	0.7125	0.6925	0.1325	0.1975	0.1455	0.3000	0.2300	0.3500	0.2268	0.1600	0.2175	0.0275
0.4828	0.6650	0.6400	0.6225	0.6802	0.7175	0.7050	0.6925	0.2300	0.1159	0.1700	0.2225	0.2520	0.2062	0.0700	0.2250	0.0450
0.4310	0.6500	0.6550	0.6175	0.6612	0.7100	0.6800	0.6500	0.6625	0.1614	0.0350	0.1950	0.1980	0.2268	0.1200	0.1375	0.2325
0.5000	0.6250	0.5225	0.5775	0.6718	0.6600	0.6050	0.5975	0.5700	0.5795	0.2825	0.0650	0.1540	0.2268	0.1800	0.2475	0.0325
0.4310	0.6200	0.4825	0.5675	0.6438	0.6600	0.5650	0.5375	0.5250	0.5227	0.5950	0.3025	0.1840	0.0619	0.1700	0.2275	0.0150
0.4483	0.6600	0.5800	0.6025	0.6607	0.6650	0.5675	0.5600	0.5750	0.5432	0.5950	0.6975	0.1060	0.1031	0.0800	0.1350	0.0775
0.4483	0.7200	0.7775	0.6850	0.6398	0.7150	0.6675	0.5200	0.5875	0.5205	0.6025	0.7200	0.7100	0.1959	0.0900	0.2450	0.0400
0.4483	0.6975	0.6600	0.6500	0.6077	0.7400	0.6700	0.4425	0.5875	0.5023	0.5750	0.7075	0.7360	0.7010	0.0700	0.0700	0.0075
0.4310	0.7375	0.7075	0.6250	0.6439	0.7300	0.6200	0.4575	0.5700	0.5091	0.5950	0.7075	0.7440	0.7010	0.4100	0.0400	0.0150
0.4310	0.6875	0.7050	0.5875	0.6394	0.7100	0.5900	0.5575	0.5775	0.5205	0.6500	0.6950	0.7160	0.6907	0.4300	0.7000	0.0400
0.4483	0.7100	0.7400	0.6400	0.6564	0.7500	0.5875	0.5200	0.6575	0.4705	0.5875	0.6825	0.7520	0.7010	0.4300	0.7000	0.7450
