0.7760	0.0040	0.0557	0.1074	0.0000	0.0097	0.0606	0.0385	0.0971	0.0000	0.0694	0.0000	0.0447	0.0423	0.0000	0.0000	0.2101
0.1462	0.7162	0.1053	0.0182	0.1290	0.1460	0.0238	0.0424	0.2030	0.0000	0.1964	0.0000	0.1322	0.0000	0.0400	0.0920	0.0150
0.0019	0.5644	0.7420	0.0942	0.0093	0.1641	0.0714	0.0509	0.0349	0.0970	0.0408	0.1826	0.0935	0.0000	0.1112	0.0479	0.0000
0.0190	0.3333	0.4392	0.7405	0.0479	0.1634	0.0000	0.1011	0.1265	0.0016	0.0364	0.1238	0.0000	0.0000	0.1047	0.0370	0.0000
0.1014	0.3394	0.3561	0.1538	0.6522	0.0780	0.0000	0.0668	0.0390	0.0573	0.0489	0.1482	0.0556	0.0580	0.0000	0.0424	0.0000
0.0497	0.2194	0.3060	0.2560	0.3630	0.7454	0.0000	0.0692	0.0814	0.1090	0.0680	0.1890	0.1157	0.0000	0.0040	0.0160	0.0000
0.1932	0.2178	0.1039	0.1827	0.0985	0.1290	0.0732	0.0000	0.0982	0.0000	0.0000	0.1844	0.0000	0.0000	0.0000	0.0000	0.0000
0.0998	0.3333	0.1290	0.1844	0.1827	0.1844	0.0732	0.0800	0.1844	0.0000	0.1290	0.0000	0.0000	0.0000	0.0000	0.1290	0.0000
0.0998	0.3333	0.1290	0.1844	0.1844	0.1290	0.0732	0.0741	0.1827	0.0000	0.1290	0.1844	0.0000	0.0000	0.0000	0.0000	0.0000
0.0998	0.3333	0.1290	0.1827	0.1844	0.1290	0.0732	0.0747	0.1844	0.1844	0.1290	0.1844	0.0000	0.0000	0.0000	0.1290	0.0000
0.0998	0.3333	0.1290	0.1827	0.1844	0.1290	0.0732	0.0747	0.1290	0.1827	0.1844	0.0000	0.0000	0.0000	0.0000	0.0000	0.1844
0.0998	0.3333	0.1290	0.1844	0.1844	0.1844	0.0732	0.0508	0.1844	0.1827	0.1844	0.1827	0.0000	0.0000	0.0000	0.0000	0.1844
0.0998	0.3333	0.1844	0.1827	0.1827	0.1844	0.0732	0.0747	0.1844	0.1827	0.1844	0.1290	0.1692	0.0000	0.1232	0.1844	0.1844
0.0998	0.3333	0.1844	0.1844	0.1827	0.1844	0.0732	0.0747	0.1844	0.1827	0.1844	0.1290	0.2037	0.1844	0.1232	0.0000	0.1844
0.0998	0.3333	0.1844	0.1827	0.1290	0.1290	0.0732	0.0747	0.1844	0.1827	0.1844	0.1290	0.1692	0.1827	0.2747	0.0000	0.1844
0.0998	0.3333	0.1844	0.1844	0.1290	0.1844	0.0732	0.0747	0.1844	0.1827	0.1844	0.1290	0.1692	0.1827	0.2747	0.1844	0.0000
0.0998	0.3333	0.1290	0.1844	0.1844	0.1290	0.0686	0.0515	0.1844	0.1827	0.1844	0.1844	0.1692	0.1290	0.2747	0.1290	0.1844
