0.4310	0.0000	0.0300	0.2200	0.0000	0.0000	0.0025	0.0025	0.1000	0.0795	0.0000	0.0800	0.0280	0.0515	0.1500	0.3225	0.0000
0.3966	0.7175	0.0025	0.1850	0.0000	0.0100	0.0000	0.0000	0.0900	0.0068	0.0000	0.0600	0.0720	0.3505	0.2900	0.3550	0.0000
0.3793	0.7050	0.7100	0.0025	0.0042	0.0025	0.0025	0.0200	0.3300	0.0068	0.0000	0.0300	0.3440	0.1649	0.4000	0.1475	0.0000
0.3448	0.7050	0.6975	0.6800	0.2685	0.0025	0.0825	0.0400	0.3500	0.0409	0.0000	0.0300	0.4040	0.2165	0.2400	0.0000	0.0000
0.3621	0.7100	0.7000	0.6925	0.7010	0.0025	0.0450	0.0600	0.2450	0.0295	0.0000	0.0600	0.3720	0.1031	0.1700	0.1075	0.0000
0.3448	0.6775	0.6975	0.6475	0.6929	0.6950	0.0075	0.0375	0.1475	0.0364	0.0000	0.0850	0.3860	0.0722	0.2800	0.0200	0.0000
0.3621	0.7050	0.6900	0.6800	0.6930	0.6875	0.7000	0.0375	0.2525	0.0636	0.0000	0.0325	0.2060	0.1031	0.3300	0.0025	0.0150
0.4483	0.6650	0.6800	0.6525	0.6914	0.6775	0.6900	0.7400	0.2850	0.0977	0.0000	0.1675	0.2420	0.0928	0.1300	0.0625	0.2400
0.4483	0.6675	0.6800	0.6475	0.6943	0.6700	0.6900	0.7150	0.6450	0.0932	0.0000	0.1275	0.1800	0.2577	0.3700	0.1225	0.0875
0.4310	0.6550	0.6550	0.6275	0.6881	0.6650	0.6625	0.7050	0.6225	0.5364	0.0000	0.2450	0.1060	0.2062	0.3500	0.1175	0.3075
0.3793	0.6475	0.6850	0.6225	0.6776	0.6775	0.6400	0.6600	0.6075	0.5273	0.6350	0.3200	0.2960	0.0619	0.4400	0.1125	0.3400
0.3621	0.6425	0.6450	0.6250	0.6478	0.6600	0.6450	0.6325	0.5900	0.5295	0.6175	0.6475	0.0980	0.1340	0.4400	0.2550	0.3700
0.3621	0.6650	0.7200	0.6775	0.6737	0.6650	0.6975	0.6925	0.6525	0.5318	0.6725	0.6750	0.6500	0.0928	0.4100	0.3450	0.3650
0.3621	0.6750	0.7125	0.6625	0.6370	0.6550	0.7025	0.7175	0.6350	0.5477	0.6500	0.6650	0.6860	0.7010	0.4400	0.2425	0.3750
0.3621	0.6350	0.7075	0.6625	0.6045	0.6475	0.6825	0.7000	0.6175	0.5432	0.6475	0.6425	0.6900	0.7010	0.4700	0.3425	0.3750
0.3621	0.6325	0.6575	0.6300	0.5724	0.6525	0.6650	0.7025	0.6550	0.5114	0.6550	0.6475	0.7000	0.7010	0.4500	0.6850	0.3750
0.3621	0.6375	0.6250	0.5675	0.5781	0.6625	0.6500	0.6850	0.6250	0.4795	0.6575	0.6700	0.6500	0.7010	0.4400	0.6625	0.6550
