0.2441	0.0000	0.0226	0.0986	0.0000	0.0000	0.0019	0.0026	0.0535	0.0380	0.0000	0.0717	0.0254	0.0433	0.0516	0.1920	0.0000
0.1774	0.7033	0.0034	0.0693	0.0000	0.0120	0.0000	0.0000	0.0550	0.0077	0.0000	0.0527	0.0477	0.1704	0.0967	0.1455	0.0000
0.1632	0.6917	0.6960	0.0031	0.0033	0.0028	0.0029	0.0148	0.0962	0.0091	0.0000	0.0369	0.1424	0.0945	0.0988	0.1189	0.0000
0.1026	0.6935	0.6856	0.6658	0.1265	0.0032	0.0624	0.0306	0.1190	0.0319	0.0000	0.0480	0.1528	0.1210	0.0970	0.0000	0.0000
0.1317	0.6981	0.6875	0.6778	0.7010	0.0026	0.0418	0.0425	0.1327	0.0254	0.0000	0.0723	0.1150	0.0938	0.0691	0.0973	0.0000
0.1039	0.6615	0.6856	0.6284	0.6920	0.6831	0.0084	0.0321	0.0937	0.0315	0.0000	0.0890	0.1438	0.0359	0.1077	0.0267	0.0000
0.1316	0.6925	0.6815	0.6715	0.6930	0.6790	0.6895	0.0299	0.1256	0.0444	0.0000	0.0448	0.1147	0.0927	0.1109	0.0033	0.0095
0.2267	0.6433	0.6703	0.6393	0.6906	0.6709	0.6789	0.7313	0.1313	0.0465	0.0000	0.0734	0.1235	0.0650	0.0658	0.0694	0.1019
0.2220	0.6497	0.6644	0.6298	0.6943	0.6616	0.6771	0.6980	0.6297	0.0562	0.0000	0.1089	0.0870	0.1436	0.1156	0.0941	0.0411
0.2069	0.6255	0.6375	0.6060	0.6862	0.6546	0.6433	0.6898	0.6090	0.5598	0.0000	0.1199	0.0839	0.1037	0.1111	0.0793	0.1030
0.1629	0.6189	0.6728	0.5986	0.6713	0.6676	0.6157	0.6347	0.5881	0.5396	0.6250	0.1930	0.1296	0.0326	0.2037	0.1009	0.1369
0.1347	0.6119	0.6235	0.6001	0.6261	0.6490	0.6270	0.5978	0.5652	0.5576	0.5996	0.6413	0.0788	0.0645	0.2037	0.1152	0.1105
0.1352	0.6417	0.7101	0.6629	0.6656	0.6658	0.6847	0.6755	0.6446	0.5538	0.6684	0.6740	0.5855	0.0507	0.1496	0.1369	0.1077
0.1352	0.6539	0.7036	0.6448	0.6087	0.6558	0.6897	0.7047	0.6274	0.5551	0.6477	0.6629	0.5941	0.2747	0.2037	0.1336	0.1818
0.1352	0.5952	0.6956	0.6472	0.5522	0.6489	0.6690	0.6796	0.5971	0.5522	0.6439	0.6352	0.5620	0.2747	0.3749	0.1114	0.1818
0.1347	0.5934	0.6354	0.6078	0.4885	0.6520	0.6466	0.6875	0.6489	0.5356	0.6383	0.6415	0.5986	0.2747	0.3361	0.6774	0.1818
0.1338	0.6038	0.5852	0.5278	0.5020	0.6607	0.6325	0.6571	0.5975	0.4983	0.6446	0.6643	0.5407	0.2747	0.3467	0.6526	0.6304
