0.7480	0.0000	0.0000	0.0000	0.0000	0.0000	0.0000	0.0000	0.0000	0.0000	0.0000	0.0000	0.0000	0.0000	0.0000	0.0000	0.0000
0.7960	0.7105	0.0000	0.0000	0.0000	0.0000	0.0000	0.0000	0.0000	0.0000	0.0000	0.0000	0.0000	0.0000	0.0000	0.0000	0.0000
0.8160	0.7084	0.7300	0.0000	0.0000	0.0000	0.0000	0.0000	0.0000	0.0000	0.0000	0.0000	0.0000	0.0000	0.0000	0.0000	0.0000
0.8060	0.7122	0.7600	0.8150	0.0000	0.0000	0.0000	0.0000	0.0000	0.0000	0.0000	0.0000	0.0000	0.0000	0.0000	0.0000	0.0000
0.7440	0.7149	0.7575	0.8050	0.5800	0.0000	0.0000	0.0000	0.0000	0.0000	0.0000	0.0000	0.0000	0.0000	0.0000	0.0000	0.0000
0.7580	0.7117	0.7500	0.8400	0.5525	0.8900	0.0000	0.0000	0.0000	0.0000	0.0000	0.0000	0.0000	0.0000	0.0000	0.0000	0.0000
0.7740	0.6814	0.6200	0.7400	0.4850	0.8375	0.2759	0.0000	0.0000	0.0000	0.0000	0.0000	0.0000	0.0000	0.0000	0.0000	0.0000
0.8140	0.7174	0.7300	0.8250	0.6900	0.9000	0.4138	0.6000	0.0000	0.0000	0.0000	0.0000	0.0000	0.0000	0.0000	0.0000	0.0000
0.7840	0.7202	0.6825	0.7400	0.6325	0.8975	0.4310	0.5705	0.7475	0.0000	0.0000	0.0000	0.0000	0.0000	0.0000	0.0000	0.0000
0.7800	0.7155	0.6750	0.7800	0.6225	0.8925	0.4138	0.5386	0.6600	0.7850	0.0000	0.0000	0.0000	0.0000	0.0000	0.0000	0.0000
0.7420	0.7146	0.6825	0.7900	0.6800	0.9000	0.4138	0.5205	0.7300	0.7900	0.6650	0.0000	0.0000	0.0000	0.0000	0.0000	0.0000
0.7920	0.7165	0.6400	0.6275	0.5600	0.8675	0.4310	0.5341	0.6975	0.7700	0.7475	0.6625	0.0000	0.0000	0.0000	0.0000	0.0000
0.7800	0.7149	0.6625	0.6875	0.6075	0.8650	0.4138	0.5568	0.6975	0.7550	0.7100	0.7125	0.3400	0.0000	0.0000	0.0000	0.0000
0.8060	0.7198	0.7375	0.7625	0.5325	0.9050	0.4483	0.5705	0.7350	0.7900	0.7425	0.7275	0.3400	0.6800	0.0000	0.0000	0.0000
0.7700	0.7161	0.6500	0.7000	0.5500	0.9000	0.4655	0.5841	0.7275	0.7775	0.7375	0.7275	0.3400	0.6225	0.7010	0.0000	0.0000
0.7380	0.7186	0.6925	0.7475	0.4725	0.8775	0.3448	0.5636	0.7225	0.7725	0.7225	0.7200	0.3400	0.6700	0.7010	0.7425	0.0000
0.8220	0.7054	0.7100	0.7550	0.6475	0.9200	0.3966	0.5955	0.7500	0.8300	0.7675	0.7450	0.3500	0.6350	0.7010	0.8500	0.6950
