0.7123	0.0000	0.0000	0.0000	0.0000	0.0000	0.0000	0.0000	0.0000	0.0000	0.0000	0.0000	0.0000	0.0000	0.0000	0.0000	0.0000
0.7470	0.7091	0.0000	0.0000	0.0000	0.0000	0.0000	0.0000	0.0000	0.0000	0.0000	0.0000	0.0000	0.0000	0.0000	0.0000	0.0000
0.7934	0.7083	0.7294	0.0000	0.0000	0.0000	0.0000	0.0000	0.0000	0.0000	0.0000	0.0000	0.0000	0.0000	0.0000	0.0000	0.0000
0.7339	0.7106	0.7387	0.7892	0.0000	0.0000	0.0000	0.0000	0.0000	0.0000	0.0000	0.0000	0.0000	0.0000	0.0000	0.0000	0.0000
0.7122	0.7148	0.7536	0.7966	0.5560	0.0000	0.0000	0.0000	0.0000	0.0000	0.0000	0.0000	0.0000	0.0000	0.0000	0.0000	0.0000
0.7096	0.7099	0.7442	0.8309	0.5263	0.8846	0.0000	0.0000	0.0000	0.0000	0.0000	0.0000	0.0000	0.0000	0.0000	0.0000	0.0000
0.7433	0.6714	0.5454	0.7006	0.4673	0.8315	0.1607	0.0000	0.0000	0.0000	0.0000	0.0000	0.0000	0.0000	0.0000	0.0000	0.0000
0.7735	0.7161	0.7219	0.8172	0.6940	0.8945	0.2119	0.6131	0.0000	0.0000	0.0000	0.0000	0.0000	0.0000	0.0000	0.0000	0.0000
0.6943	0.7195	0.6510	0.6704	0.6203	0.8869	0.2659	0.5927	0.7027	0.0000	0.0000	0.0000	0.0000	0.0000	0.0000	0.0000	0.0000
0.7298	0.7145	0.6618	0.7742	0.6158	0.8859	0.2281	0.5515	0.6440	0.7832	0.0000	0.0000	0.0000	0.0000	0.0000	0.0000	0.0000
0.7044	0.7144	0.6789	0.7845	0.6780	0.8970	0.2468	0.5194	0.7169	0.7890	0.6552	0.0000	0.0000	0.0000	0.0000	0.0000	0.0000
0.7232	0.4770	0.4636	0.5942	0.5278	0.8629	0.2112	0.5365	0.6774	0.7673	0.7384	0.6460	0.0000	0.0000	0.0000	0.0000	0.0000
0.7135	0.4753	0.6347	0.6703	0.6000	0.8596	0.1989	0.5747	0.6614	0.7406	0.6723	0.6816	0.1692	0.0000	0.0000	0.0000	0.0000
0.7245	0.2876	0.7207	0.7381	0.4954	0.8950	0.2488	0.5919	0.7017	0.7728	0.7081	0.6884	0.1692	0.6608	0.0000	0.0000	0.0000
0.6677	0.4750	0.6165	0.6599	0.5123	0.8829	0.2336	0.6014	0.6826	0.7568	0.6954	0.6768	0.1692	0.5884	0.2747	0.0000	0.0000
0.6000	0.2394	0.6433	0.5199	0.3980	0.8606	0.1842	0.5761	0.6510	0.7320	0.6693	0.6535	0.1704	0.6299	0.2747	0.7125	0.0000
0.7882	0.7016	0.6929	0.7399	0.6398	0.9137	0.1921	0.6109	0.7385	0.8274	0.7547	0.7341	0.2303	0.6010	0.2747	0.8426	0.6767
