0.7049	0.0001	0.0026	0.0000	0.1844	0.0144	0.0505	0.0281	0.1011	0.0200	0.1066	0.0000	0.0000	0.0880	0.0000	0.0021	0.0026
0.3226	0.7170	0.0000	0.0000	0.1386	0.0959	0.0537	0.0000	0.0000	0.0000	0.0000	0.0803	0.0000	0.2369	0.0582	0.0000	0.0025
0.3722	0.4622	0.6692	0.0000	0.1844	0.0120	0.1098	0.0000	0.0385	0.0000	0.1568	0.1032	0.0000	0.0742	0.0000	0.0021	0.0025
0.3195	0.4034	0.6131	0.5952	0.0680	0.0138	0.0819	0.0127	0.1128	0.0000	0.0573	0.0150	0.0392	0.0114	0.0111	0.0000	0.0050
0.3597	0.4680	0.2564	0.2059	0.6446	0.0677	0.1068	0.0424	0.1274	0.0000	0.0795	0.0116	0.0000	0.0417	0.0500	0.0000	0.0025
0.4974	0.6926	0.4501	0.2850	0.6471	0.7317	0.0222	0.0702	0.0471	0.0379	0.0000	0.0521	0.0000	0.1397	0.0645	0.0000	0.0000
0.3872	0.6587	0.5596	0.3474	0.4762	0.6781	0.1876	0.0181	0.0051	0.0000	0.0000	0.0798	0.0000	0.1915	0.0123	0.0000	0.0000
0.5554	0.6577	0.5325	0.3672	0.3671	0.4634	0.1487	0.3982	0.0000	0.0690	0.0000	0.0935	0.0000	0.0937	0.0295	0.0000	0.0000
0.5630	0.6792	0.4912	0.3788	0.4564	0.4627	0.2000	0.2822	0.6431	0.0656	0.0000	0.0856	0.0000	0.0656	0.0289	0.0000	0.0000
0.4806	0.6984	0.4927	0.4643	0.3971	0.4287	0.2019	0.3455	0.6283	0.6367	0.0000	0.0615	0.0000	0.0594	0.0230	0.0000	0.0000
0.4799	0.6671	0.4909	0.4382	0.5490	0.4372	0.1172	0.2364	0.5539	0.5929	0.6129	0.0782	0.0000	0.0638	0.0275	0.0000	0.0000
0.4574	0.7074	0.4591	0.3360	0.4950	0.5063	0.1857	0.2488	0.6193	0.6230	0.6402	0.6778	0.0000	0.0783	0.0352	0.0000	0.0000
0.3926	0.6734	0.3828	0.3163	0.4215	0.6957	0.1039	0.2530	0.4868	0.3516	0.3352	0.4022	0.3031	0.1051	0.0267	0.0000	0.0000
0.3997	0.6726	0.4598	0.2849	0.4749	0.7144	0.1039	0.2502	0.4411	0.2622	0.3315	0.3419	0.2854	0.6119	0.0357	0.0000	0.0000
0.4152	0.5921	0.5498	0.3150	0.4288	0.6795	0.1263	0.2518	0.4299	0.1933	0.4326	0.3676	0.2528	0.5453	0.2747	0.0000	0.0000
0.2902	0.4983	0.4587	0.3049	0.2844	0.6760	0.1026	0.1954	0.2893	0.1293	0.2648	0.1761	0.2501	0.5495	0.2747	0.6122	0.0000
0.4784	0.6887	0.5499	0.5420	0.5414	0.5555	0.1039	0.1216	0.5642	0.5540	0.6141	0.6476	0.2037	0.6004	0.4028	0.2278	0.4165
