0.1857	0.0972	0.1290	0.1827	0.0000	0.0000	0.1290	0.0000	0.0025	0.0000	0.0000	0.0000	0.0000	0.0000	0.0000	0.1827	0.1290
-0.0361	0.5476	-0.1149	-0.1372	0.0000	0.0083	-0.1122	0.0000	0.0521	0.0541	0.1447	0.0000	0.0787	0.0000	0.0515	0.0299	-0.1039
-0.0226	-0.3831	0.5532	0.0099	0.0000	-0.0083	0.0906	0.0000	-0.0546	-0.0541	-0.1447	0.0000	-0.0787	0.0000	-0.0515	-0.0299	0.1039
0.0000	0.0177	0.0585	0.5657	0.0000	0.0022	-0.0663	0.0000	0.0000	0.0000	0.0000	0.0370	0.0000	0.0000	0.0000	0.0000	-0.0877
0.0322	0.2196	-0.0431	-0.1615	0.6832	-0.0022	-0.0290	0.0393	0.0000	0.0501	0.1111	-0.0220	0.0200	0.0876	0.0764	-0.0452	0.2662
0.0174	-0.0369	-0.2000	0.0815	-0.0609	0.6855	-0.0121	-0.0008	0.0523	0.0066	0.2639	0.0560	0.0819	-0.0665	-0.0273	0.1085	-0.1908
-0.0079	0.0990	0.1641	0.0378	0.0610	-0.1069	0.6697	0.0204	-0.0439	0.0415	-0.0355	-0.0710	0.0600	-0.0211	-0.0491	0.0412	-0.0625
0.0000	-0.1783	-0.1030	0.0078	-0.2412	-0.2929	-0.0931	0.6015	-0.0054	-0.0172	-0.1119	0.0000	0.1379	0.0000	0.0000	-0.1473	-0.0168
0.0000	0.0215	0.0134	0.0009	0.0453	0.0110	0.0021	-0.0161	0.6169	0.0054	0.0057	0.0000	-0.1045	0.0000	0.0000	-0.0272	-0.0050
0.0000	0.1576	0.0789	-0.0204	0.1303	0.0671	-0.0088	-0.1046	0.0016	0.2742	-0.0117	0.0000	-0.0913	0.0000	0.0000	0.0359	0.0040
0.0005	0.0410	0.0505	-0.0555	0.0638	0.2446	0.0721	0.1092	-0.0569	-0.0591	0.4226	0.0800	-0.0224	0.0000	0.0490	0.1196	0.0437
-0.0071	-0.0995	0.0069	-0.0449	-0.2555	-0.0076	-0.1478	-0.0010	-0.0868	-0.1034	-0.1908	0.5058	-0.0778	0.0000	-0.0490	-0.2105	0.0503
-0.0125	0.0727	-0.0201	0.0536	0.2102	-0.0669	0.1721	-0.0459	0.1212	0.1629	0.2201	-0.0512	0.5540	0.0000	0.0267	0.1854	-0.1085
0.0188	-0.1458	-0.0200	-0.0776	0.0300	0.0601	-0.2703	-0.0088	-0.3022	-0.2710	-0.2579	-0.1611	-0.2379	0.4263	0.0913	-0.0604	0.1165
0.0089	0.0135	-0.0577	-0.0776	-0.0002	-0.1498	-0.1024	-0.2389	-0.0840	-0.0351	-0.0906	-0.1188	-0.1170	-0.0170	0.1879	0.0000	0.0460
-0.0004	-0.0478	-0.0176	-0.0285	-0.0139	-0.0794	-0.0151	-0.0635	-0.0180	-0.0038	-0.0488	-0.0162	-0.0070	-0.0528	-0.0010	0.4262	0.0000
0.0007	0.0243	-0.0025	0.0005	-0.0353	0.0034	0.0426	-0.0030	0.0016	0.0119	0.0408	-0.0058	0.0000	-0.0113	-0.0295	-0.0399	0.4559
