1.3612	0.0000	0.0000	0.0000	0.0000	0.0000	0.0000	0.0000	0.0000	0.0000	0.0000	0.0000	0.0000	0.0000	0.0000	0.0000	0.0000
1.7920	1.0924	0.0000	0.0000	0.0000	0.0000	0.0000	0.0000	0.0000	0.0000	0.0000	0.0000	0.0000	0.0000	0.0000	0.0000	0.0000
1.8622	1.1883	1.0037	0.0000	0.0000	0.0000	0.0000	0.0000	0.0000	0.0000	0.0000	0.0000	0.0000	0.0000	0.0000	0.0000	0.0000
1.8227	1.2230	0.9832	0.7190	0.0000	0.0000	0.0000	0.0000	0.0000	0.0000	0.0000	0.0000	0.0000	0.0000	0.0000	0.0000	0.0000
1.7978	1.1664	1.0111	0.6970	0.5790	0.0000	0.0000	0.0000	0.0000	0.0000	0.0000	0.0000	0.0000	0.0000	0.0000	0.0000	0.0000
6.0586	7.2076	2.9862	6.8160	36.5141	80.9910	0.0000	0.0000	0.0000	0.0000	0.0000	0.0000	0.0000	0.0000	0.0000	0.0000	0.0000
6.0553	7.1544	3.0068	6.7987	36.5277	79.0254	0.9930	0.0000	0.0000	0.0000	0.0000	0.0000	0.0000	0.0000	0.0000	0.0000	0.0000
5.9329	7.1524	3.0685	6.6579	36.5638	79.1931	0.9893	1.1261	0.0000	0.0000	0.0000	0.0000	0.0000	0.0000	0.0000	0.0000	0.0000
5.4329	8.6290	2.8798	6.4491	37.2350	86.1150	0.9748	1.1335	2.2811	0.0000	0.0000	0.0000	0.0000	0.0000	0.0000	0.0000	0.0000
5.0838	13.8760	3.5773	6.3454	38.3711	109.4589	0.9640	1.1456	2.7277	3.2031	0.0000	0.0000	0.0000	0.0000	0.0000	0.0000	0.0000
5.0747	13.7500	3.5660	6.0765	38.2987	108.9314	0.9597	1.1544	2.7099	3.2056	1.6956	0.0000	0.0000	0.0000	0.0000	0.0000	0.0000
4.9147	13.5969	3.5540	5.8244	38.2488	108.8017	0.9567	1.1432	2.6999	3.2098	1.6912	1.2632	0.0000	0.0000	0.0000	0.0000	0.0000
4.8966	16.5867	4.1677	5.7258	38.9041	122.3850	0.9573	1.1493	2.9466	3.7624	1.6845	1.3545	2.5397	0.0000	0.0000	0.0000	0.0000
4.2357	16.8633	4.2254	5.2765	38.8848	123.8569	0.9681	1.2246	3.0269	3.7641	1.7143	1.3548	2.5370	2.4321	0.0000	0.0000	0.0000
4.1969	16.9065	4.2593	5.2056	38.8618	124.1416	0.9761	1.2375	3.0537	3.7636	1.7174	1.3554	2.5525	2.3584	1.2418	0.0000	0.0000
4.1166	16.7348	4.3164	4.9341	38.8976	123.7177	0.9719	1.2694	2.9858	3.7919	1.7235	1.3531	2.5451	2.2292	1.2305	1.6213	0.0000
4.0320	16.4490	4.3920	4.6898	38.9453	123.4895	0.9439	1.2673	2.9359	3.8208	1.7193	1.3547	2.5444	2.2054	1.2266	1.5997	1.1469
