0.3540	0.0483	0.0999	0.0029	0.0568	0.0259	0.1141	0.0415	0.0085	0.0494	0.0494	0.0350	0.0147	0.0544	0.0656	0.0568	0.1290
0.3946	0.7976	0.0937	0.0045	0.0724	0.0638	0.0419	0.0620	0.0016	0.0532	0.0873	0.0995	0.0177	0.0894	0.0787	0.0491	0.0656
0.4384	0.8127	0.8937	0.0168	0.0302	0.0503	0.0139	0.0372	0.0137	0.0545	0.0442	0.0730	0.0565	0.0720	0.0774	0.0538	0.0587
0.4394	0.7911	0.8689	0.8091	0.0709	0.0290	0.0688	0.0339	0.0049	0.0709	0.1185	0.0512	0.0239	0.0333	0.1080	0.0623	0.0560
0.3928	0.6374	0.8389	0.6928	0.7020	0.0581	0.0288	0.0242	0.0157	0.0792	0.0680	0.0311	0.0601	0.0253	0.0348	0.0591	0.1024
0.3602	0.5424	0.8167	0.6582	0.6926	0.7929	0.0534	0.0184	0.0154	0.0911	0.0418	0.0485	0.0507	0.0543	0.0545	0.0384	0.1209
0.4067	0.6534	0.8539	0.7660	0.6574	0.8152	0.7556	0.0252	0.0280	0.0807	0.0446	0.0098	0.0708	0.0440	0.0722	0.0600	0.0627
0.2430	0.6713	0.8564	0.7518	0.6842	0.7980	0.7510	0.6950	0.0387	0.0880	0.0821	0.0140	0.0550	0.0994	0.0885	0.0956	0.0966
0.2771	0.5712	0.8432	0.6568	0.6958	0.8009	0.7322	0.7052	0.7212	0.0861	0.1131	0.0068	0.0123	0.1536	0.1016	0.0902	0.0689
0.3819	0.7722	0.8632	0.6901	0.6829	0.7857	0.7304	0.6269	0.7183	0.7039	0.0659	0.0257	0.0428	0.0000	0.0394	0.0554	0.0881
0.4126	0.7329	0.8530	0.6482	0.6930	0.7647	0.6656	0.6881	0.7262	0.7071	0.7544	0.0554	0.0415	0.0278	0.1060	0.0340	0.0550
0.4037	0.6656	0.8646	0.6569	0.6842	0.7320	0.7075	0.7333	0.7089	0.6639	0.7530	0.7214	0.0422	0.0070	0.1082	0.0267	0.0676
0.4342	0.7758	0.9072	0.5657	0.6893	0.7716	0.7123	0.7127	0.7304	0.6715	0.7641	0.7307	0.8799	0.0135	0.1280	0.0766	0.0390
0.2839	0.7662	0.9004	0.7169	0.6517	0.6486	0.6830	0.7229	0.7153	0.6819	0.7176	0.6968	0.8885	0.5111	0.0819	0.0722	0.0474
0.3579	0.7593	0.9010	0.6738	0.5988	0.5676	0.6365	0.7026	0.7207	0.6607	0.6961	0.7103	0.8849	0.5089	0.3405	0.0782	0.0399
0.3111	0.7612	0.9063	0.5117	0.6356	0.6161	0.7385	0.7251	0.7094	0.6524	0.6270	0.6236	0.8826	0.6381	0.3377	0.7002	0.0385
0.3556	0.7500	0.9059	0.7218	0.6626	0.6410	0.7413	0.7168	0.7007	0.6478	0.6259	0.6718	0.8821	0.6523	0.3576	0.6645	0.7514
