0.4828	0.0825	0.1950	0.0025	0.1042	0.0175	0.3775	0.0825	0.0100	0.1545	0.1325	0.0800	0.0200	0.1649	0.1200	0.0625	0.2400
0.4828	0.8050	0.1850	0.0050	0.1859	0.0875	0.1150	0.1250	0.0025	0.2182	0.2075	0.1850	0.0160	0.4227	0.2100	0.0575	0.1650
0.5172	0.8175	0.9000	0.0175	0.0510	0.1075	0.0250	0.0675	0.0250	0.2136	0.0625	0.2100	0.0720	0.1959	0.2800	0.0950	0.1025
0.5345	0.7950	0.8750	0.8150	0.2075	0.0750	0.2475	0.0375	0.0075	0.2227	0.2750	0.1100	0.0260	0.0412	0.2400	0.0925	0.1450
0.4310	0.6525	0.8450	0.7100	0.7027	0.1125	0.0500	0.0350	0.0250	0.2023	0.1300	0.0550	0.0960	0.0722	0.0600	0.1675	0.2225
0.4655	0.5650	0.8225	0.6700	0.6938	0.8000	0.1450	0.0275	0.0275	0.2000	0.1200	0.0875	0.0800	0.1546	0.1200	0.0725	0.3175
0.4310	0.6700	0.8600	0.7750	0.6690	0.8275	0.7700	0.0425	0.0575	0.1977	0.0875	0.0125	0.1040	0.1443	0.1500	0.1150	0.1000
0.3448	0.6900	0.8625	0.7625	0.6871	0.8125	0.7650	0.7325	0.0775	0.2318	0.2050	0.0175	0.0680	0.1959	0.2200	0.2250	0.1550
0.3966	0.6225	0.8500	0.6825	0.6960	0.8100	0.7450	0.7225	0.7325	0.2159	0.2500	0.0075	0.0260	0.5155	0.2700	0.2150	0.1000
0.4483	0.7800	0.8700	0.7075	0.6865	0.8000	0.7375	0.6475	0.7275	0.7000	0.1550	0.0450	0.0760	0.0000	0.0800	0.1050	0.1875
0.5172	0.7425	0.8600	0.6725	0.6938	0.7775	0.6825	0.7025	0.7375	0.7045	0.7625	0.1000	0.0740	0.0103	0.2200	0.0675	0.1725
0.5000	0.6900	0.8725	0.6800	0.6881	0.7475	0.7200	0.7400	0.7225	0.6636	0.7625	0.7300	0.0800	0.0206	0.2900	0.0575	0.1525
0.5345	0.7850	0.9150	0.7650	0.6903	0.7875	0.7200	0.7175	0.7475	0.6682	0.7750	0.7400	0.9080	0.0206	0.3000	0.1600	0.0800
0.3966	0.7750	0.9075	0.7325	0.6642	0.6725	0.6975	0.7275	0.7275	0.6773	0.7300	0.7025	0.9080	0.7010	0.2800	0.1900	0.1125
0.4828	0.7700	0.9100	0.6950	0.6313	0.6075	0.6600	0.7125	0.7350	0.6568	0.7075	0.7200	0.9060	0.7216	0.3600	0.2075	0.1325
0.4310	0.7700	0.9125	0.7000	0.6543	0.6475	0.7450	0.7325	0.7200	0.6500	0.6575	0.6400	0.9000	0.7423	0.3500	0.7025	0.0650
0.4483	0.7600	0.9125	0.7375	0.6721	0.6700	0.7450	0.7275	0.7125	0.6455	0.6600	0.6800	0.9000	0.7629	0.4100	0.6650	0.7575
