1.2237	2.1478	2.0421	2.5251	2.0595	2.3031	1.8490	2.1116	2.2643	2.2995	2.2600	2.3630	2.3186	2.0819	2.1432	2.0640	2.1081
1.2668	0.5036	2.0990	2.5646	1.9459	2.2136	2.1051	2.0567	2.3402	2.2257	2.0172	2.1479	2.2715	1.9206	2.2030	2.1232	1.9986
1.3563	0.4796	0.2985	2.6202	1.9361	2.2681	2.1815	2.0849	2.3587	2.2229	2.0864	2.1109	2.2529	1.9911	2.0832	2.1879	1.9560
1.3000	0.5225	0.3530	0.5012	1.8992	2.1913	2.0910	2.1429	2.4523	2.1777	1.8977	2.1428	2.3518	2.1426	2.0387	2.0336	2.1864
1.5081	0.8644	0.4173	0.8916	0.5853	2.0670	2.1176	2.1537	2.2368	2.0768	2.0436	2.1331	2.0783	2.0883	2.1273	2.0719	1.9201
1.4189	0.9696	0.5051	0.8314	0.6331	0.5415	2.1336	2.2090	2.2922	2.0610	2.1348	2.1137	2.1260	2.0034	2.1322	2.1583	1.8951
1.4715	0.7551	0.4108	0.6600	0.7226	0.5208	0.6781	2.1757	2.2429	2.1255	2.2002	2.3549	2.1119	1.9943	2.0923	2.0645	2.0904
1.5780	0.7313	0.4203	0.7240	0.6672	0.5768	0.7481	0.7151	2.1480	2.1325	2.0172	2.1527	2.2872	2.0265	2.0181	1.9361	2.0473
1.4982	0.9012	0.4368	0.8419	0.6526	0.5915	0.7978	0.7143	0.6617	2.1829	1.9618	2.3033	2.3342	1.9046	2.0223	1.9763	2.1294
1.4073	0.7311	0.4147	0.9067	0.6321	0.6273	0.7526	0.8700	0.8515	0.8277	2.0548	2.1736	2.1772	2.2779	2.1114	2.0785	2.0272
1.3275	0.6669	0.4145	0.9078	0.6288	0.6367	0.8444	0.7197	0.7338	0.8381	0.6226	2.0802	2.2306	2.2706	2.0435	2.1562	2.1210
1.2877	0.7519	0.4034	0.9084	0.6501	0.6668	0.8130	0.6773	0.7121	0.8512	0.6836	0.6749	2.3541	2.2047	1.9798	2.1336	2.0649
1.3241	0.6130	0.2651	0.8850	0.6205	0.6523	0.7230	0.7421	0.7762	0.8758	0.5866	0.6412	0.2562	2.1503	1.9268	2.0495	2.1444
1.3518	0.6344	0.2873	0.9015	0.7043	0.9058	0.7975	0.7356	0.7908	0.9021	0.7563	0.7230	0.2536	0.8668	2.0464	1.9856	2.1122
1.3583	0.6859	0.2960	0.9370	0.8036	1.0896	0.8295	0.7584	0.8527	0.9240	0.8235	0.7329	0.2552	0.8724	1.1626	2.0207	2.1894
1.3312	0.6167	0.2872	0.8766	0.7453	0.9659	0.6819	0.7335	0.7925	0.8986	0.9545	0.9260	0.2829	0.8140	1.1425	0.7604	2.2738
1.3038	0.6091	0.2817	0.7808	0.6905	0.8676	0.7127	0.6847	0.7455	0.9130	0.9768	0.8978	0.2707	0.8373	1.1518	0.8069	0.6095
