0.2417	0.0682	0.0917	0.1054	0.0767	0.0177	0.0457	0.1067	0.0907	0.1109	0.1293	0.1583	0.0000	0.0139	0.0930	0.0975	0.0256
-0.0003	0.5417	0.0046	0.0501	0.0137	0.0691	-0.0457	0.0161	0.0249	0.0135	-0.0384	0.0059	0.0000	0.0000	0.0270	0.0315	0.0082
-0.0262	-0.0033	0.4865	-0.0457	-0.0682	-0.0359	0.0000	-0.0510	0.0101	0.0047	0.0073	0.0165	0.0000	0.0694	0.0185	-0.0320	0.0801
0.0298	-0.0296	-0.0138	0.4687	-0.0065	0.0064	0.0000	-0.0168	-0.0007	-0.0026	0.0070	-0.0040	0.0000	0.0601	-0.0155	0.0002	0.0003
0.0292	-0.0166	-0.0248	-0.0226	0.6485	-0.0256	0.0000	-0.0509	-0.0389	-0.0506	0.1252	0.0046	0.0000	-0.0046	-0.0627	-0.0192	-0.0318
-0.1359	-0.0017	0.0375	0.0051	-0.0560	0.5625	0.0000	-0.0015	-0.0292	0.0565	-0.0215	0.0431	0.0000	-0.0130	0.0573	0.0137	0.0086
-0.0002	0.0190	0.0041	0.0017	-0.0262	-0.0049	0.6347	0.0019	0.0081	-0.0020	-0.0348	-0.0768	0.0000	0.1441	0.0003	0.0138	0.0026
-0.0011	-0.0551	-0.0376	0.0300	-0.1061	-0.0482	0.0002	0.6481	-0.0492	-0.0049	-0.1162	0.0061	0.0000	-0.0058	0.0052	-0.0010	-0.0132
0.0000	0.0192	0.0150	-0.0402	-0.0325	0.0094	-0.0230	-0.0190	0.5873	-0.0082	0.0342	-0.0298	0.0000	-0.0708	-0.0247	0.0259	0.0018
0.1462	0.0021	0.0042	0.0137	0.1306	0.0246	-0.0652	-0.0596	-0.0281	0.2839	0.0025	-0.0132	0.0132	-0.1285	0.0294	-0.0521	-0.0033
-0.0329	-0.0006	-0.0025	0.0018	-0.0781	0.0097	0.0679	0.0293	-0.0206	-0.0437	0.5212	0.0297	-0.0047	0.0639	-0.0038	0.0276	-0.0152
0.0332	-0.0066	-0.0289	-0.0292	-0.1565	-0.0225	-0.0330	0.0086	-0.0293	-0.0158	-0.0226	0.4648	-0.0054	0.0493	0.0029	-0.0130	0.0112
-0.0187	0.0751	0.1211	0.0946	0.2587	0.0776	0.0343	-0.0942	-0.0046	-0.0292	-0.0456	0.0364	0.5070	0.0240	-0.0805	0.0047	-0.0191
-0.0065	-0.0315	-0.0319	-0.0269	-0.0075	-0.0274	-0.0011	-0.0423	-0.0421	-0.0166	0.0068	-0.0339	-0.0642	0.0727	-0.0038	0.0106	0.0098
0.0010	-0.0530	-0.0866	-0.0651	0.0088	-0.0529	0.0035	0.0389	-0.0219	-0.0058	0.0272	-0.0530	-0.0241	0.0000	0.2431	-0.0038	0.0018
-0.0512	0.0391	0.0574	0.0424	-0.0161	0.0368	0.0404	0.0579	0.0529	0.0168	0.0345	0.0428	0.0488	0.0000	-0.0715	0.5056	0.0046
-0.0016	-0.0044	0.0268	0.0187	-0.0506	0.0343	-0.0318	-0.0216	0.0901	-0.0020	0.0146	0.0119	0.0242	0.0000	0.0029	-0.0201	0.6087
