1.5314	2.3216	1.9330	1.9603	2.2951	2.1523	1.9577	2.5042	2.1885	2.1270	1.9866	2.1188	2.0892	2.3326	2.0718	1.9742	2.1116
1.6395	0.7422	1.9216	2.0114	2.6412	2.1112	2.1944	2.4828	2.1649	2.1745	2.0756	2.0511	2.0762	1.9473	2.0536	2.0105	2.2132
1.5861	0.8454	0.8254	2.1882	2.3980	2.0926	2.2447	2.3576	2.2268	2.1117	1.9756	1.9434	1.9739	2.0015	1.9025	2.0029	2.2449
1.7456	1.1010	1.4058	0.9643	2.5966	2.0663	2.2400	2.4732	2.1848	2.2004	2.1569	2.1369	2.1135	1.8618	2.0640	1.9942	2.2713
1.5827	1.7787	1.2616	1.9194	0.5686	2.3859	2.0985	2.1587	2.3136	2.0272	2.3246	1.8904	2.1784	2.4824	2.1624	2.1676	2.1513
1.8363	1.9522	1.6415	2.0704	2.0328	0.8456	2.5691	1.8794	2.0566	2.2049	2.0252	1.8832	2.1114	2.5352	1.8728	2.0685	2.2702
1.5376	1.7263	1.4318	1.6578	1.2581	1.1185	0.8014	2.1791	2.3092	2.1540	2.1883	2.0606	2.1087	2.6564	2.1198	2.0113	2.0697
1.7295	2.8213	1.9604	2.6616	1.0564	1.0602	1.1229	0.9243	2.2784	2.1406	2.1912	1.8125	2.2207	2.6423	2.0528	2.2640	2.2131
1.9948	3.3136	2.3058	3.6381	0.9852	1.5853	1.5843	1.6271	0.8085	2.1903	2.1260	1.7846	2.3520	2.4834	2.0073	2.2736	2.2531
2.0432	2.4021	2.0030	2.8131	0.8859	1.4011	2.1121	1.5506	1.0870	1.1437	2.1295	1.8541	2.2327	2.2963	1.9961	2.1919	2.3158
1.9703	2.4157	1.5993	2.4404	0.8977	1.2852	2.0047	1.5317	1.1471	1.6264	0.8921	1.8271	2.1305	2.1163	1.8335	2.2930	2.4693
1.8187	3.0040	2.1207	3.1500	0.9718	1.3991	1.8233	1.4853	0.9803	1.7681	1.0881	0.7758	2.2138	2.3462	1.9314	2.1659	2.3541
1.7920	1.9138	1.8178	1.9359	1.8130	0.9683	1.6978	1.1116	1.3978	1.6534	1.0541	1.2006	0.6866	2.1370	1.9027	2.2414	2.5234
2.0484	1.4954	1.5168	1.4984	3.8803	1.1933	2.6615	1.7966	1.3871	2.2852	1.4747	1.6874	2.9563	0.8450	1.7883	2.3148	2.3314
2.1620	1.5899	1.6788	1.5859	4.3222	1.2210	2.9140	2.0263	1.3936	2.2412	1.4552	1.7756	2.9587	0.8338	1.1067	2.3284	2.3828
2.0913	1.5975	1.4920	1.8469	4.9607	1.4307	3.0070	2.1953	1.3132	2.2059	1.5656	1.7987	2.9203	0.9338	1.1635	0.8162	2.4019
1.9600	1.6707	1.5443	2.2176	3.0888	1.2090	2.2555	1.7479	1.3213	2.0239	1.5967	1.8217	2.2418	1.2983	1.2250	0.9421	0.8771
