0.6577	1.9025	2.2375	2.1091	2.1210	1.8782	2.2018	2.1895	2.2459	2.1001	2.1354	2.1765	2.1724	1.9460	2.1142	2.3999	2.2091
1.5957	0.5540	2.4295	2.1575	2.0724	2.0560	2.2964	2.2066	2.3789	2.0290	2.3262	2.2720	2.0097	2.2473	1.9754	2.3547	2.0022
1.8028	2.6254	0.7270	2.3343	2.1067	2.0583	2.0312	2.1581	2.1947	1.8980	2.1310	2.0703	2.6184	1.9962	2.4688	2.2721	2.2319
2.2702	1.4372	2.2128	0.7996	2.2621	2.2134	2.4777	2.1155	2.1777	2.1689	2.0403	2.1517	2.1232	2.0947	1.9506	2.1076	1.8761
3.1374	1.5003	1.9361	2.5415	0.8878	2.1913	2.1373	2.1168	2.3987	1.9064	2.3371	1.9670	2.1363	2.3119	1.9922	2.0242	2.6624
1.3385	1.3376	1.8928	2.3405	1.8167	0.7091	2.2785	2.1963	2.3162	2.1391	2.5297	2.2171	2.2779	2.0897	2.2577	2.0759	2.3564
2.5681	3.5835	1.8421	2.3447	1.9986	2.2003	1.5131	2.1265	2.0282	2.2324	2.0485	2.0383	2.2682	2.1375	2.0530	2.1596	2.2197
2.9957	2.4385	2.0362	2.2557	2.3202	2.3739	1.9132	1.2367	1.9265	2.0620	2.1189	1.9227	2.0666	1.9370	2.2278	2.0020	2.0306
2.7586	4.1520	2.1202	2.1425	2.4078	2.6064	1.8177	1.9813	0.8575	2.1515	2.0497	1.8692	2.1930	2.1712	2.1004	2.0812	1.9856
2.6116	1.7180	1.7739	2.6131	1.9199	2.1971	2.2599	2.1663	2.0648	0.8661	2.1539	2.2079	1.9947	2.1613	1.9311	2.2395	2.3876
2.6961	2.2912	2.2171	1.8313	2.4094	2.8769	2.4624	2.1797	2.1183	1.7542	0.9365	2.1405	1.8394	2.0304	2.0416	2.0363	1.9316
2.0026	3.8090	2.0187	2.3978	2.1278	2.3064	1.8714	1.9545	1.7881	2.0793	1.9411	0.9330	2.2545	2.1399	2.1911	2.1947	2.3140
3.6187	3.0063	2.4245	2.3060	2.5014	3.2183	2.1577	1.9225	1.6823	2.0019	1.5443	1.2641	1.1747	2.1870	1.8373	2.2042	2.0210
1.9363	1.8317	2.1427	2.0124	2.4718	2.2449	2.2724	2.2670	2.1289	2.0706	1.8770	2.1221	1.7958	1.0067	2.0092	2.1460	1.8504
2.2151	1.0925	2.5328	1.4013	2.2234	2.2510	2.5090	2.4873	2.1010	2.3849	2.1927	2.8961	1.5892	1.6664	0.8492	2.2495	1.6930
2.7874	2.2654	2.3481	2.0653	2.1995	2.1229	2.2199	1.9948	2.0617	2.1300	1.7476	2.1518	1.8700	1.8355	1.5477	0.9420	2.2365
2.5761	2.7161	2.3975	1.6598	2.7723	2.9488	2.2598	2.0137	1.5948	2.7648	1.9516	2.3853	1.7237	1.6923	1.5763	1.9663	0.9949
