0.8060	0.2890	0.0025	0.1350	0.0175	0.3575	0.1034	0.1386	0.0825	0.1250	0.0000	0.0525	0.0200	0.2400	0.0825	0.0000	0.0575
0.5480	0.7252	0.0000	0.0000	0.3575	0.2075	0.0000	0.1455	0.0025	0.3825	0.0025	0.0000	0.4100	0.0000	0.3402	0.0000	0.0825
0.4140	0.0011	0.7600	0.0000	0.0450	0.0575	0.3276	0.0091	0.0350	0.4725	0.0150	0.3450	0.0000	0.3700	0.0000	0.0000	0.0000
0.1680	0.4547	0.0100	0.7700	0.0825	0.0425	0.0000	0.1477	0.2675	0.2150	0.2875	0.0000	0.0100	0.1450	0.1237	0.4250	0.2725
0.0800	0.4662	0.3125	0.3950	0.6925	0.0325	0.1552	0.1682	0.0000	0.5325	0.1550	0.1975	0.0000	0.0375	0.0000	0.0825	0.0000
0.6020	0.4085	0.1500	0.3200	0.3750	0.8100	0.0862	0.1773	0.1250	0.0250	0.0025	0.1100	0.0000	0.0000	0.0000	0.0000	0.0900
0.0660	0.0002	0.1625	0.1975	0.2425	0.2700	0.4310	0.1159	0.1900	0.0050	0.3150	0.1350	0.0100	0.0000	0.0000	0.0900	0.0000
0.0580	0.1176	0.1550	0.1450	0.0000	0.0700	0.3448	0.5727	0.2800	0.2400	0.2425	0.3600	0.0900	0.3750	0.0000	0.1775	0.2025
0.1460	0.0000	0.0400	0.3025	0.0000	0.1975	0.3448	0.2455	0.7075	0.0600	0.3625	0.1950	0.2000	0.3275	0.0103	0.2250	0.1875
0.1740	0.2738	0.5800	0.0175	0.3575	0.0250	0.0000	0.1773	0.1100	0.7875	0.0875	0.0000	0.1000	0.0150	0.0722	0.0450	0.0350
0.1420	0.2586	0.0000	0.4100	0.0750	0.0075	0.0862	0.0977	0.0525	0.3200	0.7375	0.0250	0.4000	0.4350	0.0722	0.2050	0.0575
0.3160	0.0000	0.3550	0.0025	0.1375	0.0725	0.2759	0.1545	0.1725	0.4800	0.3775	0.7375	0.0000	0.3675	0.0000	0.1200	0.0825
0.1080	0.0002	0.0000	0.1525	0.2400	0.0000	0.0690	0.2341	0.3825	0.2725	0.5500	0.4800	0.4100	0.3575	0.2474	0.0000	0.0525
0.1340	0.4150	0.0300	0.0800	0.0025	0.0425	0.0172	0.0886	0.3450	0.0325	0.6575	0.3175	0.3400	0.7075	0.0619	0.0025	0.3675
0.1760	0.5006	0.0000	0.6150	0.0000	0.1675	0.0000	0.0000	0.3775	0.1675	0.2325	0.1025	0.4400	0.3925	0.6804	0.2800	0.3775
0.0000	0.0858	0.0000	0.2825	0.1275	0.0275	0.0345	0.2795	0.2950	0.1300	0.4675	0.0575	0.1100	0.3675	0.6907	0.7475	0.2250
0.1660	0.0303	0.0000	0.3775	0.0050	0.0550	0.0345	0.1409	0.5375	0.1550	0.3450	0.1150	0.2500	0.3800	0.3918	0.4950	0.6875
