0.3448	0.0000	0.0000	0.0000	0.0000	0.0000	0.0000	0.0000	0.0000	0.0000	0.0000	0.0000	0.0000	0.0000	0.0000	0.0000	0.0000
0.2414	0.7400	0.0000	0.0000	0.0000	0.0000	0.0000	0.0000	0.0000	0.0000	0.0000	0.0000	0.0000	0.0000	0.0000	0.0000	0.0000
0.0517	0.2025	0.6900	0.0000	0.0000	0.0000	0.0000	0.0000	0.0000	0.0000	0.0000	0.0000	0.0000	0.0000	0.0000	0.0000	0.0000
0.2069	0.2875	0.0300	0.5825	0.0000	0.0000	0.0000	0.0000	0.0000	0.0000	0.0000	0.0000	0.0000	0.0000	0.0000	0.0000	0.0000
0.0000	0.3725	0.0100	0.3825	0.7143	0.0000	0.0000	0.0000	0.0000	0.0000	0.0000	0.0000	0.0000	0.0000	0.0000	0.0000	0.0000
0.2241	0.1725	0.1125	0.2775	0.2626	0.7175	0.0000	0.0000	0.0000	0.0000	0.0000	0.0000	0.0000	0.0000	0.0000	0.0000	0.0000
0.2069	0.0225	0.0225	0.0900	0.1238	0.2975	0.7875	0.0000	0.0000	0.0000	0.0000	0.0000	0.0000	0.0000	0.0000	0.0000	0.0000
0.0000	0.3675	0.0000	0.3500	0.0017	0.2400	0.0625	0.6900	0.0000	0.0000	0.0000	0.0000	0.0000	0.0000	0.0000	0.0000	0.0000
0.2241	0.3775	0.2300	0.4225	0.0000	0.2400	0.0150	0.0200	0.6325	0.0000	0.0000	0.0000	0.0000	0.0000	0.0000	0.0000	0.0000
0.0000	0.3525	0.1650	0.2400	0.4155	0.1625	0.0000	0.1225	0.4075	0.6091	0.0000	0.0000	0.0000	0.0000	0.0000	0.0000	0.0000
0.2241	0.0225	0.0000	0.1475	0.1834	0.1600	0.4925	0.0000	0.3400	0.1409	0.6700	0.0000	0.0000	0.0000	0.0000	0.0000	0.0000
0.1207	0.0000	0.2725	0.1275	0.0000	0.0200	0.0000	0.0100	0.2825	0.0500	0.2175	0.7575	0.0000	0.0000	0.0000	0.0000	0.0000
0.0862	0.0400	0.3550	0.4625	0.1750	0.2325	0.0450	0.0125	0.0625	0.1386	0.2650	0.1950	0.7800	0.0000	0.0000	0.0000	0.0000
0.3103	0.0000	0.0000	0.2400	0.0000	0.0000	0.3775	0.0000	0.0000	0.0000	0.3575	0.0000	0.0000	0.7010	0.0000	0.0000	0.0000
0.2241	0.0000	0.0000	0.1000	0.0000	0.2400	0.0000	0.0000	0.3775	0.1477	0.3825	0.3775	0.1760	0.0000	0.3800	0.0000	0.0000
0.2931	0.0000	0.0000	0.1500	0.4080	0.0250	0.0100	0.0000	0.2000	0.0182	0.2875	0.0075	0.0200	0.2268	0.3400	0.6375	0.0000
0.2241	0.0550	0.1500	0.1800	0.4876	0.0800	0.0175	0.0400	0.0125	0.1318	0.3550	0.2250	0.0460	0.0000	0.2700	0.1100	0.7200
