1.5217	0.0000	0.0000	0.0000	0.0000	0.0000	0.0000	0.0000	0.0000	0.0000	0.0000	0.0000	0.0000	0.0000	0.0000	0.0000	0.0000
2.1675	0.8396	0.0000	0.0000	0.0000	0.0000	0.0000	0.0000	0.0000	0.0000	0.0000	0.0000	0.0000	0.0000	0.0000	0.0000	0.0000
2.1950	2.1599	0.7760	0.0000	0.0000	0.0000	0.0000	0.0000	0.0000	0.0000	0.0000	0.0000	0.0000	0.0000	0.0000	0.0000	0.0000
2.1271	2.0215	2.0324	0.8846	0.0000	0.0000	0.0000	0.0000	0.0000	0.0000	0.0000	0.0000	0.0000	0.0000	0.0000	0.0000	0.0000
2.2868	1.9582	1.9717	1.8984	0.5887	0.0000	0.0000	0.0000	0.0000	0.0000	0.0000	0.0000	0.0000	0.0000	0.0000	0.0000	0.0000
2.0356	2.1676	2.0608	1.9902	2.1624	0.7436	0.0000	0.0000	0.0000	0.0000	0.0000	0.0000	0.0000	0.0000	0.0000	0.0000	0.0000
1.9263	2.2011	2.0753	2.1195	2.2424	1.9845	0.7053	0.0000	0.0000	0.0000	0.0000	0.0000	0.0000	0.0000	0.0000	0.0000	0.0000
2.2510	2.0110	2.1522	2.0376	2.0205	2.1216	2.3560	0.7660	0.0000	0.0000	0.0000	0.0000	0.0000	0.0000	0.0000	0.0000	0.0000
2.1730	2.0016	2.1152	1.9049	2.0337	2.1691	2.2224	2.3092	0.8573	0.0000	0.0000	0.0000	0.0000	0.0000	0.0000	0.0000	0.0000
2.4404	1.9606	1.9517	2.0694	1.8398	2.1128	2.3231	2.0487	1.8366	1.1153	0.0000	0.0000	0.0000	0.0000	0.0000	0.0000	0.0000
2.0470	2.2073	2.1390	2.0686	2.2619	2.1730	1.8773	2.3169	2.0542	2.1614	0.7910	0.0000	0.0000	0.0000	0.0000	0.0000	0.0000
2.1458	2.0890	1.9416	2.0407	2.1470	2.2063	2.1372	2.1461	2.3858	2.2146	1.9719	0.7063	0.0000	0.0000	0.0000	0.0000	0.0000
2.2070	2.2246	1.8322	2.0939	2.1493	1.7451	2.0330	2.3372	2.1289	2.0819	2.0495	2.0785	0.6639	0.0000	0.0000	0.0000	0.0000
1.8619	2.3377	2.1743	2.3799	2.7155	2.1601	1.9533	2.4810	2.6358	2.4431	1.9644	2.1508	2.4410	0.8277	0.0000	0.0000	0.0000
2.0427	2.3066	2.0888	2.0283	2.4585	2.2579	1.9640	2.2411	2.0594	2.2088	1.8008	2.0231	2.1461	1.8441	1.0925	0.0000	0.0000
1.8441	2.0816	2.0322	2.1151	2.2366	2.2035	1.9943	2.4051	2.3616	2.3582	1.7902	2.2439	2.1048	1.8460	1.9033	0.8696	0.0000
2.0616	2.2134	1.9849	1.9966	2.2389	2.0636	1.9299	2.3407	2.1002	2.1351	1.9255	2.0551	1.9382	2.3262	2.1687	1.9382	0.7984
