0.1454	0.0000	0.0000	0.0000	0.0000	0.0000	0.0000	0.0000	0.0000	0.0000	0.0000	0.0000	0.0000	0.0000	0.0000	0.0000	0.0000
0.1049	0.7146	0.0000	0.0000	0.0000	0.0000	0.0000	0.0000	0.0000	0.0000	0.0000	0.0000	0.0000	0.0000	0.0000	0.0000	0.0000
0.0692	0.1658	0.6945	0.0000	0.0000	0.0000	0.0000	0.0000	0.0000	0.0000	0.0000	0.0000	0.0000	0.0000	0.0000	0.0000	0.0000
0.1112	0.1542	0.0000	0.6071	0.0000	0.0000	0.0000	0.0000	0.0000	0.0000	0.0000	0.0000	0.0000	0.0000	0.0000	0.0000	0.0000
0.0833	0.0000	0.0000	0.0000	0.6922	0.0000	0.0000	0.0000	0.0000	0.0000	0.0000	0.0000	0.0000	0.0000	0.0000	0.0000	0.0000
0.1812	0.0729	0.0225	0.0000	0.0000	0.6842	0.0000	0.0000	0.0000	0.0000	0.0000	0.0000	0.0000	0.0000	0.0000	0.0000	0.0000
0.0931	0.1290	0.0000	0.1122	0.0000	0.1842	0.6860	0.0000	0.0000	0.0000	0.0000	0.0000	0.0000	0.0000	0.0000	0.0000	0.0000
0.0553	0.0341	0.1827	0.0472	0.0007	0.0514	0.1012	0.7050	0.0000	0.0000	0.0000	0.0000	0.0000	0.0000	0.0000	0.0000	0.0000
0.1315	0.1412	0.0000	0.1254	0.0000	0.0695	0.0000	0.0000	0.6108	0.0000	0.0000	0.0000	0.0000	0.0000	0.0000	0.0000	0.0000
0.0596	0.1075	0.0389	0.0878	0.1953	0.0587	0.0000	0.0000	0.0616	0.5926	0.0000	0.0000	0.0000	0.0000	0.0000	0.0000	0.0000
0.1026	0.0335	0.0802	0.2428	0.0001	0.1646	0.0000	0.0987	0.0000	0.0743	0.6386	0.0000	0.0000	0.0000	0.0000	0.0000	0.0000
0.0459	0.4137	0.0403	0.0157	0.0000	0.0902	0.0000	0.0052	0.1474	0.1169	0.0468	0.7130	0.0000	0.0000	0.0000	0.0000	0.0000
0.0686	0.0842	0.0244	0.0297	0.0464	0.0761	0.0000	0.0514	0.0121	0.0615	0.1481	0.0447	0.7661	0.0000	0.0000	0.0000	0.0000
0.0355	0.1545	0.1011	0.0707	0.0001	0.0000	0.0930	0.1395	0.0000	0.1040	0.1398	0.1389	0.0000	0.2747	0.0000	0.0000	0.0000
0.0686	0.0917	0.0000	0.0514	0.0000	0.0000	0.0000	0.0000	0.0955	0.1003	0.1303	0.0418	0.0016	0.0950	0.3147	0.0000	0.0000
0.0732	0.0219	0.0000	0.0000	0.1661	0.0233	0.0127	0.0000	0.0691	0.0186	0.0070	0.0000	0.0000	0.0000	0.0185	0.6838	0.0000
0.0844	0.0031	0.0782	0.0328	0.1142	0.1407	0.1737	0.1279	0.0023	0.0394	0.2037	0.0788	0.0000	0.1676	0.0000	0.1844	0.6677
