1.4596	2.0907	1.9935	2.1439	2.0365	2.0495	2.0737	2.0870	1.9975	2.0967	2.0306	2.1903	1.9865	2.0490	2.1228	2.0564	2.1256
1.3962	0.6863	1.9999	2.1944	1.9988	2.1039	2.1155	1.9531	1.8741	2.0989	1.9212	2.2307	2.0618	2.1826	2.3358	1.9233	2.0745
1.3914	0.7580	0.7317	2.1596	1.7936	2.0257	2.0701	2.0710	1.9103	2.1054	2.0671	2.2712	2.0820	2.2007	2.3379	1.9426	2.2187
1.3916	0.7537	0.7637	0.7591	1.8746	2.0414	2.0801	2.1801	1.8109	2.0816	2.0838	2.0567	2.1062	2.1364	2.4269	1.8759	2.1933
1.3670	1.1058	1.1266	1.1360	0.5750	2.0878	2.0678	2.1431	1.9942	2.0593	2.1120	2.1047	2.0729	2.0941	2.1500	2.0647	1.9637
1.2507	0.8590	0.8681	0.8744	0.6261	0.6747	2.1727	2.2728	2.0435	2.0915	2.1316	2.0792	2.2038	1.9722	2.2810	1.9555	1.9773
1.2869	0.8846	0.8089	0.8630	0.6589	0.6950	0.6754	2.3062	2.0295	2.0660	2.0633	2.1742	2.2285	2.0275	2.1667	1.8808	1.9623
1.3727	0.8731	0.8449	0.9668	0.9021	0.7513	0.7599	0.6845	2.0094	2.0816	2.0389	2.1885	2.1755	2.1297	2.1588	1.9485	2.0326
1.3624	0.8597	0.7845	0.9042	1.0738	0.7327	0.7344	0.7534	0.7636	2.1315	2.1827	2.2258	2.2072	2.0545	2.0835	1.8915	2.1337
1.3266	0.9544	0.9591	1.1155	0.6582	0.8711	0.7799	0.7951	0.8612	1.0904	2.0779	2.2739	2.1116	2.0851	2.1192	2.0600	2.0322
1.3944	0.8374	0.9313	1.0502	0.8567	0.8645	0.7667	0.7482	0.8508	1.1907	0.7511	2.2240	2.1176	1.8736	2.2671	1.9434	2.1525
1.5124	0.8051	0.9091	0.9389	0.9028	0.8575	0.7797	0.7634	0.8384	1.4090	0.8806	0.7773	2.0955	1.8418	2.2883	1.9276	2.0739
1.3454	0.9350	0.7598	1.0938	0.7402	1.0201	0.9363	0.9754	0.9327	1.2190	0.7529	0.8389	0.7710	1.9727	2.0663	2.0557	2.1073
1.3790	0.8232	0.6596	0.9691	1.1541	1.0905	0.9641	0.8881	0.7992	1.2711	0.7337	0.7807	0.9491	0.8177	2.1732	2.0838	2.1895
1.4157	0.8529	0.7110	1.0410	1.1879	0.9571	0.8402	0.9521	0.9376	1.2929	0.7762	0.8063	0.8817	0.8241	1.0752	2.0809	2.1747
1.3791	0.7814	0.6848	0.9167	1.2028	0.9103	0.8209	0.8809	0.8496	1.3675	0.7408	0.8304	0.6678	0.8392	1.1307	0.6540	2.2440
1.4105	0.8089	0.6453	0.8985	1.4336	0.8873	0.7942	0.8320	0.7577	1.3416	0.7639	0.8369	0.7624	0.8240	1.1274	0.7069	0.6467
