0.3285	0.0612	0.0925	0.0634	0.0860	0.0593	0.0728	0.0564	0.0829	0.0745	0.0918	0.0000	0.0723	0.1056	0.0000	0.0620	0.0436
0.3421	0.6946	0.1095	0.1281	0.0523	0.0317	0.0151	0.0822	0.1676	0.0831	0.1342	0.0000	0.0686	0.0864	0.0000	0.1724	0.0364
0.3314	0.6809	0.6838	0.0918	0.1666	0.0395	0.0729	0.0393	0.1985	0.0973	0.0722	0.0019	0.0364	0.0133	0.0000	0.1233	0.0282
0.3498	0.6981	0.6798	0.6669	0.0750	0.0583	0.0521	0.0039	0.2674	0.0907	0.0608	0.0466	0.0558	0.0452	0.0000	0.1375	0.0314
0.3500	0.5579	0.6091	0.5514	0.6994	0.0643	0.0816	0.0172	0.1112	0.0784	0.0701	0.0301	0.0346	0.0583	0.0175	0.1390	0.1667
0.3451	0.6325	0.6681	0.6598	0.6864	0.7218	0.0358	0.0175	0.1062	0.0645	0.0337	0.0738	0.0211	0.1106	0.0114	0.1812	0.0921
0.3242	0.5323	0.6824	0.6437	0.6792	0.6774	0.7122	0.0135	0.0820	0.0917	0.0567	0.0587	0.0208	0.0643	0.0105	0.1182	0.0906
0.2793	0.5327	0.6711	0.5821	0.5783	0.6789	0.7079	0.6995	0.0668	0.1052	0.0613	0.0565	0.0503	0.0381	0.0135	0.1402	0.0794
0.3285	0.5727	0.7218	0.5714	0.5093	0.7003	0.7196	0.6437	0.6500	0.0882	0.0239	0.0227	0.0040	0.0518	0.0610	0.1468	0.0362
0.3017	0.6334	0.6918	0.5708	0.6635	0.7000	0.7087	0.6544	0.6610	0.6055	0.0438	0.0048	0.0621	0.0520	0.0103	0.0597	0.1172
0.3057	0.6560	0.6212	0.5016	0.5784	0.6488	0.7016	0.6552	0.6273	0.5393	0.6596	0.0113	0.0582	0.1224	0.0000	0.1145	0.0119
0.2675	0.6743	0.5897	0.6063	0.5651	0.6411	0.7068	0.6234	0.6049	0.4644	0.6339	0.6825	0.0680	0.1582	0.0000	0.1401	0.0130
0.3434	0.7337	0.8057	0.7081	0.5907	0.7084	0.7075	0.5975	0.6856	0.5059	0.6879	0.6777	0.6241	0.0925	0.0410	0.0518	0.0366
0.2061	0.6731	0.8144	0.7002	0.4245	0.6151	0.6375	0.6287	0.7069	0.4756	0.6533	0.6671	0.5753	0.2747	0.0000	0.0746	0.0387
0.2160	0.6871	0.7829	0.6652	0.4076	0.7138	0.7016	0.5250	0.5611	0.4900	0.6296	0.6716	0.5885	0.2747	0.2286	0.0561	0.0458
0.2854	0.7082	0.7755	0.6898	0.4174	0.6807	0.6894	0.6330	0.6494	0.4847	0.6707	0.6491	0.7127	0.2747	0.2033	0.7550	0.0037
0.2734	0.6863	0.7660	0.7017	0.3842	0.6620	0.6917	0.6802	0.6514	0.4822	0.6776	0.6324	0.6678	0.2747	0.2005	0.7206	0.7329
