0.9830	2.2008	2.1962	2.2228	1.9907	2.5116	2.5753	2.3695	2.4544	2.1189	2.6507	1.9502	2.3125	2.4896	2.1044	2.3801	2.4870
0.8355	1.2184	2.0840	2.1035	1.7751	2.3537	2.4498	2.1402	2.2691	1.9761	2.5338	1.8120	2.0905	2.1025	1.9298	2.2583	2.3102
0.9818	1.4625	0.7240	2.0765	1.8188	2.2128	2.3176	2.2003	2.1315	1.9239	2.5131	1.9630	2.6932	2.1162	1.9627	2.3851	2.3124
1.0776	1.5299	1.1143	0.7318	1.9663	2.3664	2.3698	2.3486	2.0468	1.8932	2.4503	2.1749	2.9795	2.2685	1.8945	2.5640	2.3225
1.2543	1.4698	1.6669	0.9127	0.7998	2.4920	2.3892	2.2775	2.0816	1.9388	2.4840	2.1254	2.8470	2.0543	1.9330	2.5863	2.3174
1.1693	1.3924	1.4298	1.1991	1.0000	1.5325	2.1971	2.1634	2.2583	2.0229	2.4805	2.1247	2.2595	2.1624	1.9987	2.3177	2.3191
1.2160	1.4120	1.5561	1.2381	1.0608	1.5381	0.8080	2.1111	2.3430	2.0046	2.5046	2.0774	2.2561	2.1880	1.9562	2.3515	2.3266
1.2463	1.4019	1.5594	1.1247	1.0151	1.5405	0.8066	0.8178	2.3282	2.0159	2.5063	2.0901	2.3665	2.1944	1.9393	2.3589	2.3244
1.3093	1.4906	1.7284	0.9418	0.8166	1.5390	0.8095	0.9058	0.8559	1.9683	2.4667	2.1690	2.7581	2.1545	1.9070	2.5785	2.3252
1.3246	1.5037	1.7104	0.9978	0.8352	1.5536	0.8166	0.8900	0.8496	1.1035	2.4530	2.1185	2.6960	2.1772	1.9240	2.5855	2.3281
1.2544	1.4812	1.6538	0.8661	0.8219	1.5457	0.8175	0.9925	0.8511	1.1079	0.8544	2.1641	2.9041	2.1773	1.9015	2.6469	2.3604
1.4182	1.5331	1.8328	1.1078	0.8430	1.5436	0.8126	0.8888	0.8592	1.1000	0.8548	0.8704	2.6622	2.1640	1.9250	2.5739	2.3413
1.1774	1.7749	1.9246	1.7179	1.6433	1.5320	0.8049	0.9125	1.3445	1.0828	1.5626	1.1988	0.6075	2.2273	1.9693	2.1648	2.3380
1.3173	1.4832	1.5858	1.2870	0.9233	1.5292	0.7990	0.8474	0.8878	1.0961	0.8772	0.8820	0.7348	0.7426	1.9856	2.3878	2.3312
1.2710	1.4613	1.5539	1.0738	0.8242	1.5246	0.7956	0.8986	0.8629	1.1062	0.8531	0.8638	0.8501	0.7896	0.8460	2.4691	2.3354
1.3567	1.5651	1.7708	1.5394	1.0862	1.5353	0.7980	0.8381	1.0442	1.0942	1.0045	0.9760	0.6790	0.8050	1.0504	0.8485	2.3385
1.3682	1.5937	1.6557	0.9782	0.8510	1.5431	0.8027	1.0368	0.8678	1.1115	0.8868	0.8946	1.0403	0.9828	0.9769	1.1486	0.9934
