0.6339	0.1350	0.0664	0.0639	0.1618	0.0444	0.0316	0.0350	0.0000	0.1755	0.0000	0.3124	0.1185	0.0678	0.1043	0.1087	0.0099
-0.0012	0.3257	0.0280	0.0322	0.0342	-0.0444	-0.0105	-0.0037	0.0000	-0.0051	0.0000	-0.0946	0.0452	0.0362	0.0096	-0.1006	0.0154
-0.1982	-0.1321	0.6498	-0.0645	-0.0227	0.0000	-0.0211	0.0425	0.0041	-0.0191	0.0000	-0.1189	-0.1627	-0.0201	-0.0155	-0.0081	0.0123
-0.0201	-0.0508	-0.1908	0.6487	-0.1125	0.0000	0.0000	-0.0738	-0.0041	-0.0236	0.0000	-0.0794	0.0009	-0.0399	0.0254	0.0000	0.0189
-0.0620	0.0529	-0.1858	-0.1129	0.5930	0.0000	0.0421	0.0531	0.0000	0.0672	0.0000	0.1025	0.0285	0.0736	-0.0125	0.0000	-0.0094
0.0247	0.0234	0.0610	-0.1096	-0.1091	0.1652	-0.0421	0.0250	0.0000	-0.1040	0.0000	-0.0532	0.1495	0.0098	-0.0357	0.0219	-0.0117
-0.0062	0.0114	-0.0063	-0.0202	-0.0576	-0.0298	0.2747	-0.0330	0.0000	-0.0098	0.0000	0.0105	-0.0040	-0.0186	0.0587	-0.0044	0.0087
-0.0061	-0.0102	-0.0208	0.0488	0.0191	0.0110	0.0000	0.5609	0.0000	0.0022	0.0000	-0.0079	-0.0200	0.0295	0.0017	-0.0157	-0.0106
-0.0298	-0.0432	-0.0546	0.0376	0.1476	-0.0178	0.0000	-0.0596	0.6050	0.0545	0.0000	-0.0381	-0.1073	-0.0010	-0.0240	-0.0018	0.0124
-0.0164	-0.0287	-0.0019	-0.0842	-0.0342	-0.0353	0.0000	-0.0080	0.0445	0.0314	0.0000	-0.0028	-0.0212	0.0454	0.0257	0.0000	0.0020
0.0345	0.0223	-0.0075	0.1492	0.0073	0.0000	0.0000	-0.0494	-0.0342	0.0000	0.6034	0.0157	-0.0206	0.0000	-0.0271	0.0000	0.0033
-0.0809	-0.0468	-0.0053	-0.2034	-0.0078	0.0000	0.0000	0.0567	0.0176	0.0000	-0.0045	0.5203	0.0251	0.0000	0.0014	0.0000	0.0016
0.0630	-0.0133	-0.0001	-0.1745	-0.4221	0.0845	0.0000	0.0252	-0.3853	0.0835	-0.3889	-0.2841	0.6415	-0.0641	-0.1088	0.0352	-0.0360
0.0040	0.0529	0.0591	0.0929	0.3723	-0.0238	0.0000	0.0320	0.3659	-0.0418	0.3660	0.3360	-0.0771	0.5392	0.1058	-0.0262	0.0209
0.0307	0.0109	-0.0155	0.1119	0.0734	0.0326	0.0000	-0.0788	0.0151	-0.0297	0.0343	-0.0127	-0.0911	-0.0142	0.5107	-0.0043	0.0111
-0.0312	-0.0217	-0.0292	-0.1737	-0.2412	0.0155	0.0000	0.1046	-0.1354	0.0613	-0.1089	-0.1080	0.1204	0.0325	-0.1522	0.5664	-0.0062
0.0280	-0.0474	0.0186	0.1571	0.2150	-0.0554	0.0000	-0.2358	0.0734	-0.0733	0.0725	0.0419	-0.2743	-0.1299	0.0407	-0.1471	0.3458
