0.6563	0.0318	0.0694	0.0539	0.0065	0.0218	0.1023	0.0728	0.0215	0.0605	0.0173	0.0919	0.0085	0.0337	0.0317	0.0116	0.0691
-0.0064	0.6784	-0.0322	0.0218	0.0001	-0.0063	-0.0312	-0.0273	0.0387	0.0150	0.0091	-0.0612	0.0370	-0.0068	-0.0005	0.0592	-0.0256
-0.0002	-0.0274	0.6855	-0.0307	0.0007	-0.0130	-0.0204	0.0199	-0.0227	-0.0367	-0.0166	0.0048	-0.0288	0.0646	-0.0312	-0.0350	0.0191
-0.0065	0.0042	-0.0486	0.7113	-0.0007	-0.0025	0.0017	-0.0167	0.0198	0.0366	0.0043	0.0530	0.0277	-0.0298	0.0462	-0.0022	0.0009
0.0613	-0.0017	-0.1161	-0.1041	0.7236	0.0000	0.0227	-0.0126	0.0258	-0.0036	-0.0058	0.0059	0.0227	-0.0051	-0.0011	0.0176	-0.0381
-0.0176	-0.0211	0.0713	0.0943	-0.0037	0.7965	-0.0204	0.0318	-0.0162	-0.0165	-0.0038	-0.0346	-0.0195	0.0120	0.0230	0.0021	-0.0192
-0.0868	0.0241	0.0150	-0.0242	-0.0693	-0.0560	0.1291	-0.0222	0.0050	-0.0027	-0.0029	-0.0084	-0.0264	-0.0153	-0.0303	0.0131	0.0341
0.0394	-0.0841	-0.0409	-0.0539	0.0106	0.0075	0.0346	0.5265	-0.0191	0.0236	0.0384	-0.0239	-0.0212	-0.0208	0.0478	-0.0143	0.0276
-0.0172	-0.0400	-0.0766	-0.0224	0.0278	-0.0588	-0.0172	-0.0389	0.5770	-0.0104	-0.0280	0.0165	0.0000	-0.0068	-0.0580	0.0170	0.0186
0.0805	-0.0743	-0.0047	0.0059	0.0100	0.0607	0.0265	0.0037	-0.0034	0.6649	0.0301	-0.0113	0.0000	0.0389	-0.0082	-0.0270	-0.0183
-0.0270	0.0564	0.0554	0.0079	-0.0819	0.0102	0.0781	0.0010	-0.0386	0.0057	0.6622	0.0258	0.0051	0.0205	0.0176	0.0097	0.0038
-0.0039	0.0597	0.0296	0.0444	0.0244	0.0178	-0.1180	-0.0352	0.0439	0.0080	-0.0059	0.6316	0.0059	-0.0294	-0.0004	-0.0329	0.0115
-0.0266	-0.0337	0.0532	0.0029	-0.0006	0.0179	0.0289	-0.0223	0.0021	-0.0130	0.0061	0.0001	0.3579	0.0014	0.0167	-0.0048	-0.0154
-0.0399	0.0467	0.0106	-0.0113	0.0459	-0.0458	-0.0303	0.0037	-0.0227	0.0032	-0.0136	-0.0228	-0.0137	0.5383	-0.0185	-0.0033	0.0017
0.0289	0.0066	0.0017	-0.0077	-0.0014	0.0048	0.0760	-0.0081	-0.0294	-0.0039	0.0191	0.0015	0.0673	0.0045	0.2399	-0.0052	-0.0014
0.0420	-0.0886	-0.0507	0.0250	-0.0112	0.0263	-0.0694	0.0386	0.0578	-0.0011	0.0082	-0.0101	-0.0656	0.0632	0.0000	0.7007	-0.0100
0.0155	0.0694	-0.0156	-0.0128	-0.0003	0.0006	0.0064	0.0081	-0.0093	0.0076	-0.0579	0.0309	-0.0698	-0.0103	0.0000	0.0070	0.6496
