0.6908	2.2080	2.1018	2.1000	2.2336	2.3025	2.0775	2.1692	2.1474	2.0180	2.2127	2.0050	2.1215	2.1780	2.1633	2.2965	2.0790
0.6685	0.5667	2.0941	2.0527	2.2074	2.1993	2.0895	2.1740	2.1051	2.0407	2.1399	2.1478	2.1250	2.0955	2.0843	2.1167	2.0833
0.7003	0.6241	0.6706	2.0127	2.2140	2.4318	2.1101	2.1870	2.1405	2.0611	2.1784	2.1629	2.2727	2.0793	2.1842	2.1946	2.0917
0.7169	0.6499	0.7307	0.5938	2.2255	2.6600	2.0880	2.2030	2.1336	2.0824	2.2995	2.0522	2.2298	2.0410	2.3208	2.1763	2.1497
0.6311	0.6552	0.9659	0.7835	0.6518	2.5141	2.0711	2.2497	2.0821	2.0507	2.3824	1.9682	2.1633	2.1243	2.1426	2.1198	2.1971
0.7081	0.7310	0.8249	0.6428	0.6765	0.5446	2.1467	2.2299	2.0854	2.1074	2.2262	2.0579	2.2839	2.1010	2.2287	2.0688	2.2607
0.8140	0.6600	0.8522	0.7119	0.6976	0.6222	1.4815	2.2235	2.0198	2.1242	2.3369	2.0983	2.2983	2.0884	2.2012	2.0232	2.1743
0.7273	0.8283	1.1134	1.0757	0.9670	0.7661	1.6651	1.2074	2.1109	2.0619	2.1403	2.1504	2.1652	2.1659	2.0057	2.0999	2.0885
0.7468	0.9537	1.0049	0.8759	0.7776	0.7126	1.5476	1.3981	0.8041	2.0436	2.2892	2.0810	2.3672	2.2006	2.1720	2.0832	1.9595
0.6780	1.2143	0.9854	0.8419	0.7714	0.6547	1.5856	1.4189	0.8241	0.6594	2.1985	2.1738	2.3602	2.0931	2.2514	2.0892	2.0452
0.7117	1.0068	0.9865	0.8793	0.8768	0.6604	1.6275	1.3473	0.8845	0.6581	0.6985	2.1086	2.1942	2.0579	2.1787	2.0593	2.0228
0.7031	0.8498	0.9177	0.8268	0.8438	0.6355	1.5908	1.4310	0.8541	0.6671	0.7031	0.7469	2.1214	2.1352	2.1543	2.3135	2.0924
0.8660	0.9380	0.8817	0.8242	0.8529	0.6145	1.5687	1.5748	0.8844	0.6742	0.7377	0.7401	1.0818	2.1460	2.0425	2.4009	2.1858
0.9823	0.7974	0.8303	0.7808	0.7766	0.6492	1.5663	1.5053	0.8365	0.6873	0.7619	0.7977	1.0711	0.8270	2.0934	2.2946	2.1492
0.8766	0.7802	0.8502	0.7755	0.7725	0.6489	1.5920	1.5148	0.8557	0.6766	0.7164	0.7791	1.0782	0.8447	0.8319	2.3199	2.1550
0.7013	1.0280	0.8802	0.7377	0.8050	0.6298	1.5628	1.3609	0.9282	0.6750	0.7208	0.7384	1.1786	0.8862	0.8647	0.6374	2.0686
0.6907	0.8329	0.8820	0.7524	0.7839	0.6195	1.5878	1.3304	0.9477	0.6646	0.7681	0.7294	1.2203	0.9407	0.8672	0.6716	0.6932
