0.6563	0.0318	0.0694	0.0539	0.0065	0.0218	0.1023	0.0728	0.0215	0.0605	0.0173	0.0919	0.0085	0.0337	0.0317	0.0116	0.0691
0.6499	0.7102	0.0372	0.0757	0.0066	0.0155	0.0711	0.0455	0.0602	0.0755	0.0264	0.0307	0.0455	0.0269	0.0312	0.0708	0.0435
0.6497	0.6828	0.7227	0.0450	0.0073	0.0025	0.0507	0.0654	0.0375	0.0388	0.0098	0.0355	0.0167	0.0915	0.0000	0.0358	0.0626
0.6432	0.6870	0.6741	0.7563	0.0066	0.0000	0.0524	0.0487	0.0573	0.0754	0.0141	0.0885	0.0444	0.0617	0.0462	0.0336	0.0635
0.7045	0.6853	0.5580	0.6522	0.7302	0.0000	0.0751	0.0361	0.0831	0.0718	0.0083	0.0944	0.0671	0.0566	0.0451	0.0512	0.0254
0.6869	0.6642	0.6293	0.7465	0.7265	0.7965	0.0547	0.0679	0.0669	0.0553	0.0045	0.0598	0.0476	0.0686	0.0681	0.0533	0.0062
0.6001	0.6883	0.6443	0.7223	0.6572	0.7405	0.1838	0.0457	0.0719	0.0526	0.0016	0.0514	0.0212	0.0533	0.0378	0.0664	0.0403
0.6395	0.6042	0.6034	0.6684	0.6678	0.7480	0.2184	0.5722	0.0528	0.0762	0.0400	0.0275	0.0000	0.0325	0.0856	0.0521	0.0679
0.6223	0.5642	0.5268	0.6460	0.6956	0.6892	0.2012	0.5333	0.6298	0.0658	0.0120	0.0440	0.0000	0.0257	0.0276	0.0691	0.0865
0.7028	0.4899	0.5221	0.6519	0.7056	0.7499	0.2277	0.5370	0.6264	0.7307	0.0421	0.0327	0.0000	0.0646	0.0194	0.0421	0.0682
0.6758	0.5463	0.5775	0.6598	0.6237	0.7601	0.3058	0.5380	0.5878	0.7364	0.7043	0.0585	0.0051	0.0851	0.0370	0.0518	0.0720
0.6719	0.6060	0.6071	0.7042	0.6481	0.7779	0.1878	0.5028	0.6317	0.7444	0.6984	0.6901	0.0110	0.0557	0.0366	0.0189	0.0835
0.6453	0.5723	0.6603	0.7071	0.6475	0.7958	0.2167	0.4805	0.6338	0.7314	0.7045	0.6902	0.3689	0.0571	0.0533	0.0141	0.0681
0.6054	0.6190	0.6709	0.6958	0.6934	0.7500	0.1864	0.4842	0.6111	0.7346	0.6909	0.6674	0.3552	0.5954	0.0348	0.0108	0.0698
0.6343	0.6256	0.6726	0.6881	0.6920	0.7548	0.2624	0.4761	0.5817	0.7307	0.7100	0.6689	0.4225	0.5999	0.2747	0.0056	0.0684
0.6763	0.5370	0.6219	0.7131	0.6808	0.7811	0.1930	0.5147	0.6395	0.7296	0.7182	0.6588	0.3569	0.6631	0.2747	0.7063	0.0584
0.6918	0.6064	0.6063	0.7003	0.6805	0.7817	0.1994	0.5228	0.6302	0.7372	0.6603	0.6897	0.2871	0.6528	0.2747	0.7133	0.7080
