0.4310	0.1025	0.3775	0.1550	0.3791	0.1475	0.2150	0.1150	0.3300	0.2159	0.2300	0.0000	0.1720	0.2165	0.0000	0.0975	0.0625
0.4828	0.7050	0.3225	0.1800	0.1409	0.0400	0.0225	0.1375	0.4100	0.2000	0.3450	0.0000	0.1420	0.0722	0.0000	0.2125	0.0525
0.4655	0.6950	0.6950	0.1750	0.4611	0.0425	0.1475	0.0625	0.3925	0.2500	0.1650	0.0025	0.0380	0.0103	0.0000	0.2500	0.0700
0.4655	0.7050	0.6750	0.6650	0.1956	0.1125	0.0825	0.1100	0.4675	0.2614	0.2375	0.0100	0.0920	0.1340	0.0000	0.1550	0.0275
0.4138	0.5425	0.5675	0.5500	0.6985	0.0625	0.0500	0.0125	0.3275	0.2136	0.2550	0.1675	0.1160	0.1856	0.0000	0.1850	0.0025
0.3448	0.6750	0.6675	0.6450	0.6730	0.7150	0.0000	0.0275	0.1550	0.2114	0.1475	0.0875	0.1200	0.2062	0.0000	0.0650	0.0450
0.4310	0.6650	0.6250	0.6600	0.6582	0.7300	0.7225	0.1475	0.2775	0.2159	0.2650	0.0750	0.0800	0.2165	0.0000	0.3000	0.0575
0.4310	0.6550	0.5650	0.6425	0.6256	0.7150	0.7150	0.7325	0.2900	0.1682	0.3625	0.0250	0.1380	0.2062	0.0200	0.3075	0.2325
0.3621	0.6425	0.6850	0.6375	0.6296	0.7225	0.7375	0.6825	0.6525	0.1500	0.3275	0.1275	0.0100	0.1649	0.0000	0.2200	0.2350
0.4828	0.6625	0.6450	0.6300	0.6774	0.7050	0.6525	0.6700	0.6575	0.5523	0.2275	0.1850	0.0820	0.1546	0.0200	0.2250	0.3075
0.3621	0.7000	0.6475	0.6600	0.6479	0.7325	0.6775	0.6300	0.6150	0.5409	0.6500	0.1525	0.0980	0.1546	0.0000	0.2000	0.3450
0.4138	0.6950	0.6575	0.6375	0.6170	0.6850	0.6875	0.6325	0.5975	0.5250	0.6100	0.6800	0.0380	0.1546	0.0000	0.2075	0.2575
0.3793	0.6825	0.7925	0.7525	0.6626	0.7525	0.7450	0.6175	0.6575	0.5409	0.6950	0.7100	0.7200	0.1753	0.0000	0.2275	0.1850
0.3621	0.7425	0.8125	0.7325	0.6601	0.7600	0.7325	0.6150	0.6425	0.5068	0.6775	0.6825	0.7260	0.7010	0.0500	0.3150	0.1475
0.3276	0.6850	0.7775	0.5650	0.6661	0.6625	0.5825	0.4850	0.4875	0.5318	0.6375	0.5650	0.7100	0.7010	0.4600	0.1000	0.1125
0.3621	0.7125	0.7800	0.6350	0.6636	0.7375	0.6475	0.6550	0.6575	0.5273	0.6875	0.6100	0.7160	0.7010	0.4400	0.6825	0.0950
0.3793	0.7250	0.7800	0.7375	0.6275	0.7125	0.7150	0.5800	0.7150	0.5318	0.6250	0.6725	0.7840	0.7010	0.4300	0.6825	0.7350
