0.3285	0.0612	0.0925	0.0634	0.0860	0.0593	0.0728	0.0564	0.0829	0.0745	0.0918	0.0000	0.0723	0.1056	0.0000	0.0620	0.0436
0.3421	0.6946	0.1095	0.1281	0.0523	0.0317	0.0151	0.0822	0.1676	0.0831	0.1342	0.0000	0.0686	0.0864	0.0000	0.1724	0.0364
0.3314	0.6809	0.6838	0.0918	0.1666	0.0395	0.0729	0.0393	0.1985	0.0973	0.0722	0.0019	0.0364	0.0133	0.0000	0.1233	0.0282
0.3167	0.6968	0.6703	0.6505	0.0932	0.0664	0.0393	0.0557	0.2648	0.1031	0.0709	0.0092	0.0658	0.0605	0.0000	0.1025	0.0181
0.2610	0.4944	0.5490	0.5520	0.6983	0.0593	0.0292	0.0133	0.0807	0.0777	0.0733	0.0827	0.0614	0.0900	0.0000	0.0842	0.0022
0.1573	0.6650	0.6678	0.6440	0.6641	0.7029	0.0000	0.0184	0.0602	0.0732	0.0550	0.0395	0.0633	0.0877	0.0000	0.0461	0.0358
0.2805	0.6539	0.6281	0.6558	0.6428	0.7170	0.7136	0.0409	0.0938	0.0859	0.0718	0.0296	0.0451	0.0913	0.0000	0.1450	0.0435
0.2768	0.6380	0.5695	0.6385	0.5871	0.7118	0.7130	0.7282	0.1078	0.0708	0.1101	0.0218	0.0694	0.0927	0.0167	0.1121	0.1005
0.1608	0.6179	0.6818	0.6257	0.5966	0.7173	0.7329	0.6659	0.6390	0.0676	0.0684	0.0750	0.0116	0.0696	0.0000	0.1268	0.1328
0.3154	0.6536	0.6419	0.6121	0.6774	0.6964	0.6318	0.6568	0.6415	0.5696	0.0817	0.0884	0.0436	0.0951	0.0159	0.1095	0.1205
0.1736	0.6952	0.6391	0.6510	0.6355	0.7254	0.6626	0.5978	0.5907	0.5480	0.6355	0.0917	0.0610	0.0737	0.0000	0.1037	0.1684
0.2509	0.6884	0.6533	0.6258	0.5788	0.6827	0.6832	0.5912	0.5668	0.5259	0.6047	0.6749	0.0296	0.0977	0.0000	0.0760	0.1132
0.2550	0.6766	0.7901	0.7464	0.6624	0.7485	0.7387	0.5934	0.6321	0.5263	0.6951	0.6997	0.6491	0.1085	0.0000	0.0736	0.0967
0.2756	0.7382	0.8081	0.7246	0.6598	0.7523	0.7266	0.5865	0.6223	0.4733	0.6683	0.6547	0.6096	0.2747	0.0298	0.1083	0.0697
0.2402	0.6595	0.7576	0.5296	0.6661	0.6423	0.5388	0.3978	0.4128	0.5059	0.6172	0.5218	0.5383	0.2747	0.3315	0.0566	0.0578
0.2311	0.6914	0.7613	0.6154	0.6635	0.7339	0.6208	0.6311	0.6400	0.5159	0.6861	0.5860	0.6238	0.2747	0.2037	0.6561	0.0515
0.2851	0.7123	0.7647	0.7252	0.6056	0.7136	0.7113	0.5499	0.7022	0.5258	0.6278	0.6629	0.7242	0.2747	0.2320	0.6802	0.7218
