1.4596	2.0907	1.9935	2.1439	2.0365	2.0495	2.0737	2.0870	1.9975	2.0967	2.0306	2.1903	1.9865	2.0490	2.1228	2.0564	2.1256
1.3962	0.6863	1.9999	2.1944	1.9988	2.1039	2.1155	1.9531	1.8741	2.0989	1.9212	2.2307	2.0618	2.1826	2.3358	1.9233	2.0745
1.3914	0.7580	0.7317	2.1596	1.7936	2.0257	2.0701	2.0710	1.9103	2.1054	2.0671	2.2712	2.0820	2.2007	2.3379	1.9426	2.2187
1.4406	0.7479	0.7759	0.7661	1.8670	2.1777	2.1178	2.0279	1.8159	2.0490	2.0661	2.1681	2.0060	2.1251	2.4654	1.9634	2.1666
1.4196	1.1946	1.1849	1.1304	0.5736	2.0316	2.0715	2.1005	2.0167	2.0467	2.0498	2.0359	2.0422	2.0656	2.2823	2.0344	2.0913
1.4401	0.8095	0.8510	0.8400	0.6823	0.6978	2.2647	2.1975	2.0408	2.1107	2.0747	2.0806	2.1705	2.2382	2.3744	1.9758	2.0649
1.3613	0.8173	0.8971	0.8364	0.7372	0.6739	0.6873	2.2136	1.9938	2.1284	2.0439	2.0947	2.1282	2.2581	2.2662	1.8868	2.0399
1.4188	0.8257	1.0406	0.8856	0.8687	0.7366	0.7484	0.7037	1.9720	2.1723	1.9664	2.1186	2.0489	2.2718	2.1933	1.9075	2.0145
1.4599	0.7908	0.7942	0.8192	0.8412	0.7237	0.7277	0.7706	0.7739	2.1881	2.0895	2.0063	2.1964	2.1587	2.2274	1.8390	1.9219
1.4660	0.9759	0.9660	0.9992	0.6313	0.8915	0.8505	0.8482	0.9032	1.1370	2.0550	2.0694	2.0792	2.0921	2.2349	1.9808	1.9504
1.4822	0.8150	0.8711	0.8767	0.7186	0.7701	0.7855	0.8290	0.8845	1.1948	0.7713	2.0264	2.1670	2.1603	2.2855	1.9334	1.8514
1.5507	0.8187	0.8775	0.8729	0.8710	0.7895	0.7862	0.8410	0.9262	1.2483	0.8779	0.7518	2.2539	2.2074	2.2766	1.9909	1.9007
1.3814	0.8527	0.7602	0.9771	0.6325	0.8214	0.7697	0.9073	0.9507	1.2151	0.7657	0.8784	0.7865	2.1041	2.2007	2.0223	2.0440
1.4172	0.8261	0.7366	0.9657	0.6387	0.8086	0.7469	0.8795	0.9012	1.3097	0.7399	0.8756	0.9456	0.7407	2.1216	1.9980	2.1528
1.5106	0.8984	0.7914	1.0171	0.6252	0.8517	0.8846	0.9913	1.0297	1.2704	0.8490	0.9437	1.0592	0.7864	1.0868	2.0523	2.1424
1.5055	0.7739	0.6941	0.9042	0.6313	0.7105	0.7747	0.8141	0.8085	1.2357	0.7361	0.8496	0.8860	0.7876	1.1761	0.7634	2.1149
1.4090	0.7471	0.6817	0.8738	0.7321	0.7695	0.7331	0.8568	0.7477	1.2337	0.7934	0.8278	0.6027	0.7869	1.1051	0.7550	0.6835
