0.6825	0.1159	0.3520	0.0275	0.0175	0.1034	0.4433	0.1250	0.0050	0.1600	0.2700	0.1825	0.3629	0.1375	0.1800	0.0675	0.0050
0.6550	0.5841	0.1180	0.0850	0.0250	0.0000	0.6495	0.3150	0.2075	0.1000	0.2125	0.3125	0.3413	0.0150	0.2175	0.1875	0.0275
0.7000	0.5545	0.7080	0.0250	0.0625	0.0172	0.7010	0.1625	0.1700	0.0400	0.2100	0.2625	0.0192	0.0150	0.0775	0.1250	0.0325
0.6775	0.5318	0.7120	0.7550	0.0225	0.0000	0.6289	0.1750	0.0775	0.0000	0.2325	0.3500	0.0506	0.0325	0.1775	0.2600	0.0075
0.6600	0.5364	0.7040	0.7525	0.7325	0.0000	0.6701	0.1825	0.1725	0.0000	0.2275	0.3250	0.0157	0.0975	0.2025	0.1025	0.0050
0.6250	0.5045	0.7020	0.7500	0.7100	0.4483	0.6392	0.2425	0.1500	0.0800	0.1475	0.3850	0.0138	0.0250	0.2225	0.2375	0.0075
0.5850	0.4909	0.6660	0.7475	0.7075	0.4655	0.7010	0.1675	0.1700	0.0700	0.1425	0.3625	0.0096	0.0475	0.1525	0.1725	0.0025
0.7025	0.4795	0.6980	0.7175	0.7300	0.4655	0.7010	0.7350	0.1425	0.0300	0.2050	0.3850	0.0827	0.0500	0.2175	0.1775	0.0000
0.6875	0.4614	0.7060	0.7050	0.7150	0.3793	0.7010	0.7250	0.7200	0.0400	0.2800	0.3675	0.0651	0.0275	0.1400	0.0650	0.0125
0.6025	0.5182	0.7200	0.7250	0.7125	0.4310	0.7010	0.6475	0.6325	0.4200	0.2650	0.3950	0.0064	0.0800	0.2200	0.0525	0.0200
0.6875	0.5227	0.6920	0.7400	0.7300	0.4138	0.7010	0.7250	0.7025	0.4000	0.7550	0.3225	0.0699	0.0375	0.1900	0.1175	0.0025
0.7025	0.4591	0.6580	0.7350	0.7350	0.4310	0.7010	0.7300	0.7075	0.4200	0.7225	0.7325	0.2111	0.0375	0.2275	0.1700	0.0700
0.6800	0.4295	0.6860	0.6875	0.7100	0.3276	0.7010	0.7050	0.6900	0.3800	0.6475	0.7200	0.7050	0.1000	0.2750	0.0450	0.1075
0.6825	0.3409	0.7020	0.7425	0.7025	0.3621	0.6907	0.6550	0.6825	0.4500	0.6775	0.7150	0.6587	0.8000	0.2300	0.0275	0.1725
0.6300	0.2909	0.7000	0.7325	0.6825	0.3448	0.6907	0.6150	0.6475	0.4900	0.6500	0.7100	0.6430	0.7900	0.7475	0.0325	0.0850
0.6900	0.2977	0.6920	0.7125	0.7200	0.3103	0.6804	0.6475	0.6750	0.4700	0.6700	0.7325	0.6661	0.7975	0.7150	0.7100	0.0325
0.6775	0.2341	0.6600	0.6925	0.7025	0.3621	0.6907	0.6400	0.6825	0.4800	0.6500	0.7375	0.6899	0.8200	0.7275	0.6875	0.7500
