0.7535	2.0501	1.9592	2.0295	2.1933	2.2272	1.9225	1.9660	2.1288	1.9603	1.9613	1.9972	2.0916	2.0413	2.0641	2.2050	2.2633
0.9489	1.1629	2.0699	2.1254	2.1537	2.2468	1.8641	1.9523	2.0322	2.0738	2.0581	1.9555	2.0910	2.1853	2.0245	2.0562	2.1949
0.9558	1.3171	0.7503	2.2182	2.1722	2.1909	1.7216	1.9987	2.0474	2.1615	2.0318	1.9321	2.2512	2.2487	2.0722	2.0953	2.1784
0.8272	1.3091	0.7361	0.5925	2.2116	2.4143	1.7078	1.9846	2.1113	2.1878	2.0067	1.8257	2.2779	2.2924	1.9338	1.9966	2.2914
0.8492	1.3933	0.8088	0.6095	0.6147	2.3349	1.6113	2.0345	2.0575	2.2392	2.0006	1.9107	2.3574	2.2417	2.0183	2.0604	2.3349
0.9167	1.4690	0.7934	0.6850	0.7038	1.4381	1.7153	2.0090	2.1232	2.1327	2.0429	1.8406	2.2880	2.2689	1.9845	1.9844	2.2774
0.8919	1.4548	0.9567	0.6133	0.6841	1.4425	0.8314	2.0517	2.2047	2.1193	2.0221	1.8771	2.2858	2.2512	1.9306	2.0580	2.3646
0.7646	1.4920	1.0016	0.6472	0.6666	1.4003	0.8330	0.7045	2.1395	2.1355	1.9416	1.8401	2.2264	2.2140	1.9651	2.0639	2.3736
0.7711	1.5242	1.0291	0.6601	0.6682	1.4517	0.7955	0.6902	0.6436	2.1217	1.8853	1.8462	2.2070	2.2257	1.9602	2.1525	2.2984
0.8860	1.3676	0.9644	0.6704	0.6943	1.4100	0.9040	0.8498	0.7864	1.0952	1.9333	1.8191	2.3051	2.1275	1.9828	2.1771	2.3063
0.7573	1.4758	0.9574	0.6669	0.6749	1.4633	0.8517	0.7461	0.6899	1.1431	0.6455	1.8893	2.1081	2.2083	2.0369	2.0644	2.3986
0.7581	1.5055	1.0871	0.6540	0.6552	1.4422	0.8875	0.7502	0.6931	1.1329	0.6752	0.6063	2.1080	2.2942	2.0265	2.0128	2.2105
1.0466	1.3776	0.7234	1.0217	0.9480	1.5644	1.3887	1.0730	1.0356	1.2696	1.1223	0.8599	0.5923	2.0924	1.9933	2.1330	2.0807
0.7909	1.8139	0.8979	0.6769	0.7563	1.4159	1.0925	0.8716	0.7474	1.1039	0.8211	0.6503	0.7888	0.5058	1.8989	2.2359	2.0140
0.8583	2.1479	0.9171	0.6864	0.7921	1.4491	1.0775	0.9089	0.8151	1.0979	0.7857	0.6485	0.8627	0.5241	0.6548	2.1783	2.1362
0.8131	2.0185	0.8798	0.7192	0.7295	1.4340	1.0939	0.8871	0.8271	1.1216	0.7967	0.6533	0.7537	0.5060	0.6965	0.6610	2.1311
0.7987	2.5945	0.9961	0.7154	0.7502	1.4068	1.0030	0.8822	0.7853	1.1188	0.8116	0.6359	0.6739	0.5383	0.6825	0.7271	0.6379
