0.6738	0.0439	0.0953	0.0244	0.0113	0.0804	0.1344	0.0624	0.0054	0.0707	0.1118	0.0921	0.0846	0.0644	0.1160	0.0455	0.0041
0.6237	0.5991	0.0718	0.0378	0.0158	0.0000	0.1595	0.1158	0.0776	0.0496	0.0926	0.1197	0.0722	0.0133	0.0975	0.0723	0.0161
0.6949	0.5272	0.6501	0.0154	0.0284	0.0167	0.2276	0.0761	0.0735	0.0246	0.0652	0.1075	0.0091	0.0126	0.0374	0.0603	0.0264
0.6724	0.5191	0.6698	0.7415	0.0116	0.0000	0.1437	0.0838	0.0534	0.0000	0.0836	0.1723	0.0242	0.0139	0.0929	0.1020	0.0049
0.6452	0.5126	0.6727	0.7360	0.7205	0.0000	0.2351	0.0811	0.0669	0.0000	0.0532	0.1184	0.0074	0.0395	0.0826	0.0617	0.0046
0.5978	0.4788	0.6193	0.7284	0.6905	0.2683	0.1868	0.0721	0.0575	0.0375	0.0594	0.1214	0.0066	0.0168	0.0853	0.1140	0.0048
0.5495	0.4676	0.5850	0.7412	0.7032	0.3076	0.2747	0.0690	0.0544	0.0368	0.0472	0.1177	0.0047	0.0247	0.1178	0.0772	0.0016
0.6911	0.4630	0.5789	0.6989	0.7190	0.3222	0.2747	0.7242	0.0805	0.0251	0.0862	0.0878	0.0308	0.0341	0.1304	0.0693	0.0000
0.6647	0.4441	0.5931	0.6943	0.7029	0.2289	0.2747	0.7105	0.7111	0.0265	0.0963	0.1114	0.0295	0.0226	0.0746	0.0356	0.0092
0.5504	0.5140	0.5952	0.7101	0.7007	0.2772	0.2747	0.6288	0.6129	0.3720	0.0934	0.1437	0.0031	0.0434	0.0977	0.0268	0.0122
0.6657	0.4954	0.6058	0.7361	0.7247	0.2358	0.2747	0.7134	0.6942	0.3248	0.7498	0.1159	0.0291	0.0175	0.0702	0.0558	0.0016
0.6872	0.4628	0.5659	0.7332	0.7300	0.2903	0.2747	0.7150	0.7044	0.3079	0.7208	0.7219	0.0585	0.0160	0.0694	0.0710	0.0366
0.6519	0.4417	0.6040	0.6773	0.7032	0.2508	0.2747	0.6923	0.6822	0.3574	0.6313	0.6964	0.7050	0.0562	0.0776	0.0263	0.0530
0.6503	0.3357	0.6160	0.7267	0.6899	0.2101	0.2740	0.6357	0.6761	0.3440	0.6778	0.6933	0.6412	0.7839	0.0977	0.0171	0.0845
0.5945	0.2781	0.6243	0.7234	0.6717	0.1802	0.2740	0.5843	0.6336	0.3629	0.6369	0.6997	0.6174	0.7770	0.7416	0.0202	0.0468
0.6726	0.2962	0.6561	0.7094	0.7148	0.1588	0.2699	0.6277	0.6679	0.3359	0.6714	0.7270	0.6521	0.7876	0.7128	0.7033	0.0225
0.6420	0.2121	0.6029	0.6778	0.6937	0.1817	0.2724	0.6128	0.6766	0.3647	0.6359	0.7311	0.6881	0.8079	0.7193	0.6765	0.7389
