0.6738	0.0439	0.0953	0.0244	0.0113	0.0804	0.1344	0.0624	0.0054	0.0707	0.1118	0.0921	0.0846	0.0644	0.1160	0.0455	0.0041
-0.0501	0.5552	-0.0235	0.0134	0.0045	-0.0804	0.0251	0.0534	0.0722	-0.0211	-0.0192	0.0276	-0.0124	-0.0511	-0.0185	0.0268	0.0120
0.0712	-0.0719	0.5783	-0.0224	0.0126	0.0167	0.0681	-0.0397	-0.0041	-0.0250	-0.0274	-0.0122	-0.0631	-0.0007	-0.0601	-0.0120	0.0103
-0.0225	-0.0081	0.0197	0.7261	-0.0168	-0.0167	-0.0839	0.0077	-0.0201	-0.0246	0.0184	0.0648	0.0151	0.0013	0.0555	0.0417	-0.0215
-0.0272	-0.0065	0.0029	-0.0055	0.7089	0.0000	0.0914	-0.0027	0.0135	0.0000	-0.0304	-0.0539	-0.0168	0.0256	-0.0103	-0.0403	-0.0003
-0.0474	-0.0338	-0.0534	-0.0076	-0.0300	0.2683	-0.0483	-0.0090	-0.0094	0.0375	0.0062	0.0030	-0.0008	-0.0227	0.0027	0.0523	0.0002
-0.0483	-0.0112	-0.0343	0.0128	0.0127	0.0393	0.0879	-0.0031	-0.0031	-0.0007	-0.0122	-0.0037	-0.0019	0.0079	0.0325	-0.0368	-0.0032
0.1416	-0.0046	-0.0061	-0.0423	0.0158	0.0146	0.0000	0.6552	0.0261	-0.0117	0.0390	-0.0299	0.0261	0.0094	0.0126	-0.0079	-0.0016
-0.0264	-0.0189	0.0142	-0.0046	-0.0161	-0.0933	0.0000	-0.0137	0.6306	0.0014	0.0101	0.0236	-0.0013	-0.0115	-0.0558	-0.0337	0.0092
-0.1143	0.0699	0.0021	0.0158	-0.0022	0.0483	0.0000	-0.0817	-0.0982	0.3455	-0.0029	0.0323	-0.0264	0.0208	0.0231	-0.0088	0.0030
0.1153	-0.0186	0.0106	0.0260	0.0240	-0.0414	0.0000	0.0846	0.0813	-0.0472	0.6564	-0.0278	0.0260	-0.0259	-0.0275	0.0290	-0.0106
0.0215	-0.0326	-0.0399	-0.0029	0.0053	0.0545	0.0000	0.0016	0.0102	-0.0169	-0.0290	0.6060	0.0294	-0.0015	-0.0008	0.0152	0.0350
-0.0353	-0.0211	0.0381	-0.0559	-0.0268	-0.0395	0.0000	-0.0227	-0.0222	0.0495	-0.0895	-0.0255	0.6465	0.0402	0.0082	-0.0447	0.0164
-0.0016	-0.1060	0.0120	0.0494	-0.0133	-0.0407	-0.0007	-0.0566	-0.0061	-0.0134	0.0465	-0.0031	-0.0638	0.7277	0.0201	-0.0092	0.0315
-0.0558	-0.0576	0.0083	-0.0033	-0.0182	-0.0299	0.0000	-0.0514	-0.0425	0.0189	-0.0409	0.0064	-0.0238	-0.0069	0.6439	0.0031	-0.0377
0.0781	0.0181	0.0318	-0.0140	0.0431	-0.0214	-0.0041	0.0434	0.0343	-0.0270	0.0345	0.0273	0.0347	0.0106	-0.0288	0.6831	-0.0243
-0.0306	-0.0841	-0.0532	-0.0316	-0.0211	0.0229	0.0025	-0.0149	0.0087	0.0288	-0.0355	0.0041	0.0360	0.0203	0.0065	-0.0268	0.7164
