0.6725	0.0750	0.0100	0.0125	0.0175	0.1897	0.6082	0.0200	0.0425	0.0000	0.1450	0.3900	0.0004	0.3775	0.0000	0.0450	0.0150
0.6850	0.6091	0.0220	0.1175	0.2175	0.1724	0.4433	0.0075	0.0625	0.0100	0.1225	0.2875	0.0954	0.1950	0.0000	0.0850	0.0975
0.6850	0.5795	0.7420	0.2050	0.1800	0.1897	0.2990	0.0050	0.0950	0.0200	0.0350	0.2975	0.0500	0.1050	0.0025	0.0275	0.1425
0.6800	0.5455	0.7280	0.7450	0.2100	0.1552	0.2062	0.0125	0.0275	0.0300	0.0000	0.2050	0.0030	0.1525	0.0175	0.1450	0.3350
0.6575	0.5295	0.4360	0.7200	0.4850	0.2241	0.0412	0.0300	0.0000	0.1800	0.0000	0.0400	0.0213	0.1975	0.0300	0.1375	0.2925
0.6575	0.5636	0.5080	0.6825	0.5050	0.3276	0.0928	0.0350	0.0100	0.1700	0.0000	0.2125	0.1022	0.1875	0.0025	0.2400	0.3000
0.6700	0.5545	0.5020	0.6725	0.5025	0.3103	0.6907	0.0325	0.0025	0.1600	0.0000	0.1100	0.0962	0.1850	0.0000	0.0325	0.3125
0.6725	0.5682	0.5880	0.6675	0.5250	0.4310	0.7010	0.6875	0.0225	0.0400	0.0000	0.1450	0.0430	0.1925	0.0025	0.0600	0.2850
0.6775	0.5705	0.6120	0.7000	0.5425	0.4138	0.7010	0.6850	0.7300	0.0800	0.0000	0.2875	0.0186	0.1050	0.0075	0.1275	0.2325
0.6425	0.5659	0.6500	0.7025	0.5275	0.4483	0.7010	0.6425	0.6950	0.4700	0.0000	0.4025	0.0385	0.1475	0.0075	0.1400	0.1950
0.6725	0.5705	0.7020	0.7025	0.5675	0.3793	0.7010	0.6850	0.6725	0.4200	0.7100	0.4100	0.0945	0.1500	0.0000	0.2200	0.2625
0.6750	0.5750	0.6880	0.6900	0.5525	0.3793	0.7010	0.6875	0.7000	0.4500	0.7075	0.7300	0.0843	0.1525	0.0125	0.2825	0.2125
0.6775	0.5841	0.6980	0.6825	0.5750	0.3621	0.7010	0.6875	0.7025	0.4200	0.7000	0.7200	0.6987	0.1575	0.0175	0.2275	0.1700
0.6800	0.5932	0.7200	0.7100	0.5225	0.3621	0.7010	0.6825	0.6625	0.3800	0.7175	0.7225	0.5920	0.7925	0.0325	0.1875	0.1175
0.6650	0.5409	0.7020	0.7100	0.5125	0.3276	0.6907	0.6425	0.6425	0.4000	0.6850	0.6950	0.5662	0.7675	0.7275	0.1225	0.1525
0.6675	0.5341	0.7100	0.6825	0.5350	0.3103	0.6907	0.6175	0.5725	0.4000	0.6675	0.6675	0.5614	0.7375	0.6900	0.6975	0.1325
0.6650	0.5159	0.7020	0.7275	0.5125	0.2931	0.6907	0.6375	0.6650	0.3200	0.6825	0.7000	0.5626	0.7800	0.7225	0.6575	0.7525
