0.6666	0.0384	0.0081	0.0102	0.0131	0.0647	0.1584	0.0113	0.0314	0.0000	0.0538	0.1430	0.0005	0.1373	0.0000	0.0287	0.0134
0.6716	0.6228	0.0200	0.0461	0.0605	0.1318	0.1129	0.0055	0.0360	0.0124	0.0476	0.1173	0.0526	0.0701	0.0000	0.0451	0.0384
0.6701	0.6005	0.6915	0.0693	0.0506	0.0961	0.0746	0.0041	0.0538	0.0190	0.0259	0.1308	0.0288	0.0543	0.0018	0.0176	0.0483
0.6682	0.5597	0.6964	0.7422	0.0512	0.0843	0.0673	0.0098	0.0237	0.0370	0.0000	0.0845	0.0017	0.0729	0.0106	0.0556	0.0926
0.6437	0.5416	0.2343	0.7017	0.3950	0.1079	0.0417	0.0153	0.0000	0.0900	0.0000	0.0452	0.0101	0.1224	0.0160	0.0595	0.1387
0.6386	0.5764	0.3422	0.6103	0.4286	0.2670	0.0317	0.0155	0.0062	0.1192	0.0000	0.1339	0.0361	0.0761	0.0016	0.0647	0.1055
0.6541	0.5664	0.3346	0.5886	0.4227	0.2615	0.2740	0.0150	0.0022	0.0821	0.0000	0.0720	0.0355	0.0918	0.0000	0.0209	0.1119
0.6513	0.5861	0.4649	0.6208	0.4349	0.3388	0.2747	0.6646	0.0154	0.0432	0.0000	0.0864	0.0207	0.0784	0.0028	0.0435	0.1073
0.6649	0.5881	0.5184	0.6716	0.4642	0.3079	0.2747	0.6661	0.7228	0.0519	0.0000	0.1625	0.0087	0.0691	0.0074	0.0864	0.0904
0.6227	0.5741	0.5668	0.6697	0.4552	0.3332	0.2764	0.6204	0.6813	0.3997	0.0000	0.2122	0.0173	0.0720	0.0079	0.0787	0.0735
0.6590	0.5818	0.6654	0.6915	0.5054	0.2800	0.2747	0.6677	0.6641	0.2961	0.7013	0.2053	0.0395	0.0870	0.0000	0.1003	0.0976
0.6598	0.5927	0.6556	0.6754	0.4787	0.2832	0.2747	0.6728	0.6934	0.3376	0.7046	0.7176	0.0359	0.0970	0.0089	0.1478	0.0691
0.6627	0.6014	0.6746	0.6628	0.5161	0.2685	0.2747	0.6747	0.6954	0.2741	0.6986	0.7112	0.6987	0.0861	0.0132	0.1120	0.0667
0.6672	0.6000	0.6690	0.6861	0.4712	0.2808	0.2798	0.6714	0.6469	0.2271	0.7119	0.7120	0.5397	0.7834	0.0179	0.0864	0.0533
0.6511	0.5526	0.6576	0.7127	0.4476	0.2699	0.2792	0.6307	0.6399	0.3051	0.6773	0.6882	0.4905	0.7605	0.7236	0.0785	0.0616
0.6540	0.5415	0.6799	0.6867	0.4745	0.2503	0.2774	0.6131	0.5747	0.3180	0.6609	0.6668	0.4824	0.7323	0.6881	0.6894	0.0606
0.6494	0.5318	0.6617	0.7282	0.4507	0.2477	0.2774	0.6238	0.6626	0.2679	0.6776	0.6892	0.4811	0.7724	0.7209	0.6400	0.7420
