0.7691	2.1520	2.1655	2.1521	2.1411	2.0695	1.9166	2.3086	2.0977	2.4222	2.1779	1.9947	1.9950	1.9817	2.2226	2.1003	2.1618
0.8016	1.2925	2.2719	2.1220	2.1460	1.9884	1.9566	2.2442	2.1040	2.3939	2.0991	1.9872	1.9344	2.0763	2.3011	2.1687	2.1340
0.7938	1.3446	0.7002	2.0935	2.1884	2.0073	1.9435	2.2840	2.0786	2.3562	2.1186	1.9791	2.0189	2.0882	2.3099	2.1846	2.1422
0.8080	1.5374	0.7061	0.8585	2.1917	2.0637	1.9259	2.3536	2.1989	2.4979	2.3533	2.0910	2.1878	1.9537	2.2428	2.1245	2.0086
0.8208	1.7409	2.4947	0.9594	1.0344	2.0787	2.1549	2.3549	2.4320	2.2415	2.5096	2.0050	2.1089	2.0396	2.2172	2.1876	1.7943
0.8847	1.5789	1.5925	1.0721	1.0607	1.4231	2.0826	2.2617	2.2710	2.1477	2.4330	1.9265	2.1846	2.0996	2.2780	2.1117	1.9168
0.8373	1.5974	1.5709	1.1610	1.0164	1.4246	0.8496	2.3681	2.3132	2.2907	2.4792	1.9204	2.1189	2.0864	2.4772	2.1957	1.8851
0.8371	1.4045	1.0344	1.0371	1.0692	1.3832	0.8497	0.7488	2.2535	2.2982	2.4022	1.9744	2.2034	2.1252	2.3453	2.1198	1.9642
0.8198	1.5094	1.1055	1.1366	1.0160	1.4076	0.8304	0.7473	0.6664	2.3433	2.5014	1.8434	2.2184	2.0726	2.3808	2.0389	1.9977
0.9162	1.5454	0.9443	1.0956	1.0585	1.3740	0.8972	0.8311	0.7434	1.1047	2.4012	1.7948	2.1541	2.0219	2.3242	2.0489	1.9997
0.8239	1.4467	0.8004	1.1263	1.0330	1.4017	0.8679	0.7533	0.8110	1.1353	0.7054	1.7868	2.0104	2.0438	2.3883	1.9867	1.9505
0.8002	1.4568	0.8781	1.2097	1.0059	1.4363	0.8733	0.7386	0.7746	1.1338	0.7066	0.6687	2.0198	2.0160	2.3414	1.9345	2.0539
0.8099	1.3791	0.8120	1.1133	1.0429	1.4355	0.8898	0.7568	0.7689	1.1292	0.7121	0.6768	0.5814	2.0658	2.3243	1.9714	2.0631
0.8003	1.4786	0.7980	1.0691	0.9746	1.4738	0.9093	0.7598	0.8410	1.1650	0.7051	0.6832	1.1567	0.6680	2.3867	2.0396	2.0802
0.8031	1.5287	0.8421	1.0447	0.9920	1.4932	0.9607	0.8202	0.9969	1.1809	0.7376	0.7096	2.4377	0.6918	0.7539	2.0887	2.1365
0.8090	1.5285	0.8714	1.1666	0.9838	1.4778	0.9713	0.8335	1.1642	1.1525	0.7705	0.7717	3.8028	0.7907	0.8223	0.8490	2.2264
0.8324	1.5477	0.9001	0.9941	0.9758	1.5119	0.9441	0.8162	0.8347	1.2063	0.7367	0.7122	4.4537	0.6795	0.8014	1.1449	1.0385
