0.7480	0.0702	0.0617	0.0448	0.0032	0.0732	0.0000	0.0695	0.0064	0.0562	0.0754	0.0143	0.0473	0.0268	0.0313	0.0477	0.0439
0.7369	0.7139	0.0503	0.0135	0.0373	0.0732	0.0538	0.0464	0.0740	0.0606	0.0160	0.0518	0.0291	0.0853	0.0954	0.0336	0.0718
0.7532	0.7136	0.8345	0.0596	0.0496	0.0493	0.0539	0.0253	0.0965	0.0772	0.0421	0.0365	0.0106	0.0522	0.0952	0.0179	0.0768
0.6915	0.7205	0.8367	0.8246	0.0729	0.0587	0.0840	0.0998	0.0713	0.0717	0.0105	0.0557	0.0004	0.0753	0.1187	0.0067	0.0775
0.7361	0.7126	0.8340	0.8201	0.7283	0.0875	0.0579	0.0585	0.0495	0.0345	0.0222	0.0489	0.0033	0.0698	0.0588	0.0106	0.0480
0.7108	0.7180	0.8172	0.8069	0.7179	0.3137	0.1093	0.0428	0.0533	0.0264	0.0175	0.0539	0.0074	0.0684	0.0594	0.0113	0.0381
0.7248	0.7156	0.8483	0.7905	0.6875	0.3711	0.5840	0.0132	0.0461	0.0420	0.0413	0.0588	0.0104	0.0492	0.0284	0.0041	0.0367
0.7618	0.7013	0.8507	0.8098	0.7101	0.3798	0.4562	0.7533	0.0355	0.0224	0.0628	0.1275	0.0098	0.0491	0.0316	0.0071	0.0701
0.7622	0.6921	0.8616	0.7777	0.6850	0.4183	0.5114	0.7380	0.7754	0.0492	0.0547	0.0405	0.0119	0.0621	0.0233	0.0123	0.0741
0.7318	0.6785	0.8545	0.8007	0.7106	0.4145	0.5251	0.7452	0.7716	0.2315	0.0530	0.0314	0.0056	0.0679	0.0211	0.0124	0.0875
0.7068	0.6734	0.8448	0.7660	0.7045	0.4262	0.5915	0.7263	0.7342	0.2950	0.7401	0.0507	0.0866	0.0550	0.0099	0.0159	0.0953
0.7042	0.6820	0.8693	0.8040	0.6804	0.4007	0.5208	0.7285	0.7359	0.2553	0.7368	0.8123	0.0539	0.0566	0.0158	0.0171	0.1063
0.5701	0.6213	0.8436	0.7037	0.4618	0.3541	0.4669	0.6147	0.6619	0.2959	0.6475	0.7783	0.7020	0.0442	0.0031	0.0153	0.1445
0.5700	0.6534	0.8505	0.7384	0.4656	0.3605	0.4049	0.6057	0.6911	0.2099	0.6118	0.7916	0.6864	0.9082	0.0032	0.0074	0.1234
0.6103	0.6705	0.8434	0.7778	0.6790	0.3704	0.4460	0.5785	0.6646	0.2240	0.6388	0.7890	0.7020	0.9145	0.7367	0.0406	0.1614
0.7029	0.6670	0.8592	0.8000	0.6273	0.3210	0.4179	0.6694	0.6970	0.2461	0.5799	0.7934	0.7042	0.9020	0.7211	0.6864	0.1088
0.6865	0.6671	0.8639	0.7924	0.6718	0.3388	0.4179	0.7036	0.7104	0.2439	0.5361	0.8000	0.6909	0.8976	0.7484	0.7184	0.7965
