0.6020	2.0485	2.2847	2.1755	2.2594	2.4146	2.2751	2.0238	2.1776	2.0648	2.0762	2.1552	1.8616	2.0544	2.1814	2.1286	2.0566
0.8627	0.8305	2.1370	2.1806	2.1529	2.1727	2.0401	2.2134	2.0188	2.1136	2.2889	2.1285	2.0266	1.8324	2.0450	2.2106	2.0522
0.7371	0.9288	0.3552	2.1396	2.1299	2.2240	2.0187	2.1370	2.0347	2.0796	2.2139	2.1468	2.0462	1.9974	2.0699	2.3678	2.0945
0.8020	0.9047	0.3452	0.4676	2.1941	2.2680	1.9779	2.0208	2.0770	2.0690	2.3168	2.1025	2.4018	1.9161	2.0736	2.5230	2.0957
0.7711	0.9180	0.3263	0.4991	0.6590	2.2126	1.9820	2.0336	2.1310	2.2389	2.2460	2.1010	2.1961	1.9272	2.1623	2.2948	2.1230
0.7606	0.9673	0.3483	0.5228	0.6793	1.2202	1.8172	2.1675	2.1872	2.3609	2.2861	2.0898	2.1449	1.9561	2.1519	2.3638	2.1561
0.7190	0.9407	0.3088	0.5800	0.7304	1.2661	0.6958	2.2505	2.1656	2.1614	2.2129	2.0382	2.1962	2.0102	2.2977	2.4714	2.1160
0.6221	0.9446	0.2801	0.4955	0.6987	1.2099	0.6865	0.5828	2.2474	2.3231	2.1997	1.9375	2.2423	2.0281	2.3022	2.3717	2.0340
0.6270	0.9642	0.3080	0.5623	0.7270	1.2257	0.7584	0.6116	0.5630	2.1643	2.2291	2.1283	2.1242	1.9429	2.2603	2.3387	2.0449
0.6729	0.9963	0.3023	0.5345	0.7702	1.2286	0.7852	0.6516	0.5827	1.2137	2.1342	2.1543	2.2755	1.9139	2.2913	2.2841	1.9633
0.6662	0.9739	0.3111	0.6003	0.7917	1.2564	0.7863	0.6820	0.6268	1.2348	0.6406	2.1793	2.1187	1.9653	2.3738	2.2327	1.9430
0.7015	1.0313	0.2960	0.5497	0.7698	1.2307	0.8150	0.7042	0.6305	1.2439	0.6499	0.5284	2.0374	1.9416	2.3860	2.2775	1.9199
1.2433	1.0661	0.3784	1.0688	1.3380	1.4741	1.1450	1.3510	1.0848	1.4513	0.9378	0.7155	0.5847	1.9869	2.2733	2.1876	1.8921
1.1429	1.0197	0.3118	0.9448	1.2655	1.4569	0.9206	1.2371	0.9060	1.2749	0.8830	0.6118	0.6181	0.2467	2.3568	2.2023	1.9454
0.9541	0.9491	0.3015	0.7420	0.9405	1.4020	0.7839	1.0940	0.8329	1.2565	0.8354	0.5978	0.6182	0.2493	0.6575	2.2574	1.7908
0.7796	0.9989	0.2861	0.6998	0.9311	1.4090	0.7894	0.9155	0.7568	1.2370	0.9298	0.5686	0.6120	0.2625	0.6895	0.7336	1.9911
0.7541	1.0571	0.2791	0.6291	0.8375	1.3387	0.7791	0.8016	0.7245	1.2198	0.9842	0.5645	0.6428	0.2786	0.6988	0.7066	0.5401
