0.7600	0.1477	0.1500	0.1450	0.0025	0.2241	0.0000	0.2325	0.0075	0.1800	0.3350	0.0175	0.0950	0.0400	0.0625	0.0775	0.0775
0.7500	0.7068	0.0940	0.0225	0.0775	0.1207	0.0928	0.0750	0.1625	0.1200	0.0200	0.0875	0.0678	0.3725	0.2775	0.0550	0.1325
0.7625	0.7182	0.8800	0.2375	0.0875	0.1207	0.1237	0.0475	0.1550	0.1200	0.0850	0.0550	0.0237	0.1100	0.2775	0.0250	0.2300
0.6925	0.7227	0.8720	0.8350	0.1825	0.1724	0.3093	0.1375	0.1600	0.1700	0.0150	0.0750	0.0009	0.1775	0.3825	0.0075	0.1950
0.7425	0.7136	0.8820	0.8325	0.7450	0.1897	0.2268	0.0825	0.0925	0.0500	0.0325	0.0500	0.0050	0.1475	0.1175	0.0150	0.1325
0.7225	0.7205	0.8740	0.8225	0.7400	0.5000	0.5773	0.0675	0.1425	0.0300	0.0250	0.0725	0.0115	0.1225	0.1400	0.0150	0.0425
0.7375	0.7159	0.8900	0.8175	0.7175	0.5172	0.7216	0.0225	0.1125	0.1000	0.0700	0.0925	0.0170	0.0750	0.0500	0.0050	0.0550
0.7700	0.7045	0.8820	0.8200	0.7200	0.5345	0.7010	0.7600	0.0775	0.0400	0.1250	0.1675	0.0219	0.0800	0.0800	0.0100	0.1275
0.7725	0.6955	0.8940	0.7950	0.7025	0.5517	0.6907	0.7500	0.7850	0.0800	0.1425	0.0450	0.0195	0.1250	0.0375	0.0125	0.1325
0.7475	0.6864	0.8900	0.8175	0.7300	0.5345	0.7010	0.7575	0.7825	0.4400	0.1675	0.0400	0.0073	0.1300	0.0350	0.0175	0.1900
0.7225	0.6886	0.8820	0.7950	0.7225	0.5517	0.6907	0.7350	0.7450	0.4700	0.7575	0.0775	0.1470	0.1025	0.0175	0.0225	0.2000
0.7125	0.6909	0.8960	0.8200	0.7000	0.5345	0.6289	0.7400	0.7475	0.4500	0.7475	0.8200	0.2078	0.1050	0.0300	0.0225	0.2950
0.5875	0.6205	0.8740	0.7200	0.6300	0.4310	0.6392	0.6200	0.6700	0.4100	0.6600	0.7825	0.7032	0.0850	0.0050	0.0200	0.4550
0.5750	0.6477	0.8800	0.7475	0.6325	0.4310	0.6495	0.6050	0.6975	0.3900	0.6300	0.7950	0.6925	0.9125	0.0050	0.0075	0.3725
0.6225	0.6568	0.8700	0.7850	0.6925	0.4655	0.6804	0.5875	0.6700	0.4200	0.6450	0.7925	0.7023	0.9200	0.7450	0.0600	0.4925
0.7150	0.6545	0.8860	0.8100	0.6525	0.3793	0.6907	0.6700	0.7050	0.4000	0.5925	0.7975	0.7042	0.9075	0.7275	0.6875	0.2575
0.6925	0.6545	0.8880	0.8050	0.6950	0.4483	0.6907	0.7075	0.7175	0.3400	0.5575	0.8050	0.6945	0.9025	0.7575	0.7225	0.8050
