0.8100	0.0000	0.0075	0.0025	0.3025	0.0700	0.0862	0.2455	0.3100	0.0100	0.3050	0.3075	0.2100	0.3275	0.2371	0.0325	0.0025
0.1800	0.7330	0.0225	0.0050	0.2475	0.2600	0.0000	0.2273	0.0000	0.0000	0.2400	0.1475	0.2200	0.3775	0.6392	0.4350	0.3650
0.1920	0.6511	0.7500	0.1925	0.1500	0.2225	0.3621	0.2477	0.0350	0.0000	0.2900	0.0725	0.1800	0.0400	0.6701	0.1250	0.3775
0.1840	0.5082	0.4825	0.7775	0.0225	0.2600	0.1552	0.2205	0.0000	0.0000	0.1375	0.0600	0.2200	0.2275	0.0309	0.2750	0.3750
0.1420	0.5955	0.2925	0.3725	0.6900	0.1000	0.1379	0.2295	0.0000	0.0000	0.0350	0.0425	0.2200	0.3825	0.1959	0.3525	0.3550
0.4220	0.5106	0.1175	0.2600	0.4225	0.8275	0.2241	0.1318	0.0000	0.0000	0.1825	0.1300	0.3800	0.3750	0.0309	0.2450	0.2750
0.3140	0.3513	0.0150	0.1925	0.2425	0.5700	0.2931	0.0000	0.0000	0.3475	0.0000	0.3775	0.0000	0.3825	0.0000	0.0100	0.2450
0.1520	0.4952	0.2375	0.2400	0.2675	0.3150	0.2241	0.5477	0.0000	0.0050	0.1275	0.2850	0.1400	0.3800	0.1546	0.0200	0.0675
0.2500	0.5000	0.2400	0.3950	0.3825	0.3775	0.0517	0.2500	0.6450	0.0000	0.2400	0.0050	0.2000	0.3775	0.7010	0.1900	0.0875
0.4080	0.5000	0.2400	0.3825	0.3825	0.3775	0.2069	0.2500	0.3775	0.3825	0.3775	0.3825	0.2200	0.0000	0.0000	0.0000	0.0000
0.1760	0.5000	0.2400	0.3825	0.3825	0.3775	0.0517	0.2500	0.3825	0.3825	0.3825	0.0000	0.2200	0.0000	0.7010	0.0000	0.3775
0.2220	0.5000	0.2400	0.2400	0.3800	0.2125	0.0690	0.2682	0.2350	0.4400	0.4275	0.6900	0.2200	0.2425	0.6701	0.1325	0.0325
0.1760	0.5000	0.2400	0.3775	0.3800	0.3450	0.0517	0.2500	0.3825	0.2725	0.2400	0.4175	0.3400	0.3400	0.7010	0.3900	0.2675
0.2120	0.5000	0.2400	0.1900	0.3825	0.3975	0.1897	0.2500	0.2575	0.2875	0.4075	0.4250	0.4500	0.6725	0.6907	0.0000	0.0175
0.1760	0.5000	0.2400	0.2575	0.3825	0.3775	0.0517	0.2500	0.2400	0.3775	0.3825	0.3750	0.3400	0.3800	0.7010	0.0000	0.3775
0.1640	0.4999	0.1800	0.1475	0.3825	0.3775	0.0345	0.2500	0.2175	0.4625	0.1550	0.3425	0.3700	0.3950	0.7010	0.6875	0.0725
0.3660	0.5000	0.2650	0.3600	0.3825	0.3775	0.0000	0.2818	0.3525	0.4900	0.2175	0.3675	0.3400	0.2600	0.7010	0.3025	0.6350
