0.6100	0.0000	0.0000	0.0000	0.0000	0.0000	0.0000	0.0000	0.0000	0.0000	0.0000	0.0000	0.0000	0.0000	0.0000	0.0000	0.0000
0.2700	0.5773	0.0000	0.0000	0.0000	0.0000	0.0000	0.0000	0.0000	0.0000	0.0000	0.0000	0.0000	0.0000	0.0000	0.0000	0.0000
0.3350	0.2364	0.7440	0.0000	0.0000	0.0000	0.0000	0.0000	0.0000	0.0000	0.0000	0.0000	0.0000	0.0000	0.0000	0.0000	0.0000
0.1650	0.2545	0.5140	0.7350	0.0000	0.0000	0.0000	0.0000	0.0000	0.0000	0.0000	0.0000	0.0000	0.0000	0.0000	0.0000	0.0000
0.2100	0.2091	0.5360	0.7475	0.7350	0.0000	0.0000	0.0000	0.0000	0.0000	0.0000	0.0000	0.0000	0.0000	0.0000	0.0000	0.0000
0.2400	0.3136	0.4780	0.3825	0.4500	0.2759	0.0000	0.0000	0.0000	0.0000	0.0000	0.0000	0.0000	0.0000	0.0000	0.0000	0.0000
0.2400	0.2341	0.4160	0.3825	0.3800	0.2759	0.7010	0.0000	0.0000	0.0000	0.0000	0.0000	0.0000	0.0000	0.0000	0.0000	0.0000
0.2400	0.2182	0.1060	0.3825	0.5550	0.0862	0.7010	0.6575	0.0000	0.0000	0.0000	0.0000	0.0000	0.0000	0.0000	0.0000	0.0000
0.2400	0.2000	0.1440	0.3550	0.6450	0.0517	0.7010	0.4025	0.6450	0.0000	0.0000	0.0000	0.0000	0.0000	0.0000	0.0000	0.0000
0.1825	0.1477	0.0000	0.2350	0.2300	0.2069	0.7113	0.2700	0.2625	0.3400	0.0000	0.0000	0.0000	0.0000	0.0000	0.0000	0.0000
0.2300	0.1705	0.0000	0.4050	0.4000	0.2069	0.7010	0.4050	0.4200	0.4500	0.6175	0.0000	0.0000	0.0000	0.0000	0.0000	0.0000
0.1725	0.2068	0.1280	0.3100	0.4875	0.0862	0.7010	0.4025	0.6125	0.3100	0.6200	0.7200	0.0000	0.0000	0.0000	0.0000	0.0000
0.2500	0.1568	0.4160	0.3825	0.3825	0.3448	0.7010	0.3675	0.4525	0.4400	0.4025	0.3550	0.7168	0.0000	0.0000	0.0000	0.0000
0.2800	0.1068	0.1520	0.4225	0.3825	0.2241	0.7010	0.2150	0.4275	0.3700	0.3825	0.3075	0.5684	0.7575	0.0000	0.0000	0.0000
0.1275	0.1909	0.0000	0.4250	0.1875	0.1552	0.4742	0.4500	0.3800	0.3400	0.6125	0.4550	0.5717	0.3900	0.6675	0.0000	0.0000
0.2400	0.1523	0.0000	0.2425	0.0050	0.0517	0.7010	0.4300	0.3825	0.3400	0.5550	0.3825	0.5003	0.3775	0.6675	0.6975	0.0000
0.2400	0.1273	0.0420	0.3300	0.2700	0.0690	0.7010	0.3225	0.3825	0.3800	0.4975	0.3750	0.5008	0.3875	0.6000	0.6225	0.6775
