0.6176	0.0096	0.1024	0.0412	0.0212	0.0250	0.1009	0.0997	0.0728	0.0029	0.1054	0.0261	0.0738	0.0710	0.0664	0.0902	0.0783
0.0894	0.7058	0.0113	0.0774	0.0189	0.0503	0.0740	0.1023	0.1158	0.0570	0.0608	0.0308	0.0383	0.0406	0.0290	0.0666	0.0354
0.0523	0.0484	0.6867	0.1005	0.0379	0.0278	0.0844	0.1406	0.0899	0.0293	0.1126	0.1058	0.0838	0.0000	0.0048	0.1333	0.0000
0.1140	0.1062	0.0593	0.7118	0.0293	0.0040	0.1286	0.1208	0.1285	0.0156	0.0184	0.0911	0.0000	0.0000	0.0448	0.0161	0.0029
0.0059	0.0807	0.1337	0.0932	0.7450	0.0078	0.1179	0.0998	0.1442	0.0000	0.2379	0.2415	0.1312	0.0000	0.0000	0.0240	0.0251
0.1449	0.0568	0.0983	0.0684	0.0131	0.6749	0.1468	0.1466	0.0877	0.0357	0.0236	0.0222	0.0000	0.0000	0.0945	0.0349	0.1091
0.0480	0.1089	0.0526	0.0782	0.0000	0.0069	0.2363	0.0646	0.1010	0.0640	0.0574	0.0741	0.0000	0.0491	0.0000	0.0026	0.0498
0.0561	0.0780	0.0565	0.0779	0.0218	0.0642	0.1058	0.5999	0.0956	0.0066	0.0240	0.0640	0.0124	0.0065	0.0801	0.0418	0.0532
0.1267	0.0518	0.0212	0.0103	0.0629	0.0409	0.1026	0.0699	0.6850	0.0693	0.0118	0.0922	0.1623	0.0124	0.0000	0.0404	0.0030
0.0053	0.1302	0.0885	0.3001	0.0000	0.0000	0.1318	0.0547	0.0345	0.7144	0.0047	0.1191	0.0145	0.0927	0.0178	0.0192	0.0092
0.0777	0.0000	0.1195	0.0078	0.0041	0.1021	0.1178	0.0515	0.1132	0.0194	0.7045	0.0595	0.0200	0.0050	0.0133	0.0125	0.0165
0.0801	0.0987	0.0937	0.0757	0.0436	0.0000	0.1384	0.0774	0.1125	0.0683	0.1272	0.6585	0.1240	0.0151	0.0000	0.0653	0.1003
0.1166	0.0465	0.0679	0.1810	0.0670	0.0018	0.0571	0.0634	0.1844	0.0000	0.1844	0.0713	0.2832	0.0052	0.0000	0.0352	0.0169
0.1900	0.0230	0.1062	0.1290	0.0000	0.0669	0.0841	0.0431	0.1192	0.0643	0.0741	0.0376	0.1654	0.7172	0.1557	0.0765	0.0000
0.0078	0.0800	0.1386	0.0970	0.0000	0.0000	0.0686	0.1131	0.1370	0.0000	0.0032	0.0482	0.0000	0.0433	0.2747	0.1364	0.0000
0.0742	0.0535	0.1256	0.0445	0.0095	0.0043	0.0897	0.0816	0.0766	0.0029	0.0531	0.0236	0.0536	0.0194	0.0000	0.6855	0.0026
0.1330	0.0181	0.0000	0.0417	0.0000	0.0683	0.1039	0.0585	0.0139	0.0725	0.0349	0.1437	0.0929	0.0000	0.0394	0.0438	0.6892
