0.5724	0.0439	0.0045	0.0189	0.0098	0.0686	0.0397	0.0129	0.0000	0.0000	0.0548	0.1746	0.0001	0.1827	0.0000	0.0931	0.0051
0.6285	0.5246	0.0137	0.0000	0.0268	0.0686	0.0421	0.0000	0.0000	0.0000	0.0307	0.1886	0.0032	0.1276	0.0000	0.1309	0.0000
0.6565	0.5235	0.5213	0.0000	0.0358	0.0686	0.0000	0.0072	0.0000	0.0000	0.0044	0.1109	0.0007	0.1327	0.0506	0.0242	0.0022
0.6468	0.5326	0.5170	0.6675	0.0254	0.0686	0.0000	0.0141	0.0000	0.0000	0.0591	0.1384	0.0002	0.1366	0.0316	0.0285	0.0043
0.6329	0.5305	0.4918	0.6514	0.6675	0.0686	0.0000	0.0384	0.0000	0.0000	0.0305	0.1380	0.0033	0.1366	0.0034	0.0464	0.0000
0.6439	0.4964	0.4658	0.6562	0.6690	0.1500	0.0000	0.0291	0.0000	0.0000	0.0131	0.1375	0.0014	0.1827	0.0000	0.0302	0.0022
0.6419	0.4769	0.5135	0.6414	0.6650	0.1718	0.2747	0.0134	0.0000	0.0000	0.0036	0.1844	0.0000	0.1092	0.0000	0.0000	0.0043
0.6556	0.4697	0.5267	0.6573	0.6706	0.1787	0.2747	0.6220	0.0000	0.0000	0.0071	0.1844	0.0000	0.1390	0.0000	0.0000	0.0000
0.6372	0.4649	0.5356	0.6750	0.6606	0.1540	0.2747	0.6151	0.6237	0.0000	0.0105	0.1844	0.0000	0.1552	0.0000	0.0000	0.0000
0.6506	0.4627	0.5422	0.6401	0.6478	0.1743	0.2747	0.5991	0.6310	0.2582	0.0458	0.1844	0.0000	0.1263	0.0000	0.0000	0.0000
0.6268	0.4594	0.5335	0.6149	0.6420	0.2051	0.2747	0.6023	0.6133	0.2099	0.6542	0.1386	0.0000	0.0938	0.0000	0.0000	0.0000
0.6222	0.4920	0.5362	0.6417	0.6269	0.2553	0.2747	0.6124	0.6259	0.2339	0.6598	0.6868	0.0000	0.0972	0.0000	0.0000	0.0000
0.6484	0.4739	0.5538	0.5205	0.6103	0.2179	0.2747	0.5903	0.6273	0.2043	0.6633	0.6905	0.6850	0.0950	0.0000	0.0000	0.0000
0.6388	0.4785	0.5641	0.5837	0.6086	0.1744	0.2747	0.5937	0.6057	0.2117	0.6232	0.6494	0.6642	0.7049	0.0000	0.0000	0.0000
0.6374	0.4563	0.5795	0.6101	0.6289	0.2151	0.2747	0.6176	0.6392	0.2699	0.6364	0.5805	0.6170	0.6973	0.6732	0.0000	0.0000
0.6238	0.4871	0.5432	0.6366	0.5964	0.2170	0.2747	0.6164	0.6474	0.2371	0.6167	0.5577	0.5600	0.6903	0.6823	0.6092	0.0000
0.6049	0.4812	0.5353	0.6697	0.5944	0.1727	0.2747	0.6187	0.6354	0.2322	0.6197	0.5762	0.6446	0.6681	0.6770	0.5580	0.6345
