0.6025	0.1727	0.0060	0.0275	0.0075	0.2069	0.1031	0.0100	0.0000	0.0000	0.1300	0.4000	0.0001	0.3775	0.0000	0.1925	0.0050
0.6400	0.5068	0.0160	0.0000	0.0400	0.2069	0.1134	0.0000	0.0000	0.0000	0.0550	0.4025	0.0032	0.3100	0.0000	0.2925	0.0000
0.6650	0.5091	0.5940	0.0000	0.0550	0.2069	0.0000	0.0075	0.0000	0.0000	0.0050	0.3300	0.0011	0.3125	0.0550	0.0275	0.0025
0.6550	0.5227	0.5840	0.6875	0.0350	0.2069	0.0000	0.0175	0.0000	0.0000	0.0750	0.3800	0.0002	0.3750	0.0225	0.0350	0.0050
0.6450	0.5182	0.5680	0.6750	0.6900	0.2069	0.0000	0.0875	0.0000	0.0000	0.0400	0.3725	0.0050	0.3750	0.0025	0.0700	0.0000
0.6550	0.4750	0.5580	0.6775	0.6950	0.2931	0.0000	0.0525	0.0000	0.0000	0.0200	0.3650	0.0022	0.3775	0.0000	0.0325	0.0025
0.6525	0.4568	0.5800	0.6650	0.6875	0.3448	0.7010	0.0125	0.0000	0.0000	0.0050	0.3825	0.0000	0.3725	0.0000	0.0000	0.0050
0.6650	0.4500	0.5700	0.6700	0.6800	0.3966	0.7010	0.6400	0.0000	0.0000	0.0100	0.3825	0.0000	0.3650	0.0000	0.0000	0.0000
0.6450	0.4500	0.5780	0.6850	0.6650	0.3793	0.7010	0.6325	0.6325	0.0000	0.0150	0.3825	0.0000	0.3275	0.0000	0.0000	0.0000
0.6600	0.4455	0.5780	0.6600	0.6525	0.3966	0.7010	0.6175	0.6375	0.3900	0.0850	0.3825	0.0000	0.3275	0.0000	0.0000	0.0000
0.6375	0.4455	0.5780	0.6400	0.6475	0.4138	0.7010	0.6175	0.6200	0.3500	0.6600	0.3825	0.0000	0.1525	0.0000	0.0000	0.0000
0.6350	0.4659	0.5660	0.6550	0.6450	0.4310	0.7010	0.6250	0.6375	0.3500	0.6650	0.6975	0.0000	0.2375	0.0000	0.0000	0.0000
0.6575	0.4545	0.5660	0.5700	0.6350	0.4310	0.7010	0.6075	0.6425	0.3600	0.6650	0.6975	0.6850	0.1800	0.0000	0.0000	0.0000
0.6475	0.4614	0.5900	0.6100	0.6350	0.2931	0.7010	0.6100	0.6275	0.3500	0.6375	0.6675	0.6709	0.7225	0.0000	0.0000	0.0000
0.6450	0.4432	0.5940	0.6175	0.6450	0.3448	0.7010	0.6300	0.6450	0.3500	0.6450	0.6200	0.6404	0.7100	0.6800	0.0000	0.0000
0.6350	0.4705	0.5600	0.6425	0.6250	0.3621	0.7010	0.6300	0.6475	0.3600	0.6300	0.6050	0.6077	0.7025	0.6825	0.6150	0.0000
0.6200	0.4727	0.5680	0.6775	0.6225	0.2931	0.7010	0.6350	0.6450	0.3500	0.6325	0.6150	0.6572	0.6850	0.6800	0.5800	0.6500
