0.5639	2.4564	2.5760	2.4379	2.4345	2.4024	2.4095	2.5865	2.4422	2.5206	2.2616	2.4349	2.3810	2.6070	2.5604	2.5532	2.5076
1.5640	0.6022	2.5541	2.4310	2.5172	2.4262	2.4385	2.6396	2.3673	2.5785	2.1624	2.2642	2.3042	2.6777	2.5821	2.4168	2.3828
1.9293	0.7032	0.8420	2.5945	2.5567	2.4015	2.4984	2.6036	2.3080	2.5260	2.0070	2.2876	2.2820	2.7712	2.7014	2.6311	2.5416
1.5409	0.8533	1.0520	0.9996	2.5324	2.2776	2.5093	2.8009	2.4687	2.4697	2.0638	2.2037	2.3235	2.9033	2.6061	2.5674	2.5589
1.3212	0.7817	0.9900	0.9994	1.0032	2.2417	2.5193	2.7914	2.4428	2.4864	2.0905	2.1910	2.2673	2.8628	2.5815	2.5063	2.5534
1.6470	0.7845	1.0014	1.0962	1.0082	0.9546	2.5182	2.8941	2.4395	2.5438	2.0555	2.2344	2.2649	2.8747	2.6008	2.5352	2.5824
1.4128	0.8434	1.2984	1.4422	1.2490	1.3046	1.5585	2.7866	2.3786	2.4344	2.1818	2.3602	2.2155	2.7099	2.6113	2.5474	2.7014
1.6213	0.8018	1.2882	1.3007	1.3227	1.3385	1.6143	1.5974	2.3120	2.2945	2.0962	2.6229	2.3263	2.6671	2.3950	2.4517	2.6267
1.5819	0.8414	1.1234	1.1317	1.1308	1.1432	1.5722	1.5987	1.1035	2.2981	1.9455	2.4206	2.2555	3.0197	2.5132	2.3952	2.6654
1.7002	0.7049	1.1701	1.2288	1.1378	1.1434	1.5621	1.6038	1.1041	1.1046	2.0177	2.3437	2.2963	2.8669	2.6127	2.4610	2.6704
1.3130	0.7060	1.1456	1.1805	1.1521	1.1430	1.5606	1.5980	1.1131	1.1279	1.1050	2.7185	1.9384	3.0610	2.6217	2.4533	2.8278
nan	nan	nan	nan	nan	nan	nan	nan	nan	nan	nan	nan	nan	nan	nan	nan	nan
0.0000	0.0000	0.0000	0.0000	0.0000	0.0000	0.0000	0.0000	0.0000	0.0000	0.0000	0.0000	0.0000	0.0000	0.0000	0.0000	0.0000
0.0000	0.0000	0.0000	0.0000	0.0000	0.0000	0.0000	0.0000	0.0000	0.0000	0.0000	0.0000	0.0000	0.0000	0.0000	0.0000	0.0000
0.0000	0.0000	0.0000	0.0000	0.0000	0.0000	0.0000	0.0000	0.0000	0.0000	0.0000	0.0000	0.0000	0.0000	0.0000	0.0000	0.0000
0.0000	0.0000	0.0000	0.0000	0.0000	0.0000	0.0000	0.0000	0.0000	0.0000	0.0000	0.0000	0.0000	0.0000	0.0000	0.0000	0.0000
0.0000	0.0000	0.0000	0.0000	0.0000	0.0000	0.0000	0.0000	0.0000	0.0000	0.0000	0.0000	0.0000	0.0000	0.0000	0.0000	0.0000
