0.7888	0.1900	0.0000	0.2096	0.0176	0.0077	0.0749	0.0038	0.1578	0.1114	0.1827	0.0391	0.1606	0.0000	0.0000	0.0126	0.0000
0.2825	0.6970	0.1785	0.0347	0.0000	0.0000	0.0696	0.0000	0.1844	0.0042	0.3977	0.1844	0.1575	0.0000	0.0160	0.1290	0.0753
0.1881	0.6230	0.4694	0.0000	0.0000	0.1844	0.0357	0.0000	0.1844	0.1505	0.4722	0.0000	0.1202	0.0000	0.0000	0.0000	0.0000
0.1060	0.3382	0.3125	0.3853	0.0000	0.1844	0.0517	0.0000	0.1844	0.0000	0.1844	0.0000	0.1202	0.0000	0.0000	0.0560	0.0000
0.3053	0.3439	0.3769	0.4126	0.3554	0.1844	0.0317	0.0000	0.1844	0.0000	0.1844	0.1099	0.0890	0.0000	0.0000	0.0291	0.0000
0.3136	0.3527	0.4029	0.2869	0.3922	0.4226	0.0270	0.0000	0.1844	0.0000	0.1844	0.1253	0.1202	0.0000	0.0000	0.0207	0.0000
0.1959	0.3333	0.1844	0.1290	0.1844	0.1844	0.0732	0.0000	0.1844	0.0000	0.1844	0.1844	0.1202	0.0000	0.0000	0.0000	0.0000
0.0998	0.3333	0.1844	0.1844	0.1844	0.1844	0.0732	0.0800	0.1844	0.0000	0.1844	0.0000	0.0000	0.0000	0.0000	0.0000	0.0000
0.0998	0.3333	0.1827	0.1844	0.1827	0.1827	0.0732	0.0747	0.1844	0.0000	0.1844	0.0000	0.0000	0.0000	0.0000	0.0000	0.0000
0.1959	0.3333	0.1844	0.1844	0.1844	0.1844	0.0732	0.0800	0.1844	0.1844	0.1844	0.0000	0.1202	0.0000	0.0000	0.0000	0.0000
0.1959	0.3333	0.1844	0.1844	0.1844	0.1844	0.0732	0.0800	0.1844	0.1844	0.1844	0.1844	0.2037	0.0000	0.0000	0.0000	0.0000
0.1959	0.3333	0.1844	0.1290	0.1844	0.1844	0.0732	0.0800	0.1844	0.1844	0.1844	0.1844	0.2037	0.0000	0.0000	0.0000	0.0000
0.0000	0.0000	0.0000	0.0000	0.0000	0.0000	0.0000	0.0000	0.0000	0.0000	0.0000	0.0000	0.0000	0.0000	0.0000	0.0000	0.0000
0.0000	0.0000	0.0000	0.0000	0.0000	0.0000	0.0000	0.0000	0.0000	0.0000	0.0000	0.0000	0.0000	0.0000	0.0000	0.0000	0.0000
0.0000	0.0000	0.0000	0.0000	0.0000	0.0000	0.0000	0.0000	0.0000	0.0000	0.0000	0.0000	0.0000	0.0000	0.0000	0.0000	0.0000
0.0000	0.0000	0.0000	0.0000	0.0000	0.0000	0.0000	0.0000	0.0000	0.0000	0.0000	0.0000	0.0000	0.0000	0.0000	0.0000	0.0000
0.0000	0.0000	0.0000	0.0000	0.0000	0.0000	0.0000	0.0000	0.0000	0.0000	0.0000	0.0000	0.0000	0.0000	0.0000	0.0000	0.0000
