0.5973	0.0000	0.0000	0.0000	0.0000	0.0000	0.0000	0.0000	0.0000	0.0000	0.0000	0.0000	0.0000	0.0000	0.0000	0.0000	0.0000
2.7312	0.5718	0.0000	0.0000	0.0000	0.0000	0.0000	0.0000	0.0000	0.0000	0.0000	0.0000	0.0000	0.0000	0.0000	0.0000	0.0000
4.8416	0.7520	0.8654	0.0000	0.0000	0.0000	0.0000	0.0000	0.0000	0.0000	0.0000	0.0000	0.0000	0.0000	0.0000	0.0000	0.0000
2.6454	0.8866	1.2115	0.6775	0.0000	0.0000	0.0000	0.0000	0.0000	0.0000	0.0000	0.0000	0.0000	0.0000	0.0000	0.0000	0.0000
3.6537	0.8635	1.1928	1.1348	0.8859	0.0000	0.0000	0.0000	0.0000	0.0000	0.0000	0.0000	0.0000	0.0000	0.0000	0.0000	0.0000
3.8727	1.1075	1.4248	1.8877	1.3945	1.1195	0.0000	0.0000	0.0000	0.0000	0.0000	0.0000	0.0000	0.0000	0.0000	0.0000	0.0000
3.0641	1.8971	1.5621	1.9993	1.4545	1.1018	1.5331	0.0000	0.0000	0.0000	0.0000	0.0000	0.0000	0.0000	0.0000	0.0000	0.0000
4.1224	0.8700	1.2791	1.7199	1.1493	1.1277	1.5773	1.5830	0.0000	0.0000	0.0000	0.0000	0.0000	0.0000	0.0000	0.0000	0.0000
3.7734	0.8605	1.4518	1.6180	1.2710	1.1143	1.7014	1.7338	0.9885	0.0000	0.0000	0.0000	0.0000	0.0000	0.0000	0.0000	0.0000
5.5274	1.0095	1.2458	1.6656	1.2882	1.1161	1.6854	1.6553	1.1868	1.0809	0.0000	0.0000	0.0000	0.0000	0.0000	0.0000	0.0000
6.9564	1.0425	1.4958	1.9510	1.3230	1.4345	2.0183	1.6830	1.3060	1.1135	1.0804	0.0000	0.0000	0.0000	0.0000	0.0000	0.0000
6.7699	1.2269	1.5005	2.1065	1.3374	1.6408	2.1211	1.6975	1.3904	1.1226	1.0822	1.0804	0.0000	0.0000	0.0000	0.0000	0.0000
6.3417	0.9647	1.4963	2.2405	1.4411	1.7445	2.3958	1.7173	1.3017	1.1497	1.1189	1.1159	1.0831	0.0000	0.0000	0.0000	0.0000
5.6938	0.9823	1.5939	2.4459	1.7424	1.8277	2.4955	1.7464	1.3611	1.1968	1.1109	1.1658	1.1034	1.0805	0.0000	0.0000	0.0000
6.6303	0.9357	1.4694	2.3220	1.4995	1.6019	2.3598	1.7064	1.2909	1.1574	1.1150	1.1194	1.1031	1.0844	0.8282	0.0000	0.0000
6.4495	0.8652	1.4658	2.1530	1.4968	1.4453	2.1309	1.6625	1.2349	1.1335	1.1317	1.1350	1.1116	1.0854	0.8231	1.0805	0.0000
6.7898	1.0288	1.4986	2.3916	1.5160	1.6569	2.3772	1.7110	1.3569	1.1570	1.1105	1.1419	1.1288	1.0865	0.8181	1.0857	1.0805
