0.7760	0.0000	0.0000	0.0000	0.0000	0.0000	0.0000	0.0000	0.0000	0.0000	0.0000	0.0000	0.0000	0.0000	0.0000	0.0000	0.0000
-0.6563	0.7032	0.0000	0.0000	0.0000	0.0000	0.0000	0.0000	0.0000	0.0000	0.0000	0.0000	0.0000	0.0000	0.0000	0.0000	0.0000
-0.1197	-0.3275	0.5491	0.0000	0.0000	0.0000	0.0000	0.0000	0.0000	0.0000	0.0000	0.0000	0.0000	0.0000	0.0000	0.0000	0.0000
0.0328	-0.0424	-0.1150	0.7828	0.0000	0.0000	0.0000	0.0000	0.0000	0.0000	0.0000	0.0000	0.0000	0.0000	0.0000	0.0000	0.0000
-0.0328	0.0000	-0.1159	-0.4241	0.5774	0.0000	0.0000	0.0000	0.0000	0.0000	0.0000	0.0000	0.0000	0.0000	0.0000	0.0000	0.0000
0.0279	0.0000	-0.1892	-0.2294	-0.4484	0.2552	0.0000	0.0000	0.0000	0.0000	0.0000	0.0000	0.0000	0.0000	0.0000	0.0000	0.0000
-0.0279	0.0000	0.0000	-0.0003	0.0000	-0.0244	0.0732	0.0000	0.0000	0.0000	0.0000	0.0000	0.0000	0.0000	0.0000	0.0000	0.0000
0.0000	0.0094	0.0138	0.0000	0.0554	-0.0464	0.0293	0.1482	0.0000	0.0000	0.0000	0.0000	0.0000	0.0000	0.0000	0.0000	0.0000
0.0894	0.0856	-0.0138	0.0909	0.1457	0.0000	-0.0293	-0.0383	0.4100	0.0000	0.0000	0.0000	0.0000	0.0000	0.0000	0.0000	0.0000
-0.0894	-0.0950	0.0554	-0.0909	-0.2011	0.0000	0.0000	-0.0352	-0.2256	0.1844	0.0000	0.0000	0.0000	0.0000	0.0000	0.0000	0.0000
0.0000	0.0000	0.0000	0.0000	0.0537	0.0000	0.0000	0.0000	0.0000	-0.0017	0.1827	0.0000	0.0000	0.0000	0.0000	0.0000	0.0000
0.0000	0.0000	0.0000	0.0000	0.0000	0.0000	0.0000	0.0000	0.0000	0.0000	0.0017	0.1827	0.0000	0.0000	0.0000	0.0000	0.0000
0.0000	0.0000	0.0000	0.0554	-0.0537	0.0000	-0.0732	0.0053	0.0000	0.0000	0.0000	0.0000	0.1692	0.0000	0.0000	0.0000	0.0000
0.0000	0.0000	0.0000	-0.1844	0.0000	0.0000	0.0000	-0.0053	0.0000	0.0000	0.0000	-0.0537	0.0000	0.1844	0.0000	0.0000	0.0000
0.0000	0.0000	0.0000	0.1844	0.0000	0.0000	0.0732	0.0053	0.0000	0.0000	0.0000	0.0537	0.0000	0.0000	0.2747	0.0000	0.0000
0.0000	0.0000	0.0000	0.0000	0.0000	0.0000	0.0000	0.0000	0.0000	0.0000	0.0000	-0.0537	0.0000	0.0000	0.0000	0.1844	0.0000
0.0000	0.0000	0.0000	0.0000	0.0000	0.0000	0.0000	-0.0053	0.0000	0.0000	0.0000	0.0537	0.0000	0.0000	0.0000	0.0000	0.1844
