0.6850	0.0000	0.0000	0.0000	0.0000	0.0000	0.0000	0.0000	0.0000	0.0000	0.0000	0.0000	0.0000	0.0000	0.0000	0.0000	0.0000
0.6225	0.5864	0.0000	0.0000	0.0000	0.0000	0.0000	0.0000	0.0000	0.0000	0.0000	0.0000	0.0000	0.0000	0.0000	0.0000	0.0000
0.6350	0.5273	0.7640	0.0000	0.0000	0.0000	0.0000	0.0000	0.0000	0.0000	0.0000	0.0000	0.0000	0.0000	0.0000	0.0000	0.0000
0.6450	0.5045	0.7360	0.7675	0.0000	0.0000	0.0000	0.0000	0.0000	0.0000	0.0000	0.0000	0.0000	0.0000	0.0000	0.0000	0.0000
0.6250	0.5250	0.7620	0.7850	0.7225	0.0000	0.0000	0.0000	0.0000	0.0000	0.0000	0.0000	0.0000	0.0000	0.0000	0.0000	0.0000
0.6650	0.5432	0.7380	0.7525	0.6800	0.3966	0.0000	0.0000	0.0000	0.0000	0.0000	0.0000	0.0000	0.0000	0.0000	0.0000	0.0000
0.5550	0.5295	0.7220	0.7575	0.6700	0.4310	0.7010	0.0000	0.0000	0.0000	0.0000	0.0000	0.0000	0.0000	0.0000	0.0000	0.0000
0.6725	0.5159	0.7040	0.7375	0.7100	0.4138	0.7010	0.6875	0.0000	0.0000	0.0000	0.0000	0.0000	0.0000	0.0000	0.0000	0.0000
0.6625	0.5227	0.7300	0.7425	0.7200	0.3448	0.7010	0.7150	0.7475	0.0000	0.0000	0.0000	0.0000	0.0000	0.0000	0.0000	0.0000
0.6000	0.5273	0.7460	0.7325	0.7150	0.3621	0.7010	0.6925	0.7225	0.4500	0.0000	0.0000	0.0000	0.0000	0.0000	0.0000	0.0000
0.6725	0.5318	0.7560	0.7600	0.7175	0.3793	0.7010	0.6925	0.7100	0.4100	0.7075	0.0000	0.0000	0.0000	0.0000	0.0000	0.0000
0.6425	0.5455	0.7300	0.7600	0.7200	0.3621	0.7010	0.6975	0.7025	0.4400	0.7175	0.7600	0.0000	0.0000	0.0000	0.0000	0.0000
0.6150	0.4773	0.7140	0.7400	0.6950	0.3966	0.4845	0.6750	0.6600	0.2700	0.6400	0.7150	0.7090	0.0000	0.0000	0.0000	0.0000
0.6750	0.4773	0.7620	0.7375	0.6750	0.4138	0.7010	0.6900	0.6300	0.4000	0.6775	0.7000	0.7002	0.7975	0.0000	0.0000	0.0000
0.7000	0.4568	0.7260	0.7300	0.6625	0.4655	0.6598	0.6375	0.6125	0.4000	0.6500	0.6250	0.7014	0.7550	0.7325	0.0000	0.0000
0.6550	0.5091	0.7520	0.7300	0.6750	0.4655	0.5979	0.6600	0.6325	0.4300	0.6550	0.6725	0.6906	0.7725	0.7375	0.6950	0.0000
0.7025	0.5000	0.6460	0.7225	0.7050	0.4483	0.3196	0.6575	0.7050	0.4400	0.6650	0.6825	0.6990	0.7775	0.7125	0.7025	0.7700
