0.6740	0.0000	0.0000	0.0000	0.0000	0.0000	0.0000	0.0000	0.0000	0.0000	0.0000	0.0000	0.0000	0.0000	0.0000	0.0000	0.0000
0.5763	0.6019	0.0000	0.0000	0.0000	0.0000	0.0000	0.0000	0.0000	0.0000	0.0000	0.0000	0.0000	0.0000	0.0000	0.0000	0.0000
0.5701	0.5339	0.7242	0.0000	0.0000	0.0000	0.0000	0.0000	0.0000	0.0000	0.0000	0.0000	0.0000	0.0000	0.0000	0.0000	0.0000
0.5912	0.5004	0.6887	0.7620	0.0000	0.0000	0.0000	0.0000	0.0000	0.0000	0.0000	0.0000	0.0000	0.0000	0.0000	0.0000	0.0000
0.5050	0.5197	0.7069	0.7784	0.7102	0.0000	0.0000	0.0000	0.0000	0.0000	0.0000	0.0000	0.0000	0.0000	0.0000	0.0000	0.0000
0.6370	0.5501	0.6532	0.7461	0.6640	0.2230	0.0000	0.0000	0.0000	0.0000	0.0000	0.0000	0.0000	0.0000	0.0000	0.0000	0.0000
0.5076	0.5387	0.6182	0.7445	0.6517	0.2407	0.2764	0.0000	0.0000	0.0000	0.0000	0.0000	0.0000	0.0000	0.0000	0.0000	0.0000
0.6470	0.4914	0.5964	0.7124	0.6868	0.2330	0.2781	0.6594	0.0000	0.0000	0.0000	0.0000	0.0000	0.0000	0.0000	0.0000	0.0000
0.6296	0.5060	0.6789	0.7259	0.6973	0.1717	0.2747	0.6988	0.7417	0.0000	0.0000	0.0000	0.0000	0.0000	0.0000	0.0000	0.0000
0.5615	0.5099	0.6945	0.7048	0.6757	0.2135	0.2764	0.6699	0.7095	0.3099	0.0000	0.0000	0.0000	0.0000	0.0000	0.0000	0.0000
0.6478	0.5096	0.7038	0.7471	0.7063	0.1891	0.2764	0.6794	0.7006	0.2362	0.6968	0.0000	0.0000	0.0000	0.0000	0.0000	0.0000
0.5888	0.5359	0.6780	0.7471	0.7023	0.1722	0.3018	0.6815	0.6898	0.2476	0.7127	0.7459	0.0000	0.0000	0.0000	0.0000	0.0000
0.5275	0.5036	0.6819	0.7298	0.6827	0.2711	0.3956	0.6622	0.6448	0.2623	0.6206	0.7087	0.7081	0.0000	0.0000	0.0000	0.0000
0.6329	0.4999	0.7281	0.7263	0.6596	0.2361	0.3035	0.6869	0.6086	0.3359	0.6654	0.6808	0.6989	0.7818	0.0000	0.0000	0.0000
0.6787	0.4889	0.7053	0.7178	0.6411	0.4039	0.3980	0.6233	0.5763	0.2869	0.6496	0.5945	0.7012	0.7447	0.7255	0.0000	0.0000
0.6273	0.5308	0.7242	0.7215	0.6655	0.3907	0.4149	0.6408	0.6093	0.3564	0.6484	0.6526	0.6873	0.7633	0.7320	0.6796	0.0000
0.6880	0.5109	0.6160	0.7233	0.6965	0.3918	0.2638	0.6349	0.6982	0.2480	0.6634	0.6738	0.6990	0.7704	0.7019	0.6857	0.7633
