0.8678	0.0001	0.0507	0.0035	0.0763	0.0396	0.1842	0.0476	0.0000	0.0000	0.0978	0.0778	0.0114	0.1156	0.0000	0.1894	0.0336
0.8744	0.7068	0.1178	0.0000	0.0359	0.0264	0.2510	0.0790	0.0080	0.0000	0.0895	0.0052	0.0000	0.1523	0.0000	0.1091	0.0041
0.8829	0.7069	0.7493	0.0000	0.0000	0.0000	0.2233	0.0658	0.0134	0.0000	0.1290	0.0000	0.0000	0.1385	0.0000	0.0490	0.0972
0.8804	0.7066	0.7435	0.8010	0.0096	0.0087	0.2578	0.0490	0.0125	0.0000	0.0798	0.0000	0.0000	0.1385	0.0000	0.0359	0.0542
0.8773	0.7069	0.7435	0.7984	0.7459	0.0311	0.2057	0.0492	0.0183	0.0000	0.0708	0.0282	0.0000	0.1386	0.0000	0.0998	0.0641
0.8773	0.7062	0.7435	0.8126	0.7390	0.9112	0.2152	0.0351	0.0159	0.0000	0.0984	0.0822	0.0000	0.1844	0.0000	0.0342	0.0842
0.8773	0.7069	0.7435	0.8098	0.7426	0.9168	0.2397	0.0359	0.0174	0.0000	0.0866	0.0712	0.0000	0.1844	0.0000	0.0352	0.0796
0.8845	0.7065	0.7461	0.7954	0.7399	0.9220	0.2614	0.5871	0.0189	0.0020	0.1234	0.0942	0.0000	0.1306	0.0000	0.0526	0.0817
0.8845	0.7066	0.7461	0.7951	0.7423	0.9175	0.2614	0.5900	0.7555	0.0000	0.0923	0.1026	0.0000	0.1382	0.0000	0.0203	0.0978
0.8804	0.7063	0.7430	0.8091	0.7422	0.9207	0.2521	0.5642	0.7504	0.8040	0.0832	0.0940	0.0000	0.1107	0.0000	0.0216	0.1089
0.8779	0.7059	0.7461	0.8091	0.7388	0.9228	0.2526	0.5603	0.7280	0.8139	0.7033	0.0953	0.0000	0.1116	0.0000	0.0234	0.0791
0.8779	0.7058	0.7488	0.8145	0.7368	0.9199	0.2534	0.5631	0.7203	0.8115	0.7157	0.7461	0.0000	0.1137	0.0000	0.0251	0.0784
0.8779	0.7058	0.7488	0.8145	0.7368	0.9199	0.2534	0.5631	0.7104	0.8095	0.7171	0.7486	0.2685	0.1040	0.0000	0.0239	0.0824
0.8779	0.7058	0.7461	0.8091	0.7368	0.9199	0.2420	0.5707	0.7203	0.8124	0.6997	0.7411	0.2685	0.7139	0.0000	0.0425	0.0739
0.8779	0.7058	0.7461	0.8091	0.7368	0.9204	0.2673	0.5565	0.7333	0.8125	0.7096	0.7442	0.2685	0.7134	0.2747	0.0218	0.0429
0.8779	0.7058	0.7461	0.8091	0.7368	0.9224	0.2673	0.5522	0.7439	0.8153	0.7250	0.7359	0.2685	0.7081	0.2747	0.7951	0.0858
0.8779	0.7058	0.7461	0.8147	0.7368	0.9228	0.2440	0.5471	0.7482	0.8122	0.7163	0.7384	0.2685	0.7064	0.2747	0.7951	0.6939
