0.2875	2.4489	2.4464	2.4146	2.4331	2.4575	2.4341	2.4760	2.4893	2.4611	2.4632	2.4100	2.4502	2.4261	2.4628	2.4371	2.4500
0.2943	0.5634	2.4263	2.4347	2.4070	2.4499	2.4150	2.4909	2.4916	2.4748	2.4436	2.4059	2.4613	2.3966	2.4238	2.4089	2.4728
0.2886	0.5640	0.6237	2.4575	2.3746	2.4514	2.3986	2.5029	2.5241	2.5209	2.4334	2.3965	2.4459	2.3876	2.4322	2.3879	2.4736
0.2945	0.5660	0.6404	0.4753	2.3919	2.4495	2.3681	2.5153	2.5239	2.4917	2.4550	2.4304	2.4183	2.4006	2.4408	2.3844	2.4757
0.2942	0.5662	0.6387	0.4765	0.6324	2.4279	2.3625	2.5367	2.5303	2.5018	2.4659	2.4548	2.4015	2.3868	2.4116	2.3262	2.4775
0.2964	0.5664	0.6410	0.4686	0.6336	0.2315	2.3483	2.5272	2.5534	2.5430	2.4666	2.4635	2.4213	2.3494	2.4349	2.3423	2.4967
0.2944	0.5659	0.6414	0.4696	0.6374	0.2222	1.3763	2.4907	2.5669	2.5453	2.4660	2.4525	2.4254	2.3643	2.4370	2.3418	2.4679
0.2749	0.5647	0.6379	0.4992	0.6530	0.2250	1.3305	1.0039	2.5620	2.5340	2.4688	2.4486	2.4003	2.3926	2.4448	2.3498	2.4579
0.2758	0.5647	0.6377	0.4981	0.6506	0.2219	1.3361	1.0094	0.5777	2.5162	2.4929	2.4815	2.4184	2.3835	2.4349	2.3990	2.4475
0.2793	0.5643	0.6363	0.4854	0.6444	0.2203	1.3542	1.0700	0.5923	0.4938	2.5323	2.4982	2.4195	2.3979	2.4239	2.4198	2.4210
0.2785	0.5644	0.6343	0.4824	0.6468	0.2201	1.3608	1.0882	0.6450	0.4973	0.6765	2.4938	2.4358	2.3854	2.4054	2.4009	2.4429
0.2802	0.5644	0.6330	0.4804	0.6458	0.2183	1.3556	1.0813	0.6410	0.4962	0.6824	0.5926	2.4171	2.4029	2.4122	2.4406	2.4503
0.2802	0.5644	0.6330	0.4802	0.6457	0.2181	1.3537	1.0783	0.6407	0.4969	0.6865	0.5934	1.1163	2.3901	2.4206	2.4250	2.4516
0.2801	0.5644	0.6319	0.4809	0.6459	0.2183	1.3665	1.0961	0.6450	0.4926	0.6797	0.5937	1.1162	0.6942	2.4079	2.3860	2.4132
0.2801	0.5644	0.6320	0.4808	0.6459	0.2230	1.3809	1.1146	0.6306	0.4947	0.6780	0.5894	1.1162	0.6967	0.7156	2.3612	2.4054
0.2801	0.5644	0.6322	0.4807	0.6459	0.2222	1.3792	1.1093	0.6285	0.4934	0.6796	0.5938	1.1162	0.6983	0.7136	0.5071	2.3871
0.2801	0.5644	0.6314	0.4792	0.6459	0.2226	1.3740	1.1137	0.6261	0.4957	0.6833	0.5931	1.1162	0.7038	0.7145	0.5065	0.6757
