0.8940	0.0001	0.0900	0.0050	0.0725	0.0500	0.2241	0.0432	0.0000	0.0000	0.2400	0.0850	0.0100	0.2450	0.0000	0.3850	0.0225
0.8980	0.7068	0.2575	0.0000	0.0300	0.0250	0.3793	0.1250	0.0075	0.0000	0.2425	0.0050	0.0000	0.3750	0.0000	0.3200	0.0025
0.9020	0.7070	0.7575	0.0000	0.0000	0.0000	0.3793	0.0705	0.0225	0.0000	0.2400	0.0000	0.0000	0.3725	0.0000	0.0625	0.0775
0.9000	0.7068	0.7525	0.8075	0.0075	0.0075	0.4483	0.1068	0.0225	0.0000	0.2400	0.0000	0.0000	0.3775	0.0000	0.0400	0.0675
0.8980	0.7071	0.7525	0.8050	0.7525	0.0350	0.3966	0.1159	0.0450	0.0000	0.2375	0.0275	0.0000	0.3825	0.0000	0.1875	0.1250
0.8980	0.7065	0.7525	0.8175	0.7475	0.9175	0.4138	0.0455	0.0375	0.0000	0.2450	0.2125	0.0000	0.3825	0.0000	0.0400	0.2075
0.8980	0.7070	0.7525	0.8150	0.7500	0.9225	0.4655	0.0477	0.0450	0.0000	0.2350	0.1175	0.0000	0.3825	0.0000	0.0450	0.1875
0.9040	0.7066	0.7550	0.8025	0.7475	0.9275	0.4655	0.6000	0.0500	0.0025	0.2375	0.2100	0.0000	0.3350	0.0000	0.0525	0.2225
0.9040	0.7066	0.7550	0.8025	0.7500	0.9225	0.4655	0.6045	0.7700	0.0000	0.2325	0.1800	0.0000	0.3800	0.0000	0.0325	0.2200
0.9000	0.7063	0.7525	0.8150	0.7500	0.9250	0.4483	0.5614	0.7700	0.8100	0.2375	0.2275	0.0000	0.3800	0.0000	0.0225	0.2325
0.8980	0.7059	0.7550	0.8150	0.7475	0.9275	0.4483	0.5568	0.7600	0.8200	0.7150	0.2350	0.0000	0.3775	0.0000	0.0475	0.1400
0.8980	0.7058	0.7575	0.8200	0.7450	0.9250	0.4483	0.5591	0.7500	0.8175	0.7275	0.7625	0.0000	0.3625	0.0000	0.0625	0.1400
0.8980	0.7058	0.7575	0.8200	0.7450	0.9250	0.4483	0.5591	0.7425	0.8150	0.7300	0.7650	0.3700	0.2950	0.0000	0.0450	0.1150
0.8980	0.7058	0.7550	0.8150	0.7450	0.9250	0.4310	0.5682	0.7500	0.8175	0.7125	0.7575	0.3700	0.7225	0.0000	0.0475	0.0975
0.8980	0.7058	0.7550	0.8150	0.7450	0.9250	0.4483	0.5523	0.7600	0.8175	0.7200	0.7625	0.3700	0.7225	0.7010	0.0525	0.0425
0.8980	0.7058	0.7550	0.8150	0.7450	0.9275	0.4483	0.5477	0.7675	0.8200	0.7325	0.7525	0.3700	0.7175	0.7010	0.8000	0.1100
0.8980	0.7058	0.7550	0.8200	0.7450	0.9275	0.4310	0.5432	0.7700	0.8175	0.7225	0.7550	0.3700	0.7125	0.7010	0.8000	0.7050
