0.6907	2.3829	2.4506	2.3015	2.0307	1.7085	2.0401	2.2850	2.1200	2.2021	2.1856	2.0720	2.1118	2.0112	2.0824	2.1580	1.9730
2.5026	0.5598	2.0691	1.7259	1.8734	2.1647	2.0971	2.1123	2.3623	2.2607	2.3303	2.1430	2.1070	1.8910	2.6109	2.2011	1.9925
4.7116	1.1417	0.7689	2.0122	2.2438	2.1365	2.2447	2.1401	2.0555	2.1266	2.0524	2.1125	2.0844	2.3210	2.3868	2.2780	2.2852
5.6467	1.3413	1.2555	0.8029	1.9779	2.2587	2.2015	2.0956	2.2720	2.1664	2.2165	2.5200	1.9068	2.2600	2.4889	2.1177	2.1646
4.8665	1.6356	1.6743	0.8790	0.7564	2.3614	2.1807	2.0303	2.2915	2.1698	2.2501	2.5176	1.9821	2.1201	2.4044	1.8911	2.0831
3.2619	0.9743	1.7451	1.0758	1.0463	0.7857	2.0560	2.1184	2.2973	2.4493	2.1360	2.2529	2.1500	2.0374	2.2504	2.1534	1.9643
4.0442	1.6062	2.3167	1.1519	1.1055	1.2368	1.5368	2.0442	2.2136	2.2953	2.1696	2.2370	2.1640	1.7274	2.2393	1.8250	1.8781
3.9877	1.9109	2.3458	1.9059	1.3056	1.9883	1.5804	1.3427	2.0221	2.2308	2.1237	2.3504	2.1629	1.7590	2.3330	1.9043	1.9292
4.1314	2.2636	1.8650	1.9551	1.4557	2.2052	1.6208	1.6167	0.7878	2.4787	2.0104	2.0842	2.0981	1.7394	2.1205	2.0630	1.8302
6.7795	1.9952	1.9766	1.7176	1.3209	2.2917	1.9039	1.7156	1.7018	0.8658	1.9203	2.4442	2.1448	2.0282	2.2807	2.0010	2.2089
7.3726	5.0711	2.0779	3.2778	2.1854	3.6246	2.2081	2.0322	1.2798	1.7131	1.0786	2.2024	2.1870	2.3412	2.1002	2.3336	2.4402
6.2628	5.1651	1.6774	3.2096	2.3577	3.6204	2.2232	2.2111	1.2658	1.6603	1.1364	0.7501	2.0882	2.1666	2.4069	2.2018	2.2978
6.5852	2.1125	2.2761	2.1058	1.2724	1.3310	1.8858	1.8163	2.1578	1.5581	1.3748	1.9056	1.0967	2.4150	2.5656	2.1682	2.3578
5.5178	2.3466	2.2086	2.1280	1.3899	1.4194	1.5861	1.6229	1.5442	1.5168	1.6855	2.2156	1.1526	0.9682	2.4658	2.0203	2.1793
4.5391	1.9827	2.5028	1.2227	1.2275	1.5021	1.5672	1.6047	1.2634	1.3464	2.5133	2.7723	1.2441	1.1017	0.8341	1.8464	1.9662
4.3935	1.6623	2.1483	1.2368	1.1705	1.6069	1.5871	1.6188	1.3350	1.2828	2.6371	2.7985	1.2772	1.0420	0.8179	0.9397	1.9346
4.3328	1.3933	2.3863	1.1298	1.0979	1.4520	1.5290	1.6079	1.2891	1.3551	2.5620	2.5842	1.3422	1.1440	0.7955	1.0775	0.9065
