1.3559	0.0000	0.0000	0.0000	0.0000	0.0000	0.0000	0.0000	0.0000	0.0000	0.0000	0.0000	0.0000	0.0000	0.0000	0.0000	0.0000
1.3290	0.7280	0.0000	0.0000	0.0000	0.0000	0.0000	0.0000	0.0000	0.0000	0.0000	0.0000	0.0000	0.0000	0.0000	0.0000	0.0000
1.3151	0.8047	0.7789	0.0000	0.0000	0.0000	0.0000	0.0000	0.0000	0.0000	0.0000	0.0000	0.0000	0.0000	0.0000	0.0000	0.0000
1.3301	0.8576	0.8273	0.7460	0.0000	0.0000	0.0000	0.0000	0.0000	0.0000	0.0000	0.0000	0.0000	0.0000	0.0000	0.0000	0.0000
1.5564	1.3576	1.2436	1.2092	0.5833	0.0000	0.0000	0.0000	0.0000	0.0000	0.0000	0.0000	0.0000	0.0000	0.0000	0.0000	0.0000
1.4106	1.0853	0.9437	0.8790	0.6350	0.6885	0.0000	0.0000	0.0000	0.0000	0.0000	0.0000	0.0000	0.0000	0.0000	0.0000	0.0000
1.3892	0.8893	0.8700	0.8790	0.7181	0.7290	0.7265	0.0000	0.0000	0.0000	0.0000	0.0000	0.0000	0.0000	0.0000	0.0000	0.0000
1.4109	0.9064	0.9067	0.8555	0.9521	0.8023	0.8194	0.7062	0.0000	0.0000	0.0000	0.0000	0.0000	0.0000	0.0000	0.0000	0.0000
1.3729	0.9171	0.8496	0.8192	0.7577	0.7517	0.8023	0.7116	0.7660	0.0000	0.0000	0.0000	0.0000	0.0000	0.0000	0.0000	0.0000
1.4692	1.1231	1.0617	0.9760	0.6559	0.8389	0.8881	0.8464	0.9693	1.1261	0.0000	0.0000	0.0000	0.0000	0.0000	0.0000	0.0000
1.4830	1.0705	0.9362	0.8577	0.6518	0.7559	0.9225	0.7502	0.8610	1.1755	0.7632	0.0000	0.0000	0.0000	0.0000	0.0000	0.0000
1.4392	0.9935	0.9295	0.8472	0.6438	0.7600	0.9079	0.7952	0.9148	1.2306	0.8412	0.7835	0.0000	0.0000	0.0000	0.0000	0.0000
1.4969	1.2066	0.8707	0.9790	0.6312	0.7613	0.9278	0.9334	0.9573	1.2080	0.8443	0.9875	0.7314	0.0000	0.0000	0.0000	0.0000
1.5087	1.1249	0.8662	1.0480	0.7330	0.7167	0.8385	0.8580	0.8938	1.2545	0.8646	1.0174	0.7659	0.8118	0.0000	0.0000	0.0000
1.5088	1.1318	0.8662	1.0746	0.7221	0.7450	0.8782	0.9058	0.9285	1.2499	0.8307	1.0305	0.7375	0.8199	1.0862	0.0000	0.0000
1.5501	1.0762	0.8359	0.9561	0.6479	0.7523	0.8327	0.8535	0.8397	1.2263	0.7754	0.9255	0.8682	0.8570	1.1016	0.7341	0.0000
1.4992	0.9847	0.9424	0.9619	0.6571	0.7462	0.8224	0.8290	0.8706	1.2949	0.7996	0.8912	0.7476	0.8325	1.0944	0.7428	0.7448
