0.3183	0.0000	0.0000	0.0000	0.0000	0.0000	0.0000	0.0000	0.0000	0.0000	0.0000	0.0000	0.0000	0.0000	0.0000	0.0000	0.0000
0.3471	0.6870	0.0000	0.0000	0.0000	0.0000	0.0000	0.0000	0.0000	0.0000	0.0000	0.0000	0.0000	0.0000	0.0000	0.0000	0.0000
0.4308	0.6541	0.6480	0.0000	0.0000	0.0000	0.0000	0.0000	0.0000	0.0000	0.0000	0.0000	0.0000	0.0000	0.0000	0.0000	0.0000
0.2496	0.5991	0.6548	0.6556	0.0000	0.0000	0.0000	0.0000	0.0000	0.0000	0.0000	0.0000	0.0000	0.0000	0.0000	0.0000	0.0000
0.1486	0.5830	0.6010	0.5799	0.6990	0.0000	0.0000	0.0000	0.0000	0.0000	0.0000	0.0000	0.0000	0.0000	0.0000	0.0000	0.0000
0.1918	0.5026	0.6070	0.5719	0.6910	0.7116	0.0000	0.0000	0.0000	0.0000	0.0000	0.0000	0.0000	0.0000	0.0000	0.0000	0.0000
0.2551	0.6531	0.6569	0.6146	0.6519	0.6875	0.6844	0.0000	0.0000	0.0000	0.0000	0.0000	0.0000	0.0000	0.0000	0.0000	0.0000
0.2405	0.6031	0.6401	0.6604	0.5590	0.6769	0.6897	0.7404	0.0000	0.0000	0.0000	0.0000	0.0000	0.0000	0.0000	0.0000	0.0000
0.2242	0.5277	0.6452	0.6126	0.6385	0.7043	0.6872	0.7106	0.6424	0.0000	0.0000	0.0000	0.0000	0.0000	0.0000	0.0000	0.0000
0.3584	0.5678	0.6343	0.6183	0.6670	0.6219	0.6381	0.6789	0.5687	0.6062	0.0000	0.0000	0.0000	0.0000	0.0000	0.0000	0.0000
0.2785	0.5329	0.6040	0.6382	0.6728	0.6658	0.5983	0.6867	0.6063	0.5722	0.6427	0.0000	0.0000	0.0000	0.0000	0.0000	0.0000
0.2756	0.5275	0.5749	0.6335	0.6772	0.6766	0.5884	0.7026	0.5554	0.5660	0.6434	0.6392	0.0000	0.0000	0.0000	0.0000	0.0000
0.3671	0.5476	0.7217	0.6131	0.6761	0.7123	0.6447	0.6931	0.5896	0.4956	0.6774	0.6624	0.6233	0.0000	0.0000	0.0000	0.0000
0.3039	0.5083	0.7373	0.5641	0.6197	0.6921	0.6765	0.6605	0.6425	0.4807	0.6312	0.6270	0.6384	0.2747	0.0000	0.0000	0.0000
0.3201	0.5797	0.7758	0.6137	0.6245	0.6264	0.6469	0.6193	0.6015	0.4895	0.6800	0.6200	0.6708	0.2747	0.2983	0.0000	0.0000
0.3063	0.5534	0.7221	0.6232	0.6678	0.6706	0.6753	0.6259	0.6267	0.5434	0.6926	0.6469	0.6440	0.2747	0.3084	0.6561	0.0000
0.3257	0.5510	0.5897	0.5756	0.6648	0.6835	0.6583	0.6486	0.6254	0.4844	0.6899	0.6454	0.6931	0.2747	0.2972	0.6813	0.6721
