0.4655	0.0000	0.0000	0.0000	0.0000	0.0000	0.0000	0.0000	0.0000	0.0000	0.0000	0.0000	0.0000	0.0000	0.0000	0.0000	0.0000
0.5000	0.7075	0.0000	0.0000	0.0000	0.0000	0.0000	0.0000	0.0000	0.0000	0.0000	0.0000	0.0000	0.0000	0.0000	0.0000	0.0000
0.5690	0.6700	0.6575	0.0000	0.0000	0.0000	0.0000	0.0000	0.0000	0.0000	0.0000	0.0000	0.0000	0.0000	0.0000	0.0000	0.0000
0.4483	0.6300	0.6575	0.6700	0.0000	0.0000	0.0000	0.0000	0.0000	0.0000	0.0000	0.0000	0.0000	0.0000	0.0000	0.0000	0.0000
0.3621	0.6025	0.6075	0.6025	0.6990	0.0000	0.0000	0.0000	0.0000	0.0000	0.0000	0.0000	0.0000	0.0000	0.0000	0.0000	0.0000
0.3793	0.5650	0.6275	0.5950	0.6917	0.7225	0.0000	0.0000	0.0000	0.0000	0.0000	0.0000	0.0000	0.0000	0.0000	0.0000	0.0000
0.3966	0.6650	0.6575	0.6375	0.6641	0.7025	0.6950	0.0000	0.0000	0.0000	0.0000	0.0000	0.0000	0.0000	0.0000	0.0000	0.0000
0.4138	0.6275	0.6400	0.6700	0.6091	0.6775	0.6975	0.7450	0.0000	0.0000	0.0000	0.0000	0.0000	0.0000	0.0000	0.0000	0.0000
0.3793	0.5825	0.6575	0.6350	0.6544	0.7100	0.6950	0.7200	0.6550	0.0000	0.0000	0.0000	0.0000	0.0000	0.0000	0.0000	0.0000
0.4483	0.6050	0.6400	0.6425	0.6713	0.6500	0.6550	0.7075	0.6025	0.5932	0.0000	0.0000	0.0000	0.0000	0.0000	0.0000	0.0000
0.4310	0.5875	0.6200	0.6575	0.6750	0.6850	0.6225	0.6950	0.6300	0.5500	0.6500	0.0000	0.0000	0.0000	0.0000	0.0000	0.0000
0.4310	0.5850	0.5975	0.6500	0.6784	0.6875	0.6225	0.7025	0.5975	0.5500	0.6475	0.6600	0.0000	0.0000	0.0000	0.0000	0.0000
0.4483	0.6025	0.7325	0.6425	0.6768	0.7275	0.6650	0.6975	0.6200	0.4977	0.6750	0.6725	0.6800	0.0000	0.0000	0.0000	0.0000
0.3793	0.5775	0.7425	0.6050	0.6414	0.7175	0.6900	0.6725	0.6600	0.4773	0.6275	0.6500	0.6840	0.7010	0.0000	0.0000	0.0000
0.3448	0.6250	0.7825	0.6425	0.6440	0.6925	0.6775	0.6675	0.6325	0.4886	0.6775	0.6475	0.6980	0.7010	0.4000	0.0000	0.0000
0.3103	0.6100	0.7300	0.6500	0.6690	0.6900	0.6900	0.6400	0.6525	0.5455	0.7000	0.6825	0.6740	0.7010	0.4100	0.6625	0.0000
0.3103	0.6050	0.6200	0.6175	0.6648	0.7050	0.6725	0.6675	0.6475	0.4909	0.6950	0.6750	0.7120	0.7010	0.4000	0.6875	0.6900
