0.3103	0.0000	0.0000	0.0000	0.0000	0.0000	0.0000	0.0000	0.0000	0.0000	0.0000	0.0000	0.0000	0.0000	0.0000	0.0000	0.0000
0.2069	0.7250	0.0000	0.0000	0.0000	0.0000	0.0000	0.0000	0.0000	0.0000	0.0000	0.0000	0.0000	0.0000	0.0000	0.0000	0.0000
0.2931	0.7125	0.7250	0.0000	0.0000	0.0000	0.0000	0.0000	0.0000	0.0000	0.0000	0.0000	0.0000	0.0000	0.0000	0.0000	0.0000
0.2931	0.6875	0.6650	0.7050	0.0000	0.0000	0.0000	0.0000	0.0000	0.0000	0.0000	0.0000	0.0000	0.0000	0.0000	0.0000	0.0000
0.2241	0.4075	0.3825	0.3850	0.7229	0.0000	0.0000	0.0000	0.0000	0.0000	0.0000	0.0000	0.0000	0.0000	0.0000	0.0000	0.0000
0.2241	0.4075	0.3925	0.4075	0.4997	0.7225	0.0000	0.0000	0.0000	0.0000	0.0000	0.0000	0.0000	0.0000	0.0000	0.0000	0.0000
0.2241	0.5450	0.3800	0.4525	0.4998	0.6550	0.6775	0.0000	0.0000	0.0000	0.0000	0.0000	0.0000	0.0000	0.0000	0.0000	0.0000
0.2069	0.4225	0.3825	0.3950	0.5754	0.4675	0.4400	0.5800	0.0000	0.0000	0.0000	0.0000	0.0000	0.0000	0.0000	0.0000	0.0000
0.2069	0.3775	0.3775	0.3775	0.5317	0.3825	0.5900	0.5575	0.5300	0.0000	0.0000	0.0000	0.0000	0.0000	0.0000	0.0000	0.0000
0.2241	0.4125	0.4175	0.3850	0.4358	0.4000	0.3225	0.2375	0.2325	0.5523	0.0000	0.0000	0.0000	0.0000	0.0000	0.0000	0.0000
0.3448	0.2750	0.3375	0.4125	0.2148	0.1525	0.1750	0.0175	0.0025	0.1727	0.6425	0.0000	0.0000	0.0000	0.0000	0.0000	0.0000
0.3793	0.4175	0.4575	0.4350	0.4959	0.1925	0.3250	0.1175	0.0525	0.2114	0.4525	0.6550	0.0000	0.0000	0.0000	0.0000	0.0000
0.2241	0.2950	0.0575	0.1050	0.5000	0.3175	0.3175	0.3050	0.2375	0.1000	0.3725	0.1975	0.7820	0.0000	0.0000	0.0000	0.0000
0.2069	0.4625	0.4000	0.3825	0.5000	0.3775	0.2025	0.4250	0.1075	0.1455	0.3775	0.5625	0.4140	0.7010	0.0000	0.0000	0.0000
0.2241	0.3925	0.3675	0.3775	0.5000	0.3775	0.3825	0.3825	0.2400	0.1500	0.3775	0.3825	0.1780	0.1856	0.3400	0.0000	0.0000
0.2241	0.2150	0.1975	0.2000	0.5000	0.6050	0.3850	0.3825	0.4100	0.1500	0.3200	0.2125	0.4720	0.0722	0.2200	0.6500	0.0000
0.1379	0.2050	0.3250	0.3300	0.2409	0.1800	0.5500	0.2175	0.1900	0.0955	0.3675	0.3825	0.4080	0.0619	0.3700	0.4700	0.5600
