1.5736	0.0000	0.0000	0.0000	0.0000	0.0000	0.0000	0.0000	0.0000	0.0000	0.0000	0.0000	0.0000	0.0000	0.0000	0.0000	0.0000
1.6388	0.7160	0.0000	0.0000	0.0000	0.0000	0.0000	0.0000	0.0000	0.0000	0.0000	0.0000	0.0000	0.0000	0.0000	0.0000	0.0000
1.5391	0.7524	0.7520	0.0000	0.0000	0.0000	0.0000	0.0000	0.0000	0.0000	0.0000	0.0000	0.0000	0.0000	0.0000	0.0000	0.0000
1.5421	0.8593	0.8797	0.8593	0.0000	0.0000	0.0000	0.0000	0.0000	0.0000	0.0000	0.0000	0.0000	0.0000	0.0000	0.0000	0.0000
1.8159	1.1972	1.4720	1.6631	0.5558	0.0000	0.0000	0.0000	0.0000	0.0000	0.0000	0.0000	0.0000	0.0000	0.0000	0.0000	0.0000
1.9605	1.3378	1.5873	1.8060	0.9975	0.7587	0.0000	0.0000	0.0000	0.0000	0.0000	0.0000	0.0000	0.0000	0.0000	0.0000	0.0000
1.8297	1.2717	1.3189	1.2711	1.4606	0.7862	0.8454	0.0000	0.0000	0.0000	0.0000	0.0000	0.0000	0.0000	0.0000	0.0000	0.0000
1.9075	1.5220	2.1717	1.9264	0.9064	1.2333	1.2814	0.9289	0.0000	0.0000	0.0000	0.0000	0.0000	0.0000	0.0000	0.0000	0.0000
1.9898	1.6294	2.1819	2.1214	0.9037	1.1707	1.1321	0.9293	0.9217	0.0000	0.0000	0.0000	0.0000	0.0000	0.0000	0.0000	0.0000
1.8969	1.1601	1.2810	1.2082	0.9623	1.2473	1.4026	1.6232	1.6172	1.2190	0.0000	0.0000	0.0000	0.0000	0.0000	0.0000	0.0000
1.6281	1.7228	1.4978	1.4647	2.1156	2.7736	1.9686	3.4059	2.9228	1.9966	0.8056	0.0000	0.0000	0.0000	0.0000	0.0000	0.0000
1.5273	1.5100	1.1293	1.3160	1.6293	2.1422	1.7712	2.7933	2.7586	1.7721	1.1338	0.8306	0.0000	0.0000	0.0000	0.0000	0.0000
1.8500	1.8338	1.9362	2.2056	1.7549	1.7528	1.8233	1.7094	1.6207	2.4742	2.1084	1.4688	0.6461	0.0000	0.0000	0.0000	0.0000
1.7240	1.2993	1.1839	1.3482	1.9544	1.6960	1.6616	1.7282	1.9239	2.1897	1.5899	1.0082	1.5231	0.7911	0.0000	0.0000	0.0000
1.9963	1.3481	2.0441	1.8679	1.7865	1.7114	1.6589	1.3588	1.3027	2.3692	2.0239	1.4905	1.6293	1.2075	1.1009	0.0000	0.0000
1.8945	1.7998	2.2538	2.1775	1.1874	1.3182	1.2913	1.2224	1.2831	2.3540	2.4383	1.7096	1.4297	2.1556	1.2160	0.7948	0.0000
1.8292	2.0731	1.9364	2.0160	2.7811	1.8272	1.6160	1.9997	2.3278	2.5149	1.8749	1.5195	1.5130	1.5299	1.1525	1.3930	0.9695
