0.1597	0.0000	0.0000	0.0000	0.0000	0.0000	0.0000	0.0000	0.0000	0.0000	0.0000	0.0000	0.0000	0.0000	0.0000	0.0000	0.0000
0.0716	0.7157	0.0000	0.0000	0.0000	0.0000	0.0000	0.0000	0.0000	0.0000	0.0000	0.0000	0.0000	0.0000	0.0000	0.0000	0.0000
0.1500	0.6946	0.7265	0.0000	0.0000	0.0000	0.0000	0.0000	0.0000	0.0000	0.0000	0.0000	0.0000	0.0000	0.0000	0.0000	0.0000
0.1483	0.6792	0.6680	0.6872	0.0000	0.0000	0.0000	0.0000	0.0000	0.0000	0.0000	0.0000	0.0000	0.0000	0.0000	0.0000	0.0000
0.0732	0.2324	0.1994	0.2012	0.7215	0.0000	0.0000	0.0000	0.0000	0.0000	0.0000	0.0000	0.0000	0.0000	0.0000	0.0000	0.0000
0.0732	0.2521	0.2220	0.2607	0.3342	0.6875	0.0000	0.0000	0.0000	0.0000	0.0000	0.0000	0.0000	0.0000	0.0000	0.0000	0.0000
0.0732	0.4081	0.1892	0.3058	0.3338	0.6374	0.6432	0.0000	0.0000	0.0000	0.0000	0.0000	0.0000	0.0000	0.0000	0.0000	0.0000
0.0580	0.2704	0.2036	0.2233	0.5739	0.3699	0.2960	0.5258	0.0000	0.0000	0.0000	0.0000	0.0000	0.0000	0.0000	0.0000	0.0000
0.0580	0.1827	0.1827	0.1827	0.5317	0.1844	0.4537	0.4278	0.4659	0.0000	0.0000	0.0000	0.0000	0.0000	0.0000	0.0000	0.0000
0.0619	0.3371	0.1841	0.2920	0.4241	0.3440	0.2960	0.1355	0.0947	0.5617	0.0000	0.0000	0.0000	0.0000	0.0000	0.0000	0.0000
0.1039	0.2032	0.2780	0.3505	0.1077	0.0942	0.1154	0.0111	0.0035	0.0930	0.6151	0.0000	0.0000	0.0000	0.0000	0.0000	0.0000
0.1932	0.3542	0.3864	0.3484	0.2215	0.1070	0.1086	0.0454	0.0250	0.0852	0.3118	0.6486	0.0000	0.0000	0.0000	0.0000	0.0000
0.0743	0.1720	0.0453	0.0809	0.3333	0.3142	0.1913	0.2115	0.0963	0.0581	0.1449	0.1453	0.7214	0.0000	0.0000	0.0000	0.0000
0.1257	0.3835	0.2459	0.1844	0.3333	0.1378	0.1538	0.2602	0.0528	0.0577	0.1827	0.4296	0.1980	0.2747	0.0000	0.0000	0.0000
0.0732	0.1584	0.1344	0.1827	0.3333	0.1827	0.1920	0.1844	0.1290	0.0594	0.1827	0.1844	0.1034	0.1413	0.1692	0.0000	0.0000
0.0732	0.1731	0.1160	0.1242	0.3333	0.4654	0.1892	0.1844	0.3112	0.0592	0.1763	0.1519	0.2913	0.0449	0.1312	0.6370	0.0000
0.0792	0.1714	0.2174	0.2218	0.1644	0.1286	0.4235	0.1311	0.1415	0.0547	0.1450	0.1844	0.2813	0.0388	0.3273	0.3999	0.5477
