0.2292	0.0000	0.0000	0.0000	0.0000	0.0000	0.0000	0.0000	0.0000	0.0000	0.0000	0.0000	0.0000	0.0000	0.0000	0.0000	0.0000
0.0857	0.6691	0.0000	0.0000	0.0000	0.0000	0.0000	0.0000	0.0000	0.0000	0.0000	0.0000	0.0000	0.0000	0.0000	0.0000	0.0000
0.0732	0.1427	0.6225	0.0000	0.0000	0.0000	0.0000	0.0000	0.0000	0.0000	0.0000	0.0000	0.0000	0.0000	0.0000	0.0000	0.0000
0.0732	0.1320	0.6294	0.6232	0.0000	0.0000	0.0000	0.0000	0.0000	0.0000	0.0000	0.0000	0.0000	0.0000	0.0000	0.0000	0.0000
0.0923	0.1844	0.1871	0.1290	0.7116	0.0000	0.0000	0.0000	0.0000	0.0000	0.0000	0.0000	0.0000	0.0000	0.0000	0.0000	0.0000
0.1026	0.1675	0.1233	0.1290	0.3333	0.5975	0.0000	0.0000	0.0000	0.0000	0.0000	0.0000	0.0000	0.0000	0.0000	0.0000	0.0000
0.1026	0.2578	0.0762	0.1290	0.4037	0.3728	0.6090	0.0000	0.0000	0.0000	0.0000	0.0000	0.0000	0.0000	0.0000	0.0000	0.0000
0.1026	0.1642	0.1290	0.1290	0.4714	0.3497	0.4501	0.6506	0.0000	0.0000	0.0000	0.0000	0.0000	0.0000	0.0000	0.0000	0.0000
0.1026	0.4051	0.1329	0.1289	0.4383	0.2555	0.3991	0.1844	0.5648	0.0000	0.0000	0.0000	0.0000	0.0000	0.0000	0.0000	0.0000
0.1660	0.0945	0.1789	0.2233	0.2115	0.2129	0.2041	0.1370	0.4222	0.5411	0.0000	0.0000	0.0000	0.0000	0.0000	0.0000	0.0000
0.0988	0.3707	0.1222	0.1263	0.3443	0.1827	0.5739	0.3614	0.4378	0.2315	0.6396	0.0000	0.0000	0.0000	0.0000	0.0000	0.0000
0.0732	0.1263	0.5275	0.3549	0.2308	0.1827	0.1356	0.1368	0.2424	0.0915	0.1360	0.6076	0.0000	0.0000	0.0000	0.0000	0.0000
0.0628	0.1093	0.5942	0.4231	0.3688	0.1827	0.1378	0.1357	0.1552	0.0738	0.1205	0.7481	0.6487	0.0000	0.0000	0.0000	0.0000
0.0732	0.1290	0.1844	0.1844	0.3333	0.1827	0.1290	0.2051	0.2066	0.0747	0.1290	0.1844	0.1932	0.2747	0.0000	0.0000	0.0000
0.1039	0.1844	0.1844	0.1290	0.3467	0.1827	0.1844	0.1844	0.1905	0.0747	0.1884	0.1844	0.1932	0.2747	0.1692	0.0000	0.0000
0.1106	0.1662	0.3906	0.4138	0.2434	0.4009	0.1903	0.1800	0.2019	0.0988	0.1471	0.5434	0.3281	0.3522	0.2457	0.6734	0.0000
0.1053	0.1321	0.1827	0.4167	0.0130	0.1877	0.1523	0.1139	0.1281	0.1422	0.1290	0.3531	0.3097	0.2518	0.1546	0.3798	0.6028
