1.5385	0.0000	0.0000	0.0000	0.0000	0.0000	0.0000	0.0000	0.0000	0.0000	0.0000	0.0000	0.0000	0.0000	0.0000	0.0000	0.0000
1.6523	0.8065	0.0000	0.0000	0.0000	0.0000	0.0000	0.0000	0.0000	0.0000	0.0000	0.0000	0.0000	0.0000	0.0000	0.0000	0.0000
1.5821	1.4296	0.8595	0.0000	0.0000	0.0000	0.0000	0.0000	0.0000	0.0000	0.0000	0.0000	0.0000	0.0000	0.0000	0.0000	0.0000
1.6150	1.8710	0.8935	0.8340	0.0000	0.0000	0.0000	0.0000	0.0000	0.0000	0.0000	0.0000	0.0000	0.0000	0.0000	0.0000	0.0000
1.6354	1.2568	1.2465	1.7180	0.5783	0.0000	0.0000	0.0000	0.0000	0.0000	0.0000	0.0000	0.0000	0.0000	0.0000	0.0000	0.0000
1.5239	1.5435	1.4934	2.0712	1.3468	0.8404	0.0000	0.0000	0.0000	0.0000	0.0000	0.0000	0.0000	0.0000	0.0000	0.0000	0.0000
1.5695	1.1515	1.6431	2.2198	0.7822	1.1967	0.7694	0.0000	0.0000	0.0000	0.0000	0.0000	0.0000	0.0000	0.0000	0.0000	0.0000
1.6269	1.3652	1.5789	2.0606	0.7945	1.0692	0.8725	0.7803	0.0000	0.0000	0.0000	0.0000	0.0000	0.0000	0.0000	0.0000	0.0000
1.5727	0.9688	1.2975	1.7236	0.6953	1.2666	1.0114	1.0946	0.8055	0.0000	0.0000	0.0000	0.0000	0.0000	0.0000	0.0000	0.0000
1.5620	1.7325	1.3587	1.4946	0.7922	1.2817	1.4429	1.3544	1.0107	1.2840	0.0000	0.0000	0.0000	0.0000	0.0000	0.0000	0.0000
1.6482	1.0215	1.5461	1.9496	0.9361	1.2984	0.8782	1.1014	1.0295	2.2203	0.8149	0.0000	0.0000	0.0000	0.0000	0.0000	0.0000
1.5843	1.7735	1.0026	1.0234	1.1093	1.2895	1.6197	1.4200	1.5666	2.2367	1.7078	0.8051	0.0000	0.0000	0.0000	0.0000	0.0000
1.6267	1.6934	0.9842	1.1009	1.0195	1.4347	1.4987	1.3150	1.5806	2.2523	1.5128	0.6765	0.7620	0.0000	0.0000	0.0000	0.0000
1.6375	1.5667	1.1072	1.2161	1.2063	1.3184	1.3529	1.1738	1.2131	2.3426	1.6669	1.5333	2.1855	0.8175	0.0000	0.0000	0.0000
1.5601	1.1820	1.1359	1.4118	0.7126	1.2336	1.3658	1.2156	1.2437	2.1397	1.4080	1.4480	1.4018	0.9911	1.1362	0.0000	0.0000
1.5567	1.5364	1.0949	1.1137	1.0221	1.1016	1.9117	1.6919	1.7792	2.1005	1.5124	0.9040	1.5045	0.8251	1.1378	0.7652	0.0000
1.5393	2.3411	1.6149	1.2692	3.5897	1.2437	2.2185	2.3572	2.1603	2.0678	1.8085	1.1410	1.9427	1.1755	1.1920	1.2058	0.9033
