0.4655	0.0100	0.1925	0.1400	0.0546	0.2800	0.1425	0.1075	0.1000	0.1159	0.0000	0.0525	0.3140	0.0000	0.2900	0.3375	0.0000
0.3966	0.8150	0.3625	0.0875	0.3090	0.0475	0.2250	0.1725	0.2600	0.1159	0.0100	0.0450	0.0380	0.0515	0.1400	0.3400	0.0100
0.2586	0.4450	0.8175	0.0425	0.0142	0.2200	0.1250	0.0850	0.0950	0.0318	0.0050	0.0475	0.1740	0.2165	0.1100	0.2825	0.0100
0.2241	0.4200	0.6725	0.7350	0.0194	0.1975	0.1075	0.1125	0.0175	0.0318	0.0275	0.0225	0.2820	0.4330	0.1200	0.2675	0.0850
0.2241	0.4250	0.6800	0.7600	0.5367	0.2575	0.1100	0.1275	0.0150	0.0364	0.0250	0.0225	0.2660	0.4433	0.0700	0.2650	0.0725
0.2241	0.4275	0.6950	0.7875	0.5426	0.8000	0.1250	0.1150	0.0125	0.0341	0.0100	0.0325	0.3060	0.4330	0.0900	0.3100	0.0550
0.2241	0.4425	0.7600	0.7925	0.5762	0.8050	0.7150	0.1725	0.0425	0.0409	0.0075	0.0950	0.2900	0.4227	0.2200	0.3075	0.0025
0.2414	0.4175	0.6725	0.7450	0.5276	0.8050	0.6150	0.6700	0.0225	0.0318	0.0050	0.0675	0.3080	0.4021	0.1800	0.3125	0.1000
0.2414	0.4225	0.6875	0.7500	0.5251	0.8025	0.6350	0.6675	0.6925	0.0341	0.0025	0.0550	0.2780	0.4639	0.1200	0.3000	0.0900
0.3621	0.7850	0.8400	0.7600	0.6825	0.7950	0.7025	0.7500	0.7525	0.7045	0.0150	0.2000	0.0820	0.6598	0.1500	0.1350	0.0025
0.3966	0.8100	0.8625	0.7750	0.6675	0.8025	0.6825	0.7400	0.7575	0.7023	0.7875	0.2825	0.0840	0.6804	0.1600	0.1100	0.0025
0.3793	0.8050	0.8700	0.7800	0.6641	0.8050	0.7000	0.7175	0.7575	0.6886	0.7925	0.7550	0.0680	0.6289	0.2700	0.0950	0.0150
0.2241	0.3825	0.4925	0.3875	0.5000	0.7300	0.2400	0.2475	0.3900	0.3864	0.5325	0.3825	0.8520	0.0000	0.0000	0.3825	0.2400
0.2414	0.4550	0.6875	0.6475	0.5389	0.7150	0.6400	0.6475	0.6225	0.4341	0.7000	0.5700	0.8720	0.6186	0.2200	0.2325	0.1175
0.2759	0.5850	0.7000	0.6375	0.5950	0.7200	0.6925	0.6575	0.6425	0.4227	0.6875	0.6400	0.8700	0.6598	0.3700	0.1425	0.0950
0.2931	0.5975	0.7000	0.6925	0.5873	0.7800	0.7175	0.6525	0.6400	0.4159	0.7250	0.6575	0.8620	0.6598	0.3800	0.6775	0.1100
0.2586	0.5725	0.6325	0.6575	0.5356	0.7875	0.6925	0.6500	0.7125	0.4295	0.7375	0.6375	0.8220	0.6186	0.3900	0.6575	0.6300
