0.3094	0.0109	0.0660	0.0680	0.0305	0.0826	0.0563	0.0569	0.0642	0.0695	0.0000	0.0309	0.1220	0.0000	0.0731	0.0879	0.0000
0.3000	0.8088	0.1031	0.0413	0.1263	0.0271	0.0703	0.0838	0.0862	0.0616	0.0068	0.0290	0.0269	0.0179	0.0611	0.0877	0.0074
0.1128	0.3144	0.8090	0.0315	0.0110	0.0732	0.0451	0.0512	0.0398	0.0293	0.0037	0.0403	0.0821	0.0638	0.0462	0.1073	0.0074
0.0732	0.2729	0.6355	0.7020	0.0103	0.0513	0.0522	0.0849	0.0118	0.0322	0.0188	0.0184	0.1076	0.1491	0.0504	0.0939	0.0381
0.0732	0.2857	0.6459	0.7353	0.4237	0.0603	0.0492	0.0912	0.0112	0.0372	0.0159	0.0183	0.0883	0.1509	0.0328	0.0952	0.0436
0.0732	0.2994	0.6661	0.7716	0.4356	0.7878	0.0555	0.0870	0.0097	0.0306	0.0065	0.0248	0.0938	0.1462	0.0346	0.1219	0.0395
0.0743	0.3225	0.7453	0.7804	0.5003	0.7918	0.7081	0.1155	0.0245	0.0364	0.0063	0.0612	0.0967	0.1418	0.0717	0.1358	0.0033
0.1098	0.2963	0.6358	0.7359	0.4010	0.7959	0.6149	0.6526	0.0141	0.0305	0.0036	0.0414	0.1008	0.1670	0.0705	0.1255	0.0442
0.1106	0.2991	0.6562	0.7396	0.3951	0.7936	0.6361	0.6484	0.6779	0.0304	0.0019	0.0385	0.0998	0.1530	0.0628	0.1065	0.0450
0.2845	0.7784	0.8339	0.7494	0.6713	0.7868	0.7022	0.7418	0.7311	0.7118	0.0094	0.0499	0.0417	0.1969	0.0708	0.0498	0.0019
0.3051	0.8050	0.8549	0.7664	0.6485	0.7944	0.6816	0.7325	0.7373	0.7095	0.7793	0.0648	0.0408	0.2486	0.0807	0.0483	0.0022
0.2914	0.8011	0.8619	0.7720	0.6430	0.7946	0.6951	0.7075	0.7283	0.6974	0.7818	0.7449	0.0356	0.1825	0.1258	0.0422	0.0108
0.0732	0.1844	0.4282	0.1938	0.3333	0.6434	0.1290	0.1523	0.2057	0.2187	0.4440	0.1970	0.7953	0.0000	0.0000	0.1844	0.1290
0.1038	0.3505	0.6688	0.6273	0.4254	0.6912	0.6236	0.6221	0.5333	0.4040	0.6885	0.5127	0.8265	0.3802	0.0780	0.1066	0.0562
0.1533	0.5413	0.6895	0.6228	0.5359	0.7006	0.6540	0.6320	0.5515	0.4041	0.6705	0.5738	0.8268	0.4187	0.3294	0.0856	0.0562
0.1673	0.5513	0.6897	0.6787	0.5202	0.7514	0.6922	0.6279	0.5529	0.3935	0.7151	0.6042	0.8187	0.4187	0.3634	0.6724	0.0613
0.1387	0.5371	0.6225	0.6424	0.4145	0.7753	0.6842	0.6340	0.6710	0.4060	0.7274	0.6101	0.8010	0.3714	0.2926	0.6403	0.5986
