1.3589	2.1153	1.9986	2.0606	1.8829	2.0893	2.1108	2.0738	1.9795	2.2213	2.2280	2.2778	1.9180	2.1567	2.0482	2.1106	2.5004
1.3656	1.0100	1.7643	2.3448	1.7617	2.1751	1.9847	2.0062	1.9657	2.1750	2.1694	2.3303	2.0760	2.0358	2.0681	2.2193	2.3319
4.1758	107.8107	0.9620	2.9079	2.1529	2.4260	2.3767	2.2061	2.5238	3.0074	2.7431	2.3290	2.3450	2.1490	2.1834	1.9287	2.7100
11.7798	336.3369	3.1155	1.2728	4.0203	3.5021	3.9164	3.1655	4.5021	6.7662	4.2675	3.4862	3.6774	2.7955	2.5568	2.1392	3.9544
9.6160	269.1292	2.5293	1.0255	3.3094	3.0923	3.4424	2.7994	3.9369	5.5912	3.7789	3.0650	3.2778	2.5549	2.4355	2.0034	3.5290
8.4803	237.4914	2.2952	0.9017	2.9917	0.5356	3.1619	2.6898	3.6475	5.0661	3.6243	2.8503	3.0375	2.3796	2.4022	1.9260	3.4687
4.8733	125.3943	1.4038	0.7367	1.7923	0.5383	0.7254	2.1823	2.7445	3.3440	2.9699	2.2396	2.3689	2.0517	2.0731	1.8491	3.0116
9.6638	270.9799	2.8727	0.9468	3.7319	0.5649	1.1638	3.2934	3.8600	5.7540	3.9453	3.0397	3.2517	2.4667	2.2380	1.8989	3.5537
8.6299	240.7902	2.4684	0.8908	3.5497	0.5640	1.0545	2.9899	0.7156	5.1756	3.8983	2.8561	3.1046	2.3216	2.2938	1.9260	3.4157
1.5946	1.6969	0.7722	0.9438	0.7693	0.5873	0.7783	1.1852	0.6057	0.9670	2.5962	2.1415	2.1738	1.7505	2.0726	2.3204	2.4396
1.6215	1.4457	0.6510	0.7204	0.8541	0.5590	0.7408	1.1447	0.6099	0.9825	0.6695	2.0988	2.1515	1.7526	2.0884	2.2677	2.4090
1.6075	1.5029	0.6315	0.6742	0.8853	0.5739	0.7186	1.1165	0.6108	1.0049	0.6545	0.7860	2.2001	1.7922	2.0521	2.2891	2.3712
26.5794	1111.3428	9.6195	7.4066	13.3165	0.7563	8.3165	35.6934	3.2533	25.9327	6.0461	12.4040	1.8034	14.8562	6.2479	5.6642	14.8840
7.4133	209.9584	2.1305	1.1064	3.1755	0.7910	1.0653	2.5010	0.8986	7.5169	0.9625	1.8248	1.3516	9.9338	2.3552	2.0144	2.9104
8.3729	161.4174	2.4721	1.2741	2.0835	0.8159	0.9467	1.7637	0.8993	8.9923	0.8857	1.1702	1.3467	6.7020	2.4995	2.2497	2.6621
8.3714	161.3108	2.4543	1.1936	2.1957	0.7529	0.8930	1.8241	0.8720	9.0364	0.8383	1.1693	1.3746	6.7232	2.4641	0.7422	2.6087
17.4280	374.6248	5.5501	1.8861	5.1891	0.5508	0.9398	3.3090	0.9872	17.8416	0.9964	2.7829	4.4497	13.5928	3.8263	0.8905	58.0918
