0.7329	0.0000	0.0000	0.0220	0.0937	0.0026	0.0000	0.0527	0.0232	0.0509	0.0517	0.0000	0.0587	0.0433	0.0294	0.0000	0.0057
0.0989	0.7324	0.0000	0.0000	0.0000	0.1827	0.1291	0.0518	0.0000	0.0859	0.0069	0.3708	0.0638	0.1844	0.2747	0.0234	0.1282
0.0625	0.3342	0.7596	0.0315	0.0631	0.1072	0.1516	0.0813	0.0853	0.0365	0.0965	0.1227	0.0632	0.1160	0.2747	0.1016	0.1196
0.1364	0.2114	0.1827	0.6704	0.1844	0.1844	0.0197	0.0662	0.2313	0.0000	0.0976	0.1290	0.0000	0.0000	0.2747	0.0385	0.0000
0.1959	0.2221	0.3851	0.1761	0.6354	0.1921	0.0468	0.0800	0.1264	0.0115	0.0314	0.0750	0.0784	0.1156	0.2747	0.0335	0.0131
0.1065	0.3333	0.1508	0.1290	0.1844	0.6872	0.0415	0.0800	0.5575	0.0000	0.2250	0.0161	0.0000	0.0665	0.1988	0.0116	0.0307
0.0000	0.3333	0.1827	0.3937	0.1844	0.2433	0.2101	0.0800	0.0527	0.0000	0.0000	0.1290	0.0000	0.0898	0.1449	0.0697	0.0882
0.0502	0.3333	0.1865	0.3101	0.1987	0.4616	0.1446	0.5687	0.1142	0.0000	0.1347	0.0774	0.0066	0.0913	0.1290	0.0565	0.0734
0.1959	0.3333	0.4540	0.2100	0.2179	0.1844	0.0732	0.0944	0.6661	0.0517	0.0656	0.0123	0.0000	0.0981	0.2747	0.0000	0.0000
0.1959	0.2217	0.1200	0.1290	0.2718	0.3448	0.0741	0.0516	0.3127	0.6498	0.1778	0.0000	0.0444	0.1913	0.0487	0.0000	0.0000
0.1464	0.2213	0.1834	0.1612	0.2080	0.3836	0.0611	0.1051	0.3401	0.6565	0.6995	0.0000	0.0794	0.0347	0.0350	0.0245	0.0856
0.1365	0.3333	0.1383	0.1268	0.2055	0.4422	0.1149	0.1392	0.1696	0.3203	0.4836	0.6625	0.0000	0.0547	0.2747	0.0000	0.2736
0.1959	0.3333	0.1818	0.1936	0.1844	0.1844	0.0732	0.0800	0.1800	0.2250	0.2075	0.1473	0.2037	0.0000	0.2747	0.0000	0.0000
0.1138	0.2212	0.1571	0.2723	0.1998	0.3318	0.1404	0.1457	0.4353	0.5603	0.5240	0.2410	0.2747	0.6463	0.0639	0.0495	0.0986
0.1959	0.3333	0.2458	0.1290	0.1844	0.1844	0.0732	0.0516	0.2119	0.1827	0.1635	0.1458	0.1202	0.1938	0.2747	0.0000	0.0000
0.1462	0.3333	0.3215	0.3034	0.3808	0.1973	0.1200	0.1260	0.4507	0.1827	0.1060	0.1991	0.1931	0.4004	0.3985	0.6785	0.0077
0.1109	0.3333	0.1827	0.6044	0.1848	0.4117	0.0732	0.1270	0.4493	0.3447	0.2680	0.3834	0.2702	0.4233	0.3451	0.2146	0.6824
