0.6502	2.4503	2.4644	2.2217	2.2811	2.4307	2.4022	2.2551	2.2733	2.2372	2.3707	2.4394	1.9929	2.0868	2.1392	2.2256	2.4809
2.6279	0.5543	2.4288	2.4416	2.2733	2.0067	1.9469	2.1697	2.2590	2.0535	2.2480	1.7346	2.2938	1.9595	1.8042	2.2495	2.0301
3.4050	0.7799	0.6693	2.4411	2.1456	2.1035	2.0021	2.1023	2.0246	2.1013	2.0609	1.9581	2.4802	2.1224	1.5771	2.2113	2.1486
3.2631	2.3262	1.5539	0.7073	1.8911	1.8328	2.2530	2.1224	1.8085	2.2594	2.0245	2.1782	2.2459	2.3310	1.5845	2.1057	2.4379
3.0631	1.6880	0.9685	1.2336	0.8087	1.9224	2.0793	2.0851	1.8342	2.2268	2.0019	2.0872	2.2792	2.2803	1.5327	2.1026	2.5525
3.5859	0.9410	1.2171	1.1877	1.4612	0.7464	2.1323	2.1420	1.7296	2.1529	1.9342	2.1416	2.2551	2.3153	1.7076	2.2086	2.3973
4.8873	1.4909	1.3681	1.0956	1.3178	1.2851	1.5013	2.0626	1.9178	2.1328	2.0419	2.0315	2.3629	2.1607	1.8818	1.9503	2.1737
4.2549	1.5186	1.4791	1.1086	1.2486	1.0655	1.5464	1.1718	1.8894	2.1581	2.0679	2.0552	2.2448	2.2022	1.8325	1.9862	2.1653
2.9063	2.2066	1.1059	1.2758	1.0668	1.2751	1.7241	2.3047	0.7526	2.1403	2.1363	2.2009	2.1161	2.0866	1.6367	2.0799	2.4574
2.0224	1.8638	1.8270	1.5610	1.3668	1.2245	2.0307	2.3730	1.1920	0.7901	1.9794	2.1632	2.1073	2.0962	1.8932	2.1902	2.2307
2.6220	1.6487	1.5924	1.4732	1.3860	1.1497	1.7326	2.3253	1.2047	0.8531	0.7905	2.2596	2.1675	2.1632	2.0235	2.2205	2.2302
3.3264	1.4423	1.7393	1.6886	1.9305	0.9048	1.5979	1.8402	1.4262	1.2071	1.0784	0.7694	2.3836	2.1175	1.7632	2.0274	2.0986
3.1113	2.1206	1.5271	1.2350	1.2981	1.2730	1.6240	2.0057	1.1619	1.1778	1.1150	1.6659	1.0739	2.2849	1.7492	2.1796	2.5459
2.3923	1.9171	1.4684	1.2568	1.4069	1.2004	1.7283	1.8569	1.0039	0.9466	1.0071	1.2451	1.1801	0.8502	2.0762	2.1006	2.2430
3.3750	2.2441	1.1399	1.5708	1.3386	1.2283	1.5823	2.0111	1.0973	1.2745	1.5312	1.1399	1.3136	1.2935	0.8537	2.0238	2.4654
3.0977	2.5910	1.2201	1.1900	1.1872	1.5650	1.6229	1.7881	0.9760	1.3115	1.9761	1.2640	1.4453	1.0861	0.8936	0.8254	2.5438
3.4491	2.7409	1.4580	1.0429	1.2113	1.1925	1.6487	1.7365	1.1095	1.2458	1.3915	1.2309	1.1829	1.0157	1.0491	1.2778	0.8553
