0.7005	2.1612	2.0347	2.1452	2.2264	2.1493	2.0485	2.2893	2.1823	2.0023	2.1525	2.0980	2.2490	2.4035	2.0341	1.9427	2.1879
1.0621	0.9006	2.2425	2.1751	2.1546	2.0603	2.1304	2.0695	2.1292	2.0825	2.0283	2.1486	1.8787	2.1321	2.1376	2.0278	2.2649
1.3944	1.6545	0.3194	2.0359	2.1067	2.1860	1.8612	2.3507	2.0588	1.9062	2.0038	2.0851	1.9684	2.3561	2.1478	2.0353	2.0236
1.7736	1.9371	0.9196	0.6479	2.1046	2.1691	1.8910	2.0424	2.1006	2.1159	2.0369	1.9951	1.9524	2.5152	2.2207	2.1989	2.4190
1.6133	1.8776	1.7548	1.2385	0.7983	1.9612	2.0630	2.1431	1.9379	2.0397	2.1821	1.9223	1.9381	2.1664	2.1478	2.3117	1.8816
1.8823	1.9643	1.7322	1.3810	0.8214	1.5286	2.1514	2.2343	1.9690	2.1091	2.2588	2.0438	2.0781	2.1170	2.0999	2.1284	1.9108
1.7360	2.0739	1.7720	1.6649	1.3507	1.6746	0.8112	2.3043	2.0166	2.2039	2.2573	2.1787	2.0344	2.3335	1.9599	2.0747	1.9981
2.2061	1.9918	2.7264	1.7371	1.4636	1.9082	1.1748	1.0819	2.1804	2.0788	2.2729	1.8713	2.4006	1.8774	2.0089	2.6452	2.0771
2.2972	1.9518	2.3341	1.6943	1.5195	1.9516	1.6507	1.1455	1.0814	2.2257	2.1645	1.8819	2.3935	1.9163	1.8842	2.3878	2.1488
1.7934	1.8583	1.9172	2.0111	1.6989	2.0201	1.9929	1.3640	1.1586	1.1079	1.9397	1.8209	2.2762	2.0338	1.8806	2.0770	2.1916
1.9787	1.8892	1.5783	1.7572	1.8275	2.0957	2.4225	2.0010	1.2792	1.1455	1.0810	1.7841	2.0083	1.9226	1.9273	2.2279	2.0056
2.2367	1.9033	1.7443	1.6767	1.7795	2.0226	2.0550	1.7135	1.3831	1.2200	1.1153	1.0814	1.8283	1.8353	2.1458	2.1682	2.1343
2.0735	1.8623	1.7126	1.7133	1.8555	1.9912	1.8249	2.2371	2.2836	1.7208	1.3949	1.2076	0.6932	2.1249	2.3018	2.1183	2.1181
2.7211	1.9187	2.2183	2.0263	2.0339	2.0899	2.8576	1.8184	1.7020	1.6086	1.3333	1.2294	0.7487	1.0817	2.3478	2.3640	2.2693
1.9781	1.9244	1.6620	2.2448	2.1655	2.0596	2.1363	1.8846	1.8322	1.5346	1.3816	1.4395	0.9425	1.2463	1.0826	2.2810	2.1319
1.6168	1.9135	2.2004	2.8519	2.7610	2.0951	1.6325	2.8938	2.7892	1.9662	2.2317	2.4737	1.1781	2.6764	1.2411	1.0813	2.0868
1.6639	2.1705	1.9560	3.0424	2.2740	2.0629	1.5754	2.8259	2.9628	2.0911	2.2765	2.5541	1.3833	3.5922	1.6512	1.0986	1.0808
