0.7450	0.0091	0.4160	0.0000	0.0075	0.0517	0.3093	0.0475	0.2325	0.0700	0.0300	0.1800	0.2750	0.0000	0.0225	0.0650	0.1700
0.7225	0.6977	0.0300	0.3575	0.2575	0.1379	0.0206	0.1725	0.1650	0.2300	0.2325	0.1700	0.4843	0.1100	0.1225	0.1750	0.0375
0.6375	0.3295	0.8900	0.0825	0.0000	0.0862	0.1959	0.0225	0.1225	0.3300	0.1800	0.0950	0.0083	0.0000	0.0325	0.1125	0.0100
0.4100	0.1545	0.8640	0.8175	0.1050	0.1552	0.2268	0.0400	0.2525	0.0000	0.1475	0.1475	0.4982	0.0000	0.0000	0.1750	0.0000
0.3675	0.2500	0.2740	0.4450	0.7575	0.3276	0.0000	0.3125	0.3475	0.0200	0.0425	0.3775	0.1538	0.0425	0.0000	0.0000	0.4625
0.2400	0.2500	0.3700	0.3950	0.6675	0.2931	0.0000	0.0000	0.3775	0.0200	0.0000	0.2950	0.0000	0.0000	0.0000	0.0000	0.3775
0.3825	0.2500	0.1720	0.2400	0.2400	0.2241	0.7010	0.0000	0.2400	0.0000	0.0000	0.3775	0.4323	0.0000	0.3350	0.0100	0.3775
0.0000	0.2500	0.0000	0.2400	0.3850	0.2241	0.2268	0.3775	0.0000	0.0000	0.0000	0.3775	0.0000	0.3775	0.2400	0.0000	0.0000
0.0000	0.2500	0.0000	0.2400	0.3825	0.2241	0.2268	0.3775	0.3775	0.0000	0.0000	0.3825	0.0000	0.3825	0.3775	0.0000	0.0000
0.3825	0.2500	0.4160	0.2400	0.3775	0.0517	0.0722	0.3775	0.3775	0.3400	0.2400	0.3825	0.0000	0.3825	0.3775	0.2400	0.0000
0.0000	0.2273	0.4160	0.3775	0.3775	0.0000	0.0722	0.0000	0.3775	0.3400	0.3825	0.3825	0.0000	0.3825	0.0000	0.0000	0.2400
0.0000	0.2273	0.4160	0.3775	0.3775	0.0000	0.0722	0.3775	0.3825	0.3400	0.3825	0.3775	0.5000	0.3825	0.0000	0.0000	0.2400
0.0000	0.2273	0.1760	0.3775	0.3775	0.2241	0.0722	0.0000	0.0000	0.3400	0.2400	0.3825	0.5000	0.0000	0.0000	0.0000	0.0000
0.0000	0.2273	0.1760	0.3825	0.3775	0.0000	0.0000	0.3775	0.3825	0.3400	0.3825	0.2400	0.5000	0.3825	0.0000	0.0000	0.0000
0.3825	0.2273	0.4160	0.0000	0.0000	0.1724	0.0000	0.2400	0.2400	0.2200	0.3825	0.2400	0.5000	0.2400	0.3825	0.0000	0.0000
0.2400	0.2273	0.4080	0.0000	0.0000	0.1724	0.7010	0.0000	0.0000	0.0000	0.0000	0.0000	0.5000	0.0000	0.3775	0.3825	0.0000
0.2400	0.0000	0.4080	0.0000	0.2400	0.1724	0.2268	0.0000	0.0000	0.2200	0.0000	0.0000	0.5000	0.0000	0.3775	0.3825	0.3825
