0.7248	0.0093	0.1959	0.0000	0.0069	0.0333	0.0855	0.0204	0.1022	0.0795	0.0317	0.1048	0.1697	0.0000	0.0213	0.0543	0.1241
0.6939	0.7091	0.0255	0.1324	0.1086	0.0444	0.0232	0.0854	0.0655	0.1291	0.1074	0.1348	0.1644	0.0657	0.0774	0.0898	0.0308
0.3026	0.2359	0.8551	0.0716	0.0000	0.0427	0.1613	0.0278	0.0649	0.1744	0.0835	0.0436	0.0054	0.0000	0.0212	0.0956	0.0071
0.2153	0.0584	0.8391	0.8064	0.0600	0.0590	0.1301	0.0222	0.0962	0.0000	0.1004	0.0562	0.1663	0.0000	0.0000	0.1207	0.0000
0.2352	0.0728	0.1821	0.2969	0.7454	0.1641	0.0000	0.1136	0.1587	0.0370	0.0272	0.1827	0.0621	0.0370	0.0000	0.0000	0.2383
0.1290	0.0677	0.3352	0.2304	0.5349	0.1454	0.0000	0.0000	0.1827	0.0370	0.0000	0.2014	0.0000	0.0000	0.0000	0.0000	0.1827
0.1844	0.0683	0.1026	0.1290	0.1290	0.0732	0.3481	0.0000	0.1290	0.0000	0.0000	0.1827	0.2073	0.0000	0.1279	0.0085	0.1827
0.0000	0.0800	0.0000	0.1293	0.1892	0.0732	0.1232	0.1827	0.0000	0.0000	0.0000	0.1827	0.0000	0.1827	0.1290	0.0000	0.0000
0.0000	0.0800	0.0000	0.1290	0.1844	0.0732	0.1232	0.1827	0.1827	0.0000	0.0000	0.1844	0.0000	0.1844	0.1827	0.0000	0.0000
0.1844	0.0800	0.1959	0.1290	0.1827	0.0197	0.0340	0.1827	0.1827	0.1692	0.1290	0.1844	0.0000	0.1844	0.1827	0.1290	0.0000
0.0000	0.0741	0.1959	0.1827	0.1827	0.0000	0.0340	0.0000	0.1827	0.1692	0.1844	0.1844	0.0000	0.1844	0.0000	0.0000	0.1290
0.0000	0.0741	0.1959	0.1827	0.1827	0.0000	0.0340	0.1827	0.1844	0.1692	0.1844	0.1827	0.3333	0.1844	0.0000	0.0000	0.1290
0.0000	0.0741	0.0998	0.1827	0.1827	0.0732	0.0340	0.0000	0.0000	0.1692	0.1290	0.1844	0.3333	0.0000	0.0000	0.0000	0.0000
0.0000	0.0741	0.0998	0.1844	0.1827	0.0000	0.0000	0.1827	0.1844	0.1692	0.1844	0.1290	0.3333	0.1844	0.0000	0.0000	0.0000
0.1844	0.0741	0.1959	0.0000	0.0000	0.0588	0.0000	0.1290	0.1290	0.1202	0.1844	0.1290	0.3333	0.1290	0.1844	0.0000	0.0000
0.1290	0.0741	0.1932	0.0000	0.0000	0.0588	0.2747	0.0000	0.0000	0.0000	0.0000	0.0000	0.3333	0.0000	0.1827	0.1844	0.0000
0.1290	0.0000	0.1932	0.0000	0.1290	0.0588	0.1232	0.0000	0.0000	0.1202	0.0000	0.0000	0.3333	0.0000	0.1827	0.1844	0.1844
