0.4310	0.0150	0.2350	0.1850	0.4996	0.3275	0.0300	0.0150	0.0000	0.0636	0.2250	0.0225	0.0000	0.0309	0.1500	0.0000	0.0100
0.0000	0.6800	0.1975	0.0000	0.0187	0.3825	0.0400	0.0075	0.0000	0.0000	0.0300	0.3625	0.0000	0.0000	0.0000	0.0000	0.1425
0.0000	0.0250	0.6125	0.0000	0.4998	0.3625	0.0400	0.1975	0.0000	0.0136	0.3200	0.3100	0.0000	0.0000	0.1000	0.1775	0.0675
0.0517	0.0025	0.0000	0.6725	0.0097	0.0000	0.0000	0.0025	0.3000	0.0000	0.0950	0.3725	0.0000	0.0722	0.2200	0.1625	0.1475
0.0345	0.0075	0.2400	0.0000	0.7178	0.3825	0.0050	0.2400	0.2875	0.0000	0.1475	0.0100	0.0000	0.0000	0.1800	0.0000	0.0375
0.0000	0.0575	0.0450	0.0675	0.1712	0.6975	0.2350	0.0225	0.0375	0.0773	0.3650	0.0000	0.0500	0.0206	0.0400	0.0875	0.0000
0.1724	0.2200	0.2300	0.0000	0.4434	0.2450	0.6450	0.2125	0.0000	0.0182	0.1700	0.3450	0.0000	0.0103	0.1300	0.0000	0.0275
0.1724	0.0300	0.2400	0.0000	0.5000	0.3825	0.0000	0.6900	0.0575	0.0000	0.0950	0.2025	0.0000	0.0000	0.0000	0.0000	0.0000
0.0517	0.1350	0.0500	0.2750	0.4984	0.2125	0.1125	0.0000	0.6775	0.0045	0.0000	0.0700	0.1760	0.0412	0.0500	0.1125	0.1625
0.2586	0.0100	0.1575	0.0000	0.4623	0.1375	0.1450	0.0400	0.0125	0.6045	0.1925	0.2500	0.0040	0.0309	0.0000	0.1550	0.1025
0.2241	0.3825	0.0500	0.0375	0.0000	0.3875	0.1350	0.0000	0.0900	0.2227	0.5975	0.0000	0.2620	0.0000	0.0000	0.2975	0.3275
0.3448	0.4825	0.0225	0.0525	0.4918	0.0000	0.3275	0.0000	0.2850	0.1955	0.0200	0.6700	0.2220	0.0000	0.0500	0.3700	0.0000
0.0517	0.2125	0.0000	0.2225	0.0001	0.2825	0.0950	0.0000	0.0275	0.0364	0.2750	0.0000	0.7800	0.0206	0.1600	0.1250	0.0075
0.1552	0.3775	0.1900	0.0000	0.0000	0.2400	0.3775	0.0000	0.0000	0.2273	0.0025	0.3775	0.0000	0.7010	0.3400	0.1950	0.2325
0.1897	0.3600	0.2275	0.0000	0.4191	0.3825	0.2400	0.0400	0.0000	0.0000	0.2100	0.0000	0.0000	0.0000	0.4400	0.0150	0.0000
0.0172	0.0000	0.0025	0.1925	0.0378	0.2875	0.2400	0.0050	0.0375	0.1955	0.3825	0.0000	0.0440	0.0515	0.0100	0.6350	0.0000
0.0345	0.0200	0.2725	0.0000	0.5000	0.3825	0.0000	0.0600	0.0050	0.1886	0.3550	0.3650	0.0000	0.0000	0.1900	0.3325	0.6625
