1.4485	2.2294	1.9490	2.1917	1.8038	1.9992	2.1071	2.1601	2.1114	2.0834	1.9836	2.1443	2.3643	2.5868	2.1574	2.2832	2.0638
2.0849	0.7792	1.9119	2.7033	1.8935	2.0432	2.0817	2.2406	2.2046	2.0684	2.1718	2.1464	2.4374	2.2173	2.2254	2.3711	2.0471
2.1114	2.1681	0.8244	2.5407	1.7941	2.0977	2.0745	1.9689	2.1128	2.0603	2.1299	2.1124	2.7148	2.3578	2.2465	2.3828	1.8933
2.1983	2.2908	2.2677	0.7809	1.9508	2.4026	2.1917	2.0513	1.8302	2.2811	2.0980	1.9820	2.1754	2.5524	2.3339	2.0551	2.1955
2.0822	2.1644	1.7657	2.5611	0.5647	2.0410	2.0628	1.9636	2.0829	2.1194	2.2518	2.1578	2.6790	2.5629	2.3220	2.6985	1.9565
2.3037	2.2094	2.1860	2.3936	1.8628	0.8252	2.0949	2.2621	2.1297	2.1941	2.0335	2.4413	2.3158	2.2529	2.0558	1.9997	2.2246
2.0607	2.1237	1.8875	2.3026	1.9576	2.0790	0.8389	2.0502	2.2492	2.1327	2.2131	1.8956	2.5902	2.4818	2.2972	2.2943	2.0058
2.0899	2.2055	1.7974	2.5878	1.5812	1.9326	2.1664	0.7488	2.1335	2.1323	2.1390	2.2356	2.8290	2.3671	2.2574	2.4366	2.0189
2.1749	2.2441	2.1252	1.9363	1.9653	2.0839	2.3135	2.1567	0.7681	2.2726	2.3946	2.1793	2.2646	2.7936	2.1750	2.2124	2.2468
1.9870	2.2165	2.0505	2.3068	1.9103	2.1143	2.0342	2.1978	2.2388	1.0988	2.0291	2.1292	2.3524	2.0407	2.3272	2.1899	2.1172
2.1878	2.1765	2.1579	2.6219	2.4766	1.7902	2.1245	2.2138	2.2195	2.0935	0.8558	2.6760	2.1771	2.2836	2.0811	2.0713	1.9415
1.9617	2.0522	2.0798	2.0193	1.6663	2.3866	1.9161	2.2285	2.1133	2.0979	2.4074	0.7669	2.3061	2.1916	2.1513	2.1304	2.1381
2.2359	2.3839	2.3969	1.9821	2.4982	2.0640	2.1434	2.2014	2.0429	2.2652	1.9836	2.3563	0.6605	2.5899	2.1172	2.1155	2.1187
2.1281	1.9384	2.0222	2.5995	2.4023	1.8411	1.9843	2.1413	2.5928	2.0037	2.0224	2.2194	2.2626	0.8421	2.0425	2.1376	2.1001
2.2090	2.1627	1.8407	2.5714	1.8861	1.7791	2.1170	2.2206	2.1116	2.1520	2.1776	2.1867	2.4262	2.3648	1.0979	2.0406	2.1067
2.2574	2.3058	2.3820	2.2070	2.0069	1.7438	2.1687	2.2989	2.0716	2.1908	1.9887	2.5502	2.1667	2.1036	1.9561	0.8105	2.2026
2.0794	2.2480	1.7507	2.3415	1.6772	2.2059	2.1218	1.9676	2.0682	2.0399	2.1063	2.0624	2.5821	2.4495	2.2832	2.5130	0.7882
