0.3583	0.0026	0.1065	0.0509	0.1017	0.0000	0.1382	0.0000	0.0000	0.0529	0.1827	0.0000	0.0392	0.0312	0.0000	0.0000	0.0000
0.1937	0.7645	0.1223	0.0000	0.0000	0.0000	0.0414	0.0000	0.0000	0.0291	0.3372	0.0000	0.0312	0.0000	0.0000	0.1715	0.0129
0.0935	0.6508	0.7399	0.0000	0.0008	0.0000	0.1206	0.0289	0.0000	0.0782	0.0992	0.0000	0.0667	0.0774	0.0457	0.0000	0.0191
0.0686	0.2284	0.5966	0.4711	0.1662	0.0152	0.1418	0.0058	0.0000	0.0740	0.0000	0.0000	0.0566	0.0169	0.0000	0.0031	0.0149
0.0588	0.1290	0.1827	0.1851	0.3333	0.1844	0.0000	0.0000	0.0000	0.0000	0.0000	0.0000	0.0000	0.0449	0.1202	0.0000	0.0000
0.0686	0.0000	0.1827	0.1844	0.3333	0.1844	0.0000	0.0000	0.0000	0.0000	0.0000	0.0000	0.0000	0.0449	0.1202	0.0000	0.0000
0.0732	0.1844	0.1827	0.1844	0.3333	0.1827	0.1827	0.0000	0.1844	0.0515	0.0000	0.1844	0.0000	0.0000	0.2037	0.0000	0.0000
0.0000	0.0000	0.0000	0.0000	0.3333	0.1827	0.1844	0.1844	0.1844	0.0515	0.0000	0.1844	0.1959	0.0000	0.0000	0.0000	0.1290
0.0732	0.0000	0.0000	0.0000	0.3333	0.1827	0.1844	0.1827	0.1844	0.0741	0.0000	0.1844	0.1959	0.0000	0.0000	0.0000	0.1290
0.0732	0.0000	0.0000	0.0000	0.3333	0.1290	0.1844	0.1827	0.1844	0.0800	0.0000	0.1844	0.1959	0.0000	0.0000	0.0000	0.1290
0.0732	0.0000	0.0000	0.1290	0.3333	0.1827	0.1844	0.1844	0.1827	0.0747	0.1844	0.0000	0.1959	0.0000	0.0000	0.0000	0.1290
0.0732	0.0000	0.0000	0.0000	0.3333	0.1827	0.1844	0.1827	0.1827	0.0741	0.1827	0.1844	0.1959	0.0000	0.0000	0.0000	0.1290
0.0732	0.0000	0.0000	0.0000	0.3333	0.1827	0.1844	0.1827	0.1827	0.0741	0.1827	0.1844	0.1959	0.0000	0.0000	0.0000	0.1290
0.0732	0.0000	0.0000	0.0000	0.3333	0.1827	0.1844	0.1827	0.1827	0.0741	0.1827	0.1844	0.1959	0.0000	0.0000	0.0000	0.1290
0.0732	0.0000	0.0000	0.0000	0.3333	0.1827	0.1844	0.1827	0.1827	0.0741	0.1827	0.1844	0.1959	0.0000	0.0000	0.0000	0.1290
0.0732	0.0000	0.0000	0.0000	0.3333	0.1827	0.1844	0.1827	0.1827	0.0741	0.1827	0.1844	0.1959	0.0000	0.0000	0.0000	0.1290
0.0732	0.0000	0.0000	0.0000	0.3333	0.1827	0.1844	0.1827	0.1827	0.0741	0.1827	0.1844	0.1959	0.0000	0.0000	0.0000	0.1290
