1.2896	2.5035	2.3974	2.5293	2.2869	2.6264	2.4933	2.7094	2.6389	2.4647	2.3779	2.8641	2.6481	2.2557	2.6655	2.4278	2.4086
1.6861	0.8558	2.4841	2.7271	2.7006	2.6721	2.3663	2.5320	2.7675	2.4993	2.2755	2.8055	2.5259	2.4750	2.5479	2.3825	2.5241
1.6827	1.0389	0.8252	2.6563	2.3901	2.7081	2.4876	2.4524	2.7522	2.5495	2.2813	2.8872	2.4296	2.2651	2.7599	2.6529	2.4069
1.7419	1.2690	1.1419	0.9441	2.2623	2.6990	2.4890	2.7795	2.6569	2.5651	2.3061	2.8227	2.6710	2.2858	2.7266	2.6848	2.6335
1.7162	1.6931	1.5872	1.2307	0.6932	2.4529	2.5698	2.6496	2.3511	2.7209	2.4337	2.6223	2.7715	2.4610	2.4459	2.6478	2.6203
1.7991	2.1023	2.0315	1.3920	0.7054	1.0811	2.4172	2.6028	2.3909	2.7025	2.4044	2.5006	2.6048	2.4975	2.3035	2.3235	2.5956
1.9133	1.9257	2.1021	1.6292	0.7188	1.1303	1.0799	2.5923	2.5003	2.5690	2.5412	2.4751	2.6778	2.4001	2.1857	2.4374	2.5676
2.0822	2.4119	2.4461	2.4214	1.1329	1.2052	1.1743	1.0800	2.5761	2.5168	2.7100	2.3052	2.3136	2.4088	2.5706	2.3040	2.6603
2.1791	2.6085	2.4050	2.4858	0.7833	1.2122	1.2902	1.0960	1.0795	2.4103	2.6608	2.4891	2.3341	2.5937	2.5693	2.4187	2.3666
2.1546	2.5108	2.3965	2.3966	0.8474	1.3105	1.4206	1.1603	1.0928	1.5846	2.6946	2.5124	2.4915	2.6352	2.4517	2.4335	2.3890
1.9824	2.3583	2.3006	1.9408	0.7881	1.3088	1.5321	1.1809	1.1038	1.6144	1.0808	2.8722	2.5400	2.6832	2.4460	2.5651	2.6291
nan	nan	nan	nan	nan	nan	nan	nan	nan	nan	nan	nan	nan	nan	nan	nan	nan
nan	nan	nan	nan	nan	nan	nan	nan	nan	nan	nan	nan	nan	nan	nan	nan	nan
nan	nan	nan	nan	nan	nan	nan	nan	nan	nan	nan	nan	nan	nan	nan	nan	nan
nan	nan	nan	nan	nan	nan	nan	nan	nan	nan	nan	nan	nan	nan	nan	nan	nan
nan	nan	nan	nan	nan	nan	nan	nan	nan	nan	nan	nan	nan	nan	nan	nan	nan
nan	nan	nan	nan	nan	nan	nan	nan	nan	nan	nan	nan	nan	nan	nan	nan	nan
