0.4655	0.0025	0.3600	0.1175	0.1290	0.0000	0.3800	0.0000	0.0000	0.0932	0.3775	0.0000	0.0440	0.0619	0.0000	0.0000	0.0000
0.3621	0.7750	0.2450	0.0000	0.0000	0.0000	0.0775	0.0000	0.0000	0.0341	0.4775	0.0000	0.0500	0.0000	0.0000	0.2125	0.0200
0.2069	0.6850	0.7650	0.0000	0.0008	0.0000	0.3625	0.0275	0.0000	0.1591	0.2400	0.0000	0.1560	0.1340	0.0400	0.0000	0.0225
0.2069	0.3925	0.6750	0.5425	0.4898	0.0075	0.3800	0.0050	0.0000	0.2205	0.0000	0.0000	0.0320	0.0309	0.0000	0.0025	0.0075
0.1724	0.2400	0.3775	0.3825	0.5000	0.3825	0.0000	0.0000	0.0000	0.0000	0.0000	0.0000	0.0000	0.0722	0.2200	0.0000	0.0000
0.2069	0.0000	0.3775	0.3825	0.5000	0.3825	0.0000	0.0000	0.0000	0.0000	0.0000	0.0000	0.0000	0.0722	0.2200	0.0000	0.0000
0.2241	0.3825	0.3775	0.3825	0.5000	0.3775	0.3775	0.0000	0.3825	0.1477	0.0000	0.3825	0.0000	0.0000	0.4400	0.0000	0.0000
0.0000	0.0000	0.0000	0.0000	0.5000	0.3775	0.3825	0.3825	0.3825	0.1477	0.0000	0.3825	0.4160	0.0000	0.0000	0.0000	0.2400
0.2241	0.0000	0.0000	0.0000	0.5000	0.3775	0.3825	0.3775	0.3825	0.2273	0.0000	0.3825	0.4160	0.0000	0.0000	0.0000	0.2400
0.2241	0.0000	0.0000	0.0000	0.5000	0.2400	0.3825	0.3775	0.3825	0.2500	0.0000	0.3825	0.4160	0.0000	0.0000	0.0000	0.2400
0.2241	0.0000	0.0000	0.2400	0.5000	0.3775	0.3825	0.3825	0.3775	0.2295	0.3825	0.0000	0.4160	0.0000	0.0000	0.0000	0.2400
0.2241	0.0000	0.0000	0.0000	0.5000	0.3775	0.3825	0.3775	0.3775	0.2273	0.3775	0.3825	0.4160	0.0000	0.0000	0.0000	0.2400
0.2241	0.0000	0.0000	0.0000	0.5000	0.3775	0.3825	0.3775	0.3775	0.2273	0.3775	0.3825	0.4160	0.0000	0.0000	0.0000	0.2400
0.2241	0.0000	0.0000	0.0000	0.5000	0.3775	0.3825	0.3775	0.3775	0.2273	0.3775	0.3825	0.4160	0.0000	0.0000	0.0000	0.2400
0.2241	0.0000	0.0000	0.0000	0.5000	0.3775	0.3825	0.3775	0.3775	0.2273	0.3775	0.3825	0.4160	0.0000	0.0000	0.0000	0.2400
0.2241	0.0000	0.0000	0.0000	0.5000	0.3775	0.3825	0.3775	0.3775	0.2273	0.3775	0.3825	0.4160	0.0000	0.0000	0.0000	0.2400
0.2241	0.0000	0.0000	0.0000	0.5000	0.3775	0.3825	0.3775	0.3775	0.2273	0.3775	0.3825	0.4160	0.0000	0.0000	0.0000	0.2400
