0.3621	0.2350	0.0000	0.0000	0.0000	0.0000	0.0000	0.3775	0.0000	0.0000	0.3825	0.2400	0.0000	0.4227	0.3400	0.3825	0.0000
0.2069	0.7175	0.0575	0.0000	0.0000	0.0000	0.2175	0.3150	0.0525	0.0227	0.3675	0.2300	0.0000	0.3196	0.0500	0.3400	0.0000
0.1897	0.6550	0.7075	0.0225	0.0000	0.0000	0.3425	0.1050	0.0200	0.0000	0.3600	0.4225	0.0820	0.5773	0.2500	0.2475	0.0000
0.2931	0.4925	0.5875	0.6125	0.0000	0.0000	0.0075	0.1150	0.0075	0.0364	0.3825	0.2400	0.1960	0.2990	0.3400	0.1600	0.0000
0.3448	0.3950	0.4200	0.2450	0.7122	0.0000	0.0050	0.3650	0.0075	0.0000	0.3825	0.2450	0.0160	0.5258	0.3300	0.3700	0.0200
0.3276	0.4725	0.2850	0.2700	0.5032	0.7025	0.0000	0.3675	0.0000	0.0068	0.3550	0.2375	0.0000	0.7010	0.0300	0.3150	0.0000
0.1897	0.4575	0.2750	0.4400	0.5012	0.5150	0.6825	0.2700	0.0000	0.0000	0.1575	0.3525	0.0040	0.6495	0.2200	0.0000	0.0175
0.1724	0.2250	0.1775	0.3800	0.4869	0.5175	0.6400	0.6850	0.0000	0.0000	0.1425	0.4525	0.0040	0.2268	0.2300	0.0000	0.0100
0.3276	0.2200	0.2150	0.2125	0.4830	0.3725	0.2825	0.5675	0.5850	0.0000	0.2925	0.1750	0.0320	0.2990	0.3100	0.2475	0.0000
0.2759	0.2400	0.2350	0.2800	0.4279	0.2650	0.1675	0.0200	0.4175	0.4523	0.2975	0.2050	0.0120	0.3505	0.0000	0.3150	0.0000
0.3448	0.1300	0.2425	0.1875	0.5001	0.2450	0.0725	0.0650	0.2325	0.2477	0.6025	0.2050	0.2600	0.0103	0.0800	0.2950	0.0000
0.3448	0.1850	0.1575	0.2225	0.5000	0.1800	0.1825	0.1225	0.1925	0.2136	0.4800	0.6775	0.2360	0.0825	0.0300	0.1650	0.0000
0.3448	0.0675	0.0600	0.3725	0.4998	0.1350	0.0525	0.2800	0.1850	0.2455	0.4650	0.4575	0.7400	0.0000	0.1600	0.0000	0.0000
0.3448	0.2400	0.2400	0.2400	0.5000	0.2400	0.2400	0.0000	0.3775	0.2500	0.3825	0.3825	0.4160	0.7010	0.0000	0.0000	0.0000
0.3448	0.2400	0.2400	0.2400	0.4959	0.3825	0.4325	0.3775	0.3775	0.2273	0.3825	0.2400	0.4160	0.7010	0.3400	0.1850	0.0000
0.3276	0.2400	0.2400	0.2400	0.4994	0.5900	0.2200	0.3300	0.3775	0.2364	0.3825	0.3175	0.3780	0.7010	0.3400	0.5775	0.0000
0.1724	0.2800	0.2400	0.2400	0.5000	0.5125	0.3775	0.3775	0.3775	0.2364	0.4650	0.2400	0.4160	0.3402	0.3400	0.5300	0.6225
