0.1828	0.1177	0.0000	0.0000	0.0000	0.0000	0.0000	0.1827	0.0000	0.0000	0.1844	0.1290	0.0000	0.2576	0.1692	0.1844	0.0000
0.1308	0.7149	0.0630	0.0000	0.0000	0.0000	0.1713	0.1669	0.0340	0.0201	0.1930	0.0953	0.0000	0.1748	0.0446	0.1521	0.0000
0.0964	0.6334	0.7048	0.0402	0.0000	0.0000	0.1713	0.0867	0.0154	0.0000	0.1901	0.3504	0.0494	0.2490	0.1388	0.1473	0.0000
0.1276	0.4317	0.5649	0.6051	0.0000	0.0000	0.0065	0.0814	0.0065	0.0244	0.1844	0.1290	0.0991	0.1591	0.1692	0.1064	0.0000
0.1039	0.2143	0.3472	0.1396	0.7117	0.0000	0.0050	0.1909	0.0053	0.0000	0.1844	0.1041	0.0182	0.3154	0.1241	0.1102	0.0245
0.0987	0.4499	0.2166	0.1880	0.4331	0.6780	0.0000	0.1313	0.0000	0.0079	0.2135	0.1182	0.0000	0.2747	0.0280	0.1308	0.0000
0.1112	0.3586	0.3228	0.3375	0.3580	0.4565	0.6649	0.1782	0.0000	0.0000	0.1004	0.2129	0.0041	0.2059	0.0765	0.0000	0.0203
0.0588	0.1436	0.1377	0.1856	0.3639	0.4490	0.6099	0.6754	0.0000	0.0000	0.0931	0.2677	0.0057	0.1158	0.1403	0.0000	0.0091
0.1272	0.2271	0.2146	0.1697	0.4126	0.3899	0.2733	0.5121	0.5569	0.0000	0.2635	0.1051	0.0294	0.2008	0.1165	0.1451	0.0000
0.1120	0.1347	0.1276	0.1652	0.2114	0.1804	0.0887	0.0252	0.2892	0.4386	0.1407	0.0995	0.0091	0.1214	0.0000	0.1020	0.0000
0.1026	0.1205	0.1981	0.1617	0.3335	0.2091	0.0581	0.0657	0.2241	0.0663	0.5705	0.0858	0.0845	0.0071	0.0714	0.1377	0.0000
0.1026	0.1242	0.1237	0.1495	0.3333	0.1358	0.1120	0.1245	0.1537	0.1157	0.3420	0.6620	0.0890	0.0482	0.0308	0.0828	0.0000
0.1026	0.0569	0.0565	0.2489	0.3341	0.1452	0.0422	0.1765	0.1610	0.0589	0.3902	0.3942	0.7124	0.0000	0.1584	0.0000	0.0000
0.1026	0.1290	0.1290	0.1290	0.3333	0.1290	0.1290	0.0000	0.1827	0.0800	0.1844	0.1844	0.1959	0.2747	0.0000	0.0000	0.0000
0.1026	0.1290	0.1290	0.1290	0.3377	0.1844	0.3700	0.1827	0.1827	0.0741	0.1844	0.1290	0.1959	0.2747	0.1692	0.0976	0.0000
0.1267	0.1290	0.1290	0.1290	0.3591	0.5828	0.1179	0.1774	0.1827	0.1268	0.1844	0.1821	0.2627	0.2747	0.1692	0.5167	0.0000
0.0872	0.2061	0.1290	0.1290	0.3333	0.3900	0.1827	0.1827	0.1827	0.1087	0.3794	0.1290	0.3368	0.2094	0.1704	0.4080	0.6196
