1.5190	1.9317	2.3341	2.3094	2.1105	2.2332	2.4792	1.8072	2.0875	2.2008	1.8311	1.9815	2.1290	1.9235	2.0346	2.0412	2.4368
1.5599	0.7365	2.2066	2.2058	1.9712	2.2502	2.4595	1.9121	2.1014	2.1823	1.9521	1.9920	2.1959	1.8252	2.1861	2.1006	2.5347
1.5645	0.8323	0.7848	2.1659	2.0387	2.3256	2.2132	1.9483	2.3377	2.2409	1.9155	1.9333	2.0498	1.7514	2.0196	2.2349	2.3045
1.5702	1.3032	1.0254	0.9288	2.2881	2.3765	2.3080	1.9162	2.2211	2.2141	1.6879	1.9788	2.0073	1.9605	2.0478	2.2934	2.2506
1.5242	1.0924	1.2784	1.7524	0.5657	2.1978	2.3777	1.8033	2.1198	2.1698	1.7995	2.0580	2.1153	1.9159	1.9993	2.0213	2.4141
1.5448	1.0989	1.5190	1.8890	0.7424	0.7159	2.4443	1.9732	2.0985	2.2302	2.0649	1.9822	2.2819	1.7317	2.0971	2.0055	2.4168
1.6053	1.1985	1.1688	1.4267	0.9864	1.0683	0.8283	1.8742	2.8091	2.3557	2.3593	2.0217	2.2154	1.7393	1.9173	2.2717	2.1013
1.6257	1.6753	1.6342	1.7286	1.1226	1.1248	0.8623	0.7832	2.9407	2.4424	2.3522	2.0189	2.0980	1.9566	1.9109	2.1600	2.1877
1.5296	2.2194	2.3804	2.5255	0.8850	1.0650	1.3740	1.1736	0.9496	2.2687	1.9804	2.0818	2.0265	1.9429	2.0634	1.9606	2.4183
1.8699	2.4835	2.4819	2.0988	0.9475	1.3365	3.2718	3.3411	1.4286	1.3601	1.8638	2.0739	2.1768	1.8116	2.3270	1.9635	2.2886
1.5097	1.9574	1.6022	1.4387	0.9126	1.9044	2.7579	2.5530	1.3462	1.9063	0.8638	2.1892	1.9645	2.0867	2.1015	2.1658	2.3361
1.6048	2.1856	1.9655	1.6491	1.2469	1.8254	3.2703	2.9728	1.3196	1.8917	1.0740	0.7787	2.0169	2.1382	2.3332	2.1598	2.5441
1.5471	2.0193	1.8025	1.4975	1.2148	1.7182	2.2644	1.6811	1.2991	2.0340	0.9575	1.0420	0.6844	2.2875	2.0976	2.2338	2.3865
1.5643	1.8630	1.8256	1.5612	1.0930	1.4128	2.5817	2.6526	1.1350	1.8007	1.3510	1.2466	1.6096	0.8423	2.3227	2.0458	2.5467
1.5175	1.6404	1.9546	2.1956	0.7516	1.0916	1.5228	1.6712	1.1724	1.7114	1.3339	1.2082	1.1806	0.9344	1.0819	2.0066	2.5923
1.5975	2.0203	2.3606	2.5447	0.7057	0.9261	2.1844	2.1939	1.0553	1.6665	1.5614	1.1641	1.4272	0.9723	1.0975	0.8775	2.5197
1.5946	1.4618	1.8938	2.5699	0.9833	1.1540	1.5676	1.7709	1.4359	1.6975	1.5838	1.5029	1.4275	1.4326	1.1343	1.0321	0.8468
