0.8242	0.0000	0.0238	0.0142	0.1290	0.3763	0.0538	0.0747	0.0000	0.1530	0.0000	0.1171	0.0702	0.1377	0.1609	0.0033	0.0032
0.0000	0.7438	0.0414	0.1213	0.1844	0.0000	0.0000	0.0000	0.1009	0.0000	0.0000	0.1484	0.0000	0.0000	0.0000	0.0175	0.1827
0.0456	0.3333	0.7648	0.0258	0.1205	0.0963	0.0651	0.0000	0.0484	0.0000	0.0000	0.0272	0.0000	0.0041	0.0294	0.2662	0.1547
0.0000	0.3333	0.1290	0.4530	0.1844	0.0000	0.0000	0.0000	0.2662	0.0160	0.0000	0.0543	0.0000	0.0000	0.0000	0.1340	0.1827
0.0000	0.3333	0.1290	0.4453	0.5597	0.0000	0.0000	0.0000	0.1745	0.0261	0.0000	0.0756	0.0000	0.0000	0.0000	0.0000	0.1827
0.0000	0.3333	0.1844	0.1290	0.1290	0.1844	0.0000	0.0000	0.1290	0.0000	0.0000	0.0000	0.0000	0.0000	0.1232	0.1844	0.0000
0.1959	0.3333	0.1844	0.1290	0.1290	0.1827	0.0732	0.0515	0.0000	0.1844	0.0000	0.0000	0.1202	0.0000	0.0000	0.1844	0.0000
0.1932	0.0000	0.0000	0.0000	0.0000	0.1827	0.0686	0.0800	0.0000	0.1844	0.0000	0.1844	0.1692	0.0000	0.0000	0.0000	0.1290
0.1932	0.0000	0.0000	0.0000	0.0000	0.1844	0.0686	0.0800	0.1844	0.1844	0.0000	0.1844	0.1202	0.0000	0.1232	0.1844	0.0000
0.1932	0.0000	0.0000	0.0000	0.0000	0.0000	0.0686	0.0800	0.1844	0.1844	0.0000	0.0000	0.1202	0.0000	0.1232	0.0000	0.0000
0.0998	0.0000	0.0000	0.0000	0.0000	0.0000	0.0000	0.0800	0.1827	0.1844	0.1844	0.1844	0.0000	0.1844	0.0000	0.0000	0.0000
0.1932	0.0000	0.0000	0.0000	0.0000	0.0000	0.0000	0.0800	0.1827	0.1827	0.1827	0.1844	0.0000	0.1844	0.2747	0.0000	0.0000
0.1932	0.0000	0.0000	0.0000	0.0000	0.0000	0.0000	0.0800	0.1844	0.1844	0.1827	0.1844	0.1692	0.0000	0.0000	0.0000	0.0000
0.1932	0.0000	0.0000	0.0000	0.0000	0.0000	0.0000	0.0800	0.1827	0.1827	0.1827	0.1844	0.2037	0.1844	0.0000	0.0000	0.0000
0.0998	0.0000	0.0000	0.0000	0.0000	0.0000	0.0000	0.0800	0.1827	0.1827	0.1827	0.1844	0.2037	0.1827	0.2747	0.0000	0.0000
0.0998	0.0000	0.0000	0.0000	0.0000	0.0000	0.0000	0.0800	0.1827	0.1844	0.1827	0.1844	0.2037	0.1827	0.2747	0.1844	0.0000
0.1932	0.0000	0.0000	0.0000	0.0000	0.0000	0.0000	0.0800	0.1827	0.1844	0.1827	0.1844	0.2037	0.1827	0.2747	0.1827	0.1827
