0.7220	0.0240	0.0250	0.1350	0.4375	0.0000	0.0000	0.0591	0.0000	0.0000	0.0225	0.0000	0.0500	0.1750	0.0000	0.2825	0.0075
0.5700	0.7093	0.0000	0.3825	0.3825	0.0000	0.0000	0.0023	0.0000	0.0000	0.0000	0.0000	0.0000	0.2325	0.0000	0.2275	0.0000
0.4600	0.7010	0.6975	0.3075	0.0025	0.0550	0.0172	0.0000	0.0000	0.0000	0.2225	0.0650	0.0000	0.4425	0.0000	0.2850	0.1575
0.5180	0.6648	0.7075	0.7500	0.0800	0.0600	0.0172	0.0045	0.0000	0.0000	0.0625	0.0275	0.0300	0.4725	0.0000	0.2700	0.1000
0.5860	0.6910	0.6925	0.5875	0.6925	0.0075	0.0000	0.0000	0.0000	0.0000	0.0000	0.0000	0.0000	0.2500	0.0000	0.2725	0.0025
0.5760	0.5576	0.5775	0.4825	0.3450	0.6025	0.1552	0.0000	0.0000	0.0950	0.3775	0.0000	0.0000	0.2400	0.0000	0.2950	0.1325
0.5180	0.5203	0.3750	0.3500	0.2400	0.5325	0.2241	0.0000	0.0000	0.3825	0.3775	0.0000	0.0000	0.2400	0.0000	0.0000	0.2900
0.4840	0.5530	0.4950	0.4875	0.2375	0.5175	0.2241	0.4364	0.0000	0.1050	0.3775	0.0700	0.0000	0.0825	0.0000	0.0000	0.3225
0.4340	0.5626	0.5700	0.5750	0.2650	0.5850	0.2241	0.3523	0.6000	0.0000	0.3250	0.0000	0.0000	0.0575	0.0000	0.0000	0.3225
0.4420	0.5582	0.6000	0.6075	0.2975	0.5950	0.2241	0.3227	0.5675	0.6975	0.3500	0.0000	0.0500	0.2200	0.0000	0.0475	0.0600
0.5040	0.5653	0.6600	0.6275	0.4125	0.6375	0.2241	0.3068	0.4925	0.6650	0.6725	0.0000	0.0200	0.1825	0.0000	0.2300	0.0350
0.5180	0.5818	0.7000	0.6450	0.5175	0.6300	0.2241	0.2773	0.4925	0.6500	0.6200	0.6800	0.0000	0.2800	0.0000	0.3450	0.0075
0.5420	0.5602	0.6850	0.6400	0.5500	0.5725	0.2241	0.2659	0.4425	0.6400	0.5825	0.6475	0.4600	0.2300	0.0000	0.3800	0.0000
0.5440	0.5409	0.6825	0.6400	0.5000	0.6050	0.2241	0.2614	0.4800	0.6450	0.5850	0.6625	0.4500	0.6400	0.0000	0.3825	0.0000
0.4820	0.5237	0.6725	0.6425	0.6700	0.4875	0.2241	0.2545	0.4025	0.5500	0.4850	0.4800	0.3600	0.5125	0.7113	0.2075	0.0000
0.5940	0.5310	0.6725	0.6475	0.6225	0.5900	0.2241	0.2545	0.4675	0.6275	0.5825	0.6725	0.3900	0.6275	0.7010	0.6825	0.0000
0.5620	0.5322	0.6650	0.6025	0.5250	0.6200	0.2241	0.2636	0.5300	0.6250	0.6125	0.6600	0.4600	0.6125	0.7010	0.6550	0.6250
