0.6670	0.0146	0.0273	0.0833	0.2144	0.0000	0.0000	0.0456	0.0000	0.0000	0.0166	0.0000	0.0526	0.1353	0.0000	0.2246	0.0066
0.4227	0.7093	0.0000	0.1844	0.1844	0.0000	0.0000	0.0028	0.0000	0.0000	0.0000	0.0000	0.0000	0.1137	0.0000	0.1337	0.0000
0.2854	0.6998	0.6889	0.1289	0.0025	0.0392	0.0088	0.0000	0.0000	0.0000	0.0819	0.0391	0.0000	0.3515	0.0000	0.1143	0.0905
0.3617	0.6484	0.6981	0.7431	0.0490	0.0404	0.0303	0.0052	0.0000	0.0000	0.0389	0.0306	0.0353	0.3923	0.0000	0.1483	0.0683
0.4347	0.6871	0.6949	0.5644	0.6885	0.0075	0.0000	0.0000	0.0000	0.0000	0.0000	0.0000	0.0000	0.1582	0.0000	0.2065	0.0025
0.4218	0.4588	0.5733	0.4616	0.2790	0.5873	0.0659	0.0000	0.0000	0.0720	0.1827	0.0000	0.0000	0.1290	0.0000	0.1073	0.0863
0.3678	0.3789	0.3521	0.3146	0.1293	0.5333	0.0732	0.0000	0.0000	0.1844	0.1827	0.0000	0.0000	0.1290	0.0000	0.0000	0.1368
0.3123	0.4491	0.4945	0.4727	0.1311	0.5133	0.0732	0.3776	0.0000	0.0721	0.1827	0.0474	0.0000	0.0478	0.0000	0.0000	0.1055
0.2313	0.4682	0.5721	0.5753	0.1869	0.5651	0.0732	0.2586	0.5835	0.0000	0.1204	0.0000	0.0000	0.0486	0.0000	0.0000	0.1384
0.2462	0.4588	0.6034	0.6088	0.2382	0.5784	0.0732	0.2117	0.5362	0.6903	0.0964	0.0000	0.0476	0.1183	0.0000	0.0352	0.0400
0.3347	0.4729	0.6635	0.6300	0.3909	0.6238	0.0732	0.1901	0.4309	0.6477	0.6561	0.0000	0.0238	0.0785	0.0000	0.0948	0.0267
0.3561	0.5048	0.7022	0.6479	0.5155	0.6094	0.0732	0.1334	0.4349	0.6050	0.5638	0.6686	0.0000	0.1992	0.0000	0.0947	0.0089
0.3842	0.4631	0.6860	0.6387	0.5498	0.5439	0.0732	0.1131	0.3478	0.5475	0.4697	0.6123	0.3419	0.1247	0.0000	0.1107	0.0000
0.3871	0.4243	0.6851	0.6433	0.4962	0.5848	0.0732	0.1050	0.4092	0.5628	0.4802	0.6365	0.3350	0.6375	0.0000	0.1140	0.0000
0.3111	0.3861	0.6669	0.6327	0.6708	0.4330	0.0732	0.0905	0.2563	0.4190	0.3513	0.3683	0.2114	0.4492	0.3598	0.0823	0.0000
0.4346	0.4024	0.6697	0.6515	0.6272	0.5646	0.0732	0.0912	0.3882	0.5297	0.4650	0.6388	0.2642	0.6219	0.2747	0.6744	0.0000
0.4034	0.4051	0.6606	0.6030	0.5213	0.6004	0.0732	0.1085	0.4888	0.5627	0.5279	0.6477	0.3448	0.6190	0.2747	0.6581	0.6168
