1.3912	0.0000	0.0000	0.0000	0.0000	0.0000	0.0000	0.0000	0.0000	0.0000	0.0000	0.0000	0.0000	0.0000	0.0000	0.0000	0.0000
1.3712	0.6806	0.0000	0.0000	0.0000	0.0000	0.0000	0.0000	0.0000	0.0000	0.0000	0.0000	0.0000	0.0000	0.0000	0.0000	0.0000
1.9717	11.1428	96.9001	0.0000	0.0000	0.0000	0.0000	0.0000	0.0000	0.0000	0.0000	0.0000	0.0000	0.0000	0.0000	0.0000	0.0000
1.8793	10.9460	86.5001	12.5073	0.0000	0.0000	0.0000	0.0000	0.0000	0.0000	0.0000	0.0000	0.0000	0.0000	0.0000	0.0000	0.0000
1.8837	10.9880	85.6332	12.6801	0.6736	0.0000	0.0000	0.0000	0.0000	0.0000	0.0000	0.0000	0.0000	0.0000	0.0000	0.0000	0.0000
1.9386	9.7927	80.4048	11.9640	0.6740	4.1112	0.0000	0.0000	0.0000	0.0000	0.0000	0.0000	0.0000	0.0000	0.0000	0.0000	0.0000
1.9055	9.8874	79.7376	12.1224	0.6748	3.9798	1.4565	0.0000	0.0000	0.0000	0.0000	0.0000	0.0000	0.0000	0.0000	0.0000	0.0000
1.9284	9.8861	80.3435	11.7479	0.6747	3.8620	1.4531	1.1464	0.0000	0.0000	0.0000	0.0000	0.0000	0.0000	0.0000	0.0000	0.0000
1.9513	9.8204	79.2595	11.9334	0.6747	3.8338	1.4434	1.1460	0.9255	0.0000	0.0000	0.0000	0.0000	0.0000	0.0000	0.0000	0.0000
1.8593	9.8469	79.3066	11.8727	0.6759	3.6700	1.4370	1.1343	0.9237	1.5685	0.0000	0.0000	0.0000	0.0000	0.0000	0.0000	0.0000
1.8753	9.5131	78.9963	11.4172	0.6757	3.4641	1.4308	1.1254	0.9175	1.5757	1.1318	0.0000	0.0000	0.0000	0.0000	0.0000	0.0000
1.8396	8.9995	76.2838	10.7302	0.6760	3.1793	1.4374	1.1184	0.9148	1.5963	1.1413	1.9214	0.0000	0.0000	0.0000	0.0000	0.0000
1.8292	8.9396	75.7379	10.9389	0.6760	3.1957	1.4326	1.1189	0.9138	1.5975	1.1351	1.9240	0.9068	0.0000	0.0000	0.0000	0.0000
1.7925	9.1058	76.5133	10.9713	0.6762	3.1412	1.4179	1.1115	0.9122	1.5881	1.1244	1.9227	0.9029	0.9057	0.0000	0.0000	0.0000
1.7849	9.0957	76.7284	10.7806	0.6764	3.0888	1.4164	1.1107	0.9115	1.5905	1.1262	1.9214	0.9032	0.8982	1.1247	0.0000	0.0000
1.7748	8.9269	75.5148	10.6509	0.6757	2.9834	1.4176	1.1035	0.9139	1.5936	1.1225	1.9128	0.8961	0.9033	1.1181	1.1020	0.0000
1.7704	8.7843	74.3111	10.6271	0.6756	2.8916	1.4090	1.0961	0.9056	1.5972	1.1169	1.8965	0.8891	0.8987	1.1103	1.0987	0.9855
