0.6603	0.0540	0.0197	0.1137	0.0983	0.0196	0.0094	0.0297	0.1191	0.0000	0.0000	0.2037	0.0399	0.0000	0.1290	0.1012	0.0000
0.1859	0.5768	0.0057	0.0954	0.1400	0.0298	0.0000	0.0984	0.0302	0.0071	0.0708	0.1222	0.0000	0.0075	0.0619	0.0154	0.0019
0.0019	0.0936	0.6984	0.0380	0.0000	0.0691	0.0256	0.0275	0.0726	0.0488	0.0150	0.0992	0.1512	0.0269	0.0000	0.1404	0.0051
0.1122	0.1101	0.1495	0.7275	0.0571	0.0229	0.0000	0.2101	0.0000	0.0000	0.2046	0.0123	0.0000	0.0479	0.0979	0.1635	0.0000
0.1290	0.1536	0.1478	0.3100	0.6789	0.0333	0.0385	0.1624	0.0000	0.0000	0.1109	0.0043	0.0000	0.1075	0.0000	0.3176	0.0000
0.0362	0.2339	0.1408	0.1458	0.3559	0.2261	0.0133	0.1422	0.0000	0.0000	0.0477	0.0000	0.0000	0.1290	0.0121	0.1268	0.0000
0.0000	0.0884	0.1965	0.1827	0.1290	0.0732	0.2747	0.1844	0.0000	0.1275	0.0000	0.0000	0.0000	0.0000	0.0000	0.1127	0.0000
0.1186	0.1184	0.1666	0.4266	0.1290	0.1156	0.3598	0.6780	0.0000	0.0000	0.1154	0.0175	0.0000	0.1668	0.1169	0.0640	0.0000
0.1290	0.0856	0.0000	0.0835	0.0493	0.0278	0.0263	0.0705	0.5380	0.0431	0.0000	0.0523	0.0000	0.1802	0.2529	0.0166	0.0000
0.1457	0.0621	0.0000	0.0049	0.0046	0.0000	0.1020	0.0190	0.1822	0.2997	0.0000	0.1827	0.0111	0.1836	0.1290	0.0022	0.0000
0.5294	0.1191	0.0060	0.1202	0.1195	0.0175	0.2099	0.1424	0.2313	0.2345	0.6394	0.2095	0.0620	0.0243	0.0749	0.0050	0.0118
0.5962	0.0585	0.0035	0.0925	0.0093	0.0111	0.0000	0.0856	0.1936	0.1948	0.6341	0.6665	0.0707	0.0067	0.1226	0.0362	0.0927
0.1818	0.0508	0.0726	0.0000	0.0000	0.0000	0.0000	0.0000	0.0985	0.1692	0.1886	0.1844	0.7008	0.0000	0.0000	0.0523	0.0601
0.2954	0.0726	0.0702	0.0079	0.0086	0.0000	0.0000	0.1102	0.0875	0.2053	0.1639	0.4294	0.3507	0.6965	0.0000	0.0868	0.1204
0.2799	0.0820	0.0944	0.0940	0.0122	0.0000	0.0000	0.1817	0.5534	0.2545	0.2206	0.1844	0.3333	0.6227	0.6854	0.0000	0.0628
0.2777	0.0691	0.0481	0.1487	0.0169	0.0000	0.0071	0.1236	0.4055	0.2708	0.1844	0.4327	0.3333	0.2625	0.4009	0.5941	0.4135
0.2927	0.0494	0.0959	0.0983	0.0066	0.0000	0.0000	0.1963	0.4701	0.3297	0.1911	0.4587	0.3370	0.5136	0.6220	0.6331	0.6673
