0.6700	0.0864	0.0280	0.3650	0.3125	0.0172	0.0206	0.0325	0.2025	0.0000	0.0000	0.3450	0.0611	0.0000	0.2400	0.1525	0.0000
0.2550	0.5614	0.0060	0.1600	0.2975	0.0517	0.0000	0.3300	0.0625	0.0100	0.1125	0.3700	0.0000	0.0125	0.1125	0.0225	0.0025
0.0025	0.2523	0.7460	0.0850	0.0000	0.1897	0.0412	0.0750	0.1200	0.1600	0.0275	0.0825	0.3922	0.0650	0.0000	0.3575	0.0050
0.2350	0.2432	0.3720	0.7350	0.0900	0.0345	0.0000	0.3600	0.0000	0.0000	0.2725	0.0250	0.0000	0.0600	0.1875	0.3475	0.0000
0.2400	0.2614	0.4080	0.4250	0.6875	0.0172	0.0928	0.3250	0.0000	0.0000	0.1475	0.0050	0.0000	0.1275	0.0000	0.5125	0.0000
0.0525	0.3182	0.3920	0.1975	0.4925	0.3103	0.0103	0.3825	0.0000	0.0000	0.0575	0.0000	0.0000	0.2400	0.0125	0.3700	0.0000
0.0000	0.2545	0.4080	0.3775	0.2400	0.2241	0.7010	0.3825	0.0000	0.2600	0.0000	0.0000	0.0000	0.0000	0.0000	0.3725	0.0000
0.1625	0.2341	0.2680	0.4875	0.2400	0.2241	0.7113	0.6900	0.0000	0.0000	0.1450	0.0300	0.0000	0.2750	0.1050	0.0775	0.0000
0.2400	0.2182	0.0000	0.1975	0.1325	0.0345	0.0515	0.1550	0.5725	0.0500	0.0000	0.1025	0.0000	0.3550	0.3575	0.0300	0.0000
0.2050	0.1409	0.0000	0.0025	0.0025	0.0000	0.2680	0.0250	0.3650	0.4100	0.0000	0.3775	0.0086	0.3800	0.2400	0.0025	0.0000
0.5450	0.2045	0.0040	0.2200	0.1875	0.0172	0.7010	0.2150	0.3300	0.4100	0.6500	0.3700	0.0878	0.0625	0.1000	0.0050	0.0175
0.6175	0.1500	0.0020	0.1850	0.0175	0.0172	0.0000	0.1175	0.2300	0.2500	0.6325	0.6700	0.1543	0.0075	0.2200	0.0725	0.2100
0.3750	0.1455	0.1580	0.0000	0.0000	0.0000	0.0000	0.0000	0.2300	0.3400	0.3800	0.3825	0.7024	0.0000	0.0000	0.0725	0.0625
0.4425	0.1364	0.1640	0.0125	0.0125	0.0000	0.0000	0.2100	0.1425	0.3300	0.1950	0.5600	0.4993	0.7100	0.0000	0.2050	0.1600
0.4300	0.1341	0.0740	0.1600	0.0175	0.0000	0.0000	0.2725	0.5475	0.2700	0.3225	0.3825	0.5000	0.6425	0.6950	0.0000	0.0950
0.4300	0.1159	0.0820	0.3150	0.0300	0.0000	0.0103	0.3600	0.5350	0.3100	0.3825	0.5625	0.5000	0.4150	0.5325	0.6125	0.5400
0.4350	0.1023	0.1260	0.2125	0.0075	0.0000	0.0000	0.3200	0.5225	0.3300	0.3225	0.5975	0.4996	0.5525	0.6375	0.6425	0.6800
