0.8148	2.2888	2.3344	2.0414	1.9433	2.4268	2.1683	1.9500	1.9030	2.4722	2.2527	1.7545	2.2085	2.2988	1.9049	2.4015	2.2898
1.3690	1.2075	2.1881	1.9980	1.8711	2.2600	2.4027	1.8346	2.2284	2.2847	2.0068	1.8955	2.3838	2.2202	2.2986	2.1948	2.2692
4.4072	2.3422	0.7509	2.3982	2.2510	2.1061	2.3883	2.1551	2.3069	2.1138	2.0915	2.2027	1.9634	2.1119	2.3072	2.0033	2.0669
2.4814	1.9473	2.6571	0.6695	1.9272	2.2639	2.3444	1.7637	2.2104	2.2412	1.9460	2.2273	2.2929	1.9818	2.1177	1.9902	2.3438
2.4438	1.8703	2.5225	1.3981	0.7411	2.2423	2.0231	1.6979	2.3047	2.1696	1.9840	2.4100	2.2163	1.9715	2.1084	1.9282	2.4821
3.3634	1.8480	2.3098	1.5962	0.9889	1.5311	2.1326	1.8196	2.3304	2.0378	2.1314	2.3511	2.1731	1.9925	2.1541	1.9457	2.1882
3.9324	2.6431	2.1426	2.0365	1.9953	1.7016	0.8225	1.7585	2.4429	1.9322	2.1851	2.4673	2.2346	1.8321	1.9980	2.0860	2.4000
2.4125	2.2201	2.3302	1.0616	1.7652	1.6422	0.9148	0.7890	2.3278	2.0388	2.0956	2.3377	2.3150	1.8576	1.9685	2.0667	2.5037
1.4314	2.1546	4.1028	2.2569	2.3260	2.6423	2.9091	1.7180	0.9051	2.3295	2.2773	2.0821	2.2732	1.9785	1.8636	2.2392	2.4165
1.1454	2.3060	6.4049	3.4067	2.7429	3.1101	1.9916	2.3483	1.4313	1.0800	2.2368	1.8787	2.1758	2.0120	1.9055	2.3812	2.2963
1.0323	2.2493	6.6146	3.0593	2.8140	3.0032	1.5695	3.0083	1.9791	1.1238	0.8284	1.8670	2.2441	2.2320	2.0541	2.2837	2.2510
0.9209	2.7192	7.6768	2.8577	3.5083	3.4521	2.7342	3.0720	1.6783	1.2528	0.8507	0.8517	2.2221	2.2879	1.9340	2.4154	2.1453
1.3022	2.5804	4.9869	5.6189	4.5679	3.7849	5.2015	5.8834	2.6324	1.4138	1.3138	1.4180	0.5833	2.2786	2.1649	2.2839	1.9812
1.2217	2.4511	4.6683	4.0206	4.7022	3.9907	5.2311	4.1403	1.7929	1.5611	1.5103	1.2379	1.1199	0.8611	2.1545	2.5016	2.0165
1.1516	2.7182	5.9824	3.2582	4.0753	3.8121	5.0059	3.2392	1.1801	1.3525	1.5076	1.1796	1.4626	0.8889	0.7740	2.5458	2.0728
1.6368	2.5934	4.6010	2.5227	3.4994	3.3439	2.6182	2.1233	1.1189	1.1866	1.3842	1.2576	1.5318	1.3941	1.0176	0.8480	1.9200
1.3959	2.7437	5.3392	3.3184	4.3634	3.8008	4.2452	3.2212	1.2982	1.2904	1.3684	1.1636	0.9875	1.0776	0.8910	0.8645	0.8478
