0.7005	2.1612	2.0347	2.1452	2.2264	2.1493	2.0485	2.2893	2.1823	2.0023	2.1525	2.0980	2.2490	2.4035	2.0341	1.9427	2.1879
2.4329	0.8089	2.3179	2.1135	2.0604	2.0289	2.2962	1.8753	2.1635	1.9844	1.9027	2.0903	1.9328	2.0040	2.1850	2.2085	2.2837
2.2013	2.1626	0.2797	1.9806	2.1544	2.1936	2.0565	2.3636	2.0741	2.0189	1.9023	2.0940	1.9289	2.2456	2.1851	2.1764	1.9474
2.2719	2.0056	2.1343	0.7400	2.1555	2.0904	2.0319	1.9700	2.0623	2.2267	2.0391	1.8540	1.9175	2.4731	2.3290	2.3963	2.2836
2.2664	2.0172	2.1346	2.2572	0.7698	2.0305	2.1476	2.0703	1.9961	2.0313	2.1628	2.1124	1.9287	2.0880	2.1667	2.2864	1.8460
2.3941	1.9432	2.2262	1.9890	2.0988	1.4008	2.1092	2.1883	2.0077	2.1302	2.2352	2.0759	2.3099	1.9791	2.0385	2.0913	2.0693
2.2283	2.1642	1.9875	1.9910	2.1524	2.2976	0.8339	2.3132	2.1388	2.1594	2.0581	2.2073	1.9001	2.3322	2.0703	2.2634	2.0689
2.2259	2.1430	2.4111	2.0907	2.0535	2.1743	2.3543	0.7488	2.2006	2.1104	2.2248	1.9330	2.2127	1.9709	2.0121	2.3068	2.0185
2.2120	1.9710	2.2597	1.9490	2.0901	2.1297	2.3028	2.1212	0.6311	2.1110	2.0841	1.9137	2.1806	2.2618	1.9209	2.1511	2.0833
1.9790	2.0389	1.9655	2.2465	2.0721	2.1209	2.1779	2.2329	2.1689	1.1413	1.9088	1.9796	2.0553	2.1395	2.0197	2.0009	2.0820
2.0255	2.0100	1.8033	2.0796	2.1940	2.0182	2.2151	2.2876	2.1137	1.9190	0.6427	1.9566	1.9325	2.0260	2.0676	2.2620	1.9950
2.2913	2.0463	2.2266	1.9403	2.2378	2.2351	2.3120	1.9340	1.9106	2.0480	1.9464	0.7015	1.9302	2.1714	2.2885	2.2501	2.0912
2.2096	1.9808	1.9738	2.1121	2.2395	2.1022	2.0888	2.2544	2.2873	2.0825	2.1052	1.9385	0.5640	2.2711	2.1514	1.9914	2.1365
2.3327	2.0640	2.1978	2.3124	2.0106	2.0599	2.2725	1.9532	2.1235	2.0431	2.1108	2.0816	2.3188	0.4831	2.1460	2.3868	2.1244
2.0230	2.1610	2.0812	2.2356	2.1138	2.0787	2.0311	2.0734	1.9663	2.0515	1.9665	2.2092	1.9993	2.3477	0.8212	2.1735	2.2331
1.9755	1.9358	2.2979	2.1310	2.3914	2.0329	2.1286	2.2163	2.0974	2.2056	2.2987	2.1189	1.9881	2.2758	2.0988	0.6653	1.9661
2.2522	2.1803	2.1947	2.4305	1.8948	2.1707	2.2239	2.0239	2.0343	2.2507	2.0691	2.1552	2.0802	2.2578	2.2165	2.2180	0.7036
