0.7450	0.0091	0.4160	0.0000	0.0075	0.0517	0.3093	0.0475	0.2325	0.0700	0.0300	0.1800	0.2750	0.0000	0.0225	0.0650	0.1700
0.0000	0.7136	0.0280	0.3550	0.2850	0.2241	0.0206	0.3025	0.1675	0.2000	0.2700	0.2350	0.1522	0.0400	0.1775	0.1550	0.0925
0.0100	0.0705	0.9080	0.2400	0.0000	0.0690	0.0619	0.0200	0.0200	0.3000	0.1975	0.1825	0.4985	0.0100	0.0325	0.1450	0.2600
0.0975	0.1500	0.1740	0.7550	0.0650	0.2241	0.2680	0.1050	0.1525	0.0000	0.1475	0.2000	0.4784	0.0050	0.0000	0.0650	0.0075
0.0000	0.2477	0.1300	0.0550	0.7300	0.1552	0.0103	0.2775	0.4125	0.1600	0.0550	0.3775	0.3360	0.0625	0.0000	0.0000	0.2975
0.0075	0.2477	0.0260	0.3425	0.3175	0.4828	0.0103	0.0000	0.2825	0.0300	0.0025	0.0025	0.0000	0.0500	0.2400	0.0125	0.0300
0.0000	0.1864	0.0400	0.2400	0.0000	0.0000	0.7113	0.0000	0.0850	0.0000	0.0000	0.0000	0.2833	0.0000	0.0000	0.0025	0.2150
0.0000	0.1477	0.0000	0.0100	0.2000	0.0172	0.2268	0.7250	0.0550	0.2100	0.1775	0.0275	0.0038	0.0325	0.0950	0.0000	0.0675
0.0000	0.2182	0.0000	0.2050	0.0125	0.1379	0.0309	0.0150	0.7700	0.1800	0.0000	0.4625	0.0000	0.0000	0.1800	0.0000	0.3925
0.1875	0.2500	0.3940	0.0000	0.1450	0.0172	0.0206	0.0000	0.2175	0.5400	0.2075	0.3775	0.0008	0.0200	0.0450	0.3850	0.0000
0.0500	0.2273	0.4100	0.0050	0.0000	0.2241	0.0206	0.0000	0.0050	0.2900	0.7450	0.0575	0.5000	0.2200	0.0000	0.0025	0.0425
0.0050	0.2114	0.1280	0.2000	0.0700	0.2241	0.0309	0.2275	0.6050	0.0200	0.3850	0.8050	0.4212	0.2975	0.0225	0.0250	0.0700
0.0000	0.1864	0.0280	0.0100	0.0000	0.1034	0.0000	0.0000	0.0050	0.0000	0.0000	0.1100	0.7090	0.0150	0.0000	0.3275	0.0075
0.0000	0.1477	0.0420	0.2525	0.0125	0.2241	0.0619	0.0950	0.3400	0.0300	0.1750	0.2075	0.0006	0.8625	0.0050	0.0000	0.0100
0.0825	0.0500	0.0840	0.0000	0.0000	0.1207	0.0000	0.2175	0.2400	0.0100	0.2825	0.0000	0.4994	0.0200	0.7025	0.1200	0.0125
0.2150	0.2114	0.0000	0.1400	0.0000	0.0345	0.0000	0.0625	0.0350	0.0100	0.0025	0.0375	0.0090	0.0000	0.0250	0.7925	0.3625
0.0300	0.0091	0.1220	0.0025	0.4300	0.0172	0.0412	0.3450	0.1550	0.2200	0.0525	0.0000	0.0000	0.0000	0.0000	0.0050	0.7650
