0.7248	0.0093	0.1959	0.0000	0.0069	0.0333	0.0855	0.0204	0.1022	0.0795	0.0317	0.1048	0.1697	0.0000	0.0213	0.0543	0.1241
0.0000	0.7207	0.0159	0.1320	0.1348	0.0909	0.0222	0.1177	0.0974	0.0799	0.1586	0.1269	0.0651	0.0208	0.0921	0.0683	0.0399
0.0086	0.0396	0.8826	0.0831	0.0000	0.0468	0.0448	0.0308	0.0152	0.1000	0.0806	0.0873	0.1671	0.0033	0.0206	0.0488	0.1650
0.0660	0.0492	0.0605	0.7110	0.0472	0.0732	0.1342	0.0479	0.0724	0.0000	0.1006	0.1273	0.2221	0.0027	0.0000	0.0341	0.0063
0.0000	0.1000	0.0878	0.0200	0.7213	0.0685	0.0143	0.0937	0.1738	0.1544	0.0359	0.1137	0.0947	0.0292	0.0000	0.0000	0.1875
0.0097	0.0899	0.0160	0.1305	0.1968	0.2672	0.0056	0.0000	0.1369	0.0293	0.0034	0.0032	0.0000	0.0562	0.1290	0.0103	0.0206
0.0000	0.0895	0.0602	0.1290	0.0000	0.0000	0.4306	0.0000	0.0924	0.0000	0.0000	0.0000	0.1041	0.0000	0.0000	0.0034	0.0717
0.0000	0.0564	0.0000	0.0064	0.1321	0.0159	0.0932	0.6742	0.0466	0.0730	0.0722	0.0243	0.0038	0.0283	0.0595	0.0000	0.0407
0.0000	0.1206	0.0000	0.1240	0.0097	0.0586	0.0385	0.0102	0.7556	0.0734	0.0000	0.3020	0.0000	0.0000	0.0854	0.0000	0.2080
0.1140	0.1378	0.1220	0.0000	0.1245	0.0159	0.0533	0.0000	0.1126	0.4702	0.0891	0.1827	0.0008	0.0223	0.0320	0.2085	0.0000
0.0378	0.0741	0.1939	0.0042	0.0000	0.0732	0.0714	0.0000	0.0052	0.2317	0.7299	0.0623	0.3333	0.0793	0.0000	0.0032	0.0258
0.0041	0.1013	0.0671	0.1249	0.0385	0.0881	0.0766	0.1638	0.2771	0.0160	0.1753	0.7954	0.2089	0.1600	0.0142	0.0186	0.0374
0.0000	0.0667	0.0315	0.0142	0.0000	0.0408	0.0000	0.0000	0.0073	0.0000	0.0000	0.1039	0.7010	0.0142	0.0000	0.1089	0.0085
0.0000	0.0515	0.0203	0.0811	0.0095	0.1127	0.0426	0.0587	0.1563	0.0366	0.1041	0.1002	0.0004	0.8555	0.0043	0.0000	0.0101
0.0440	0.0419	0.0493	0.0000	0.0000	0.0672	0.0000	0.1310	0.1290	0.0172	0.1249	0.0000	0.2222	0.0095	0.6775	0.0565	0.0070
0.1017	0.0803	0.0000	0.0848	0.0000	0.0351	0.0000	0.0656	0.0238	0.0133	0.0026	0.0208	0.0058	0.0000	0.0246	0.7888	0.1137
0.0339	0.0091	0.0609	0.0021	0.2523	0.0204	0.0279	0.1304	0.0939	0.1202	0.0333	0.0000	0.0000	0.0000	0.0000	0.0042	0.7580
