0.2523	0.0000	0.0000	0.0000	0.0000	0.0000	0.0000	0.0000	0.0000	0.0000	0.0000	0.0000	0.0000	0.0000	0.0000	0.0000	0.0000
0.0200	0.7000	0.0000	0.0000	0.0000	0.0000	0.0000	0.0000	0.0000	0.0000	0.0000	0.0000	0.0000	0.0000	0.0000	0.0000	0.0000
0.0821	0.0226	0.7010	0.0000	0.0000	0.0000	0.0000	0.0000	0.0000	0.0000	0.0000	0.0000	0.0000	0.0000	0.0000	0.0000	0.0000
0.0661	0.0159	0.0779	0.7218	0.0000	0.0000	0.0000	0.0000	0.0000	0.0000	0.0000	0.0000	0.0000	0.0000	0.0000	0.0000	0.0000
0.0971	0.1046	0.1055	0.0299	0.7029	0.0000	0.0000	0.0000	0.0000	0.0000	0.0000	0.0000	0.0000	0.0000	0.0000	0.0000	0.0000
0.0334	0.0299	0.0053	0.1290	0.0313	0.7207	0.0000	0.0000	0.0000	0.0000	0.0000	0.0000	0.0000	0.0000	0.0000	0.0000	0.0000
0.0889	0.1072	0.0000	0.0711	0.0050	0.0352	0.7190	0.0000	0.0000	0.0000	0.0000	0.0000	0.0000	0.0000	0.0000	0.0000	0.0000
0.0333	0.0926	0.0063	0.0832	0.0174	0.0483	0.0450	0.7165	0.0000	0.0000	0.0000	0.0000	0.0000	0.0000	0.0000	0.0000	0.0000
0.0238	0.0215	0.1043	0.1293	0.0292	0.0390	0.0460	0.1635	0.6930	0.0000	0.0000	0.0000	0.0000	0.0000	0.0000	0.0000	0.0000
0.0705	0.0120	0.0742	0.0956	0.0728	0.0301	0.0355	0.1196	0.0608	0.6176	0.0000	0.0000	0.0000	0.0000	0.0000	0.0000	0.0000
0.0889	0.0324	0.0232	0.1290	0.0102	0.0296	0.0000	0.1660	0.0116	0.0000	0.6802	0.0000	0.0000	0.0000	0.0000	0.0000	0.0000
0.0725	0.0000	0.0693	0.0940	0.1364	0.0119	0.0050	0.0901	0.0000	0.0063	0.0339	0.7172	0.0000	0.0000	0.0000	0.0000	0.0000
0.0450	0.0346	0.0129	0.1014	0.0699	0.0722	0.0265	0.0524	0.0259	0.0726	0.0055	0.0600	0.6841	0.0000	0.0000	0.0000	0.0000
0.0577	0.0773	0.0000	0.1290	0.0119	0.1916	0.0143	0.0063	0.0051	0.0000	0.0000	0.0000	0.1580	0.2747	0.0000	0.0000	0.0000
0.0108	0.0574	0.0000	0.0691	0.1567	0.0203	0.0907	0.0094	0.0000	0.0508	0.0000	0.0000	0.0397	0.0320	0.2832	0.0000	0.0000
0.0208	0.0119	0.0570	0.1243	0.0000	0.0057	0.1171	0.1041	0.0000	0.0108	0.0295	0.0102	0.1241	0.0000	0.0000	0.7034	0.0000
0.0789	0.0611	0.0777	0.0762	0.0081	0.0106	0.0000	0.1118	0.0525	0.0000	0.0495	0.0716	0.0881	0.1204	0.0000	0.0268	0.6768
