0.3966	0.0000	0.0000	0.0000	0.0000	0.0000	0.0000	0.0000	0.0000	0.0000	0.0000	0.0000	0.0000	0.0000	0.0000	0.0000	0.0000
0.0517	0.7125	0.0000	0.0000	0.0000	0.0000	0.0000	0.0000	0.0000	0.0000	0.0000	0.0000	0.0000	0.0000	0.0000	0.0000	0.0000
0.2931	0.0200	0.7175	0.0000	0.0000	0.0000	0.0000	0.0000	0.0000	0.0000	0.0000	0.0000	0.0000	0.0000	0.0000	0.0000	0.0000
0.0862	0.0175	0.1675	0.7375	0.0000	0.0000	0.0000	0.0000	0.0000	0.0000	0.0000	0.0000	0.0000	0.0000	0.0000	0.0000	0.0000
0.2414	0.2775	0.3450	0.0250	0.7031	0.0000	0.0000	0.0000	0.0000	0.0000	0.0000	0.0000	0.0000	0.0000	0.0000	0.0000	0.0000
0.0517	0.0450	0.0075	0.2400	0.0518	0.7325	0.0000	0.0000	0.0000	0.0000	0.0000	0.0000	0.0000	0.0000	0.0000	0.0000	0.0000
0.2069	0.2050	0.0000	0.1750	0.0065	0.0650	0.7300	0.0000	0.0000	0.0000	0.0000	0.0000	0.0000	0.0000	0.0000	0.0000	0.0000
0.0690	0.3425	0.0050	0.2100	0.0292	0.0725	0.0325	0.7250	0.0000	0.0000	0.0000	0.0000	0.0000	0.0000	0.0000	0.0000	0.0000
0.0345	0.0300	0.2250	0.2400	0.0482	0.0600	0.0925	0.3550	0.7050	0.0000	0.0000	0.0000	0.0000	0.0000	0.0000	0.0000	0.0000
0.1724	0.0175	0.1375	0.3500	0.3190	0.0600	0.0825	0.2700	0.0950	0.5977	0.0000	0.0000	0.0000	0.0000	0.0000	0.0000	0.0000
0.2759	0.0425	0.0575	0.2400	0.0165	0.0525	0.0000	0.3600	0.0100	0.0000	0.6850	0.0000	0.0000	0.0000	0.0000	0.0000	0.0000
0.2586	0.0000	0.0650	0.2500	0.4880	0.0175	0.0050	0.1300	0.0000	0.0045	0.0375	0.7225	0.0000	0.0000	0.0000	0.0000	0.0000
0.1034	0.0675	0.0225	0.2350	0.2378	0.1800	0.0475	0.0675	0.0400	0.1273	0.0075	0.1700	0.7420	0.0000	0.0000	0.0000	0.0000
0.1034	0.1600	0.0000	0.2400	0.0155	0.3800	0.0100	0.0050	0.0025	0.0000	0.0000	0.0000	0.4040	0.7010	0.0000	0.0000	0.0000
0.0345	0.1400	0.0000	0.1400	0.3878	0.0300	0.1600	0.0100	0.0000	0.1455	0.0000	0.0000	0.0480	0.0619	0.4500	0.0000	0.0000
0.0345	0.0175	0.0550	0.2150	0.0000	0.0050	0.2925	0.1500	0.0000	0.0068	0.0600	0.0125	0.2900	0.0000	0.0000	0.7150	0.0000
0.3103	0.0975	0.3400	0.2275	0.0129	0.0125	0.0000	0.2375	0.0700	0.0000	0.0900	0.2175	0.2200	0.2887	0.0000	0.0300	0.6875
