0.6660	0.0000	0.0000	0.0000	0.0000	0.0000	0.0000	0.0000	0.0000	0.0000	0.0000	0.0000	0.0000	0.0000	0.0000	0.0000	0.0000
0.0940	0.7066	0.0000	0.0000	0.0000	0.0000	0.0000	0.0000	0.0000	0.0000	0.0000	0.0000	0.0000	0.0000	0.0000	0.0000	0.0000
0.2660	0.1952	0.6675	0.0000	0.0000	0.0000	0.0000	0.0000	0.0000	0.0000	0.0000	0.0000	0.0000	0.0000	0.0000	0.0000	0.0000
0.2600	0.0269	0.0000	0.7225	0.0000	0.0000	0.0000	0.0000	0.0000	0.0000	0.0000	0.0000	0.0000	0.0000	0.0000	0.0000	0.0000
0.0380	0.1179	0.2100	0.3225	0.7525	0.0000	0.0000	0.0000	0.0000	0.0000	0.0000	0.0000	0.0000	0.0000	0.0000	0.0000	0.0000
0.0880	0.0122	0.3500	0.2650	0.1575	0.7100	0.0000	0.0000	0.0000	0.0000	0.0000	0.0000	0.0000	0.0000	0.0000	0.0000	0.0000
0.1420	0.1433	0.3800	0.3250	0.0000	0.1300	0.3793	0.0000	0.0000	0.0000	0.0000	0.0000	0.0000	0.0000	0.0000	0.0000	0.0000
0.2340	0.0022	0.1650	0.0125	0.0775	0.1975	0.2586	0.5864	0.0000	0.0000	0.0000	0.0000	0.0000	0.0000	0.0000	0.0000	0.0000
0.3640	0.1113	0.3425	0.0375	0.0475	0.2000	0.3448	0.1455	0.6850	0.0000	0.0000	0.0000	0.0000	0.0000	0.0000	0.0000	0.0000
0.0200	0.4753	0.0400	0.2625	0.0000	0.0025	0.2931	0.1318	0.1375	0.7300	0.0000	0.0000	0.0000	0.0000	0.0000	0.0000	0.0000
0.2740	0.0546	0.2100	0.2150	0.0725	0.0300	0.3448	0.1477	0.3050	0.1125	0.7225	0.0000	0.0000	0.0000	0.0000	0.0000	0.0000
0.3180	0.4062	0.2650	0.3500	0.2125	0.0125	0.2414	0.1386	0.1450	0.2025	0.3525	0.6550	0.0000	0.0000	0.0000	0.0000	0.0000
0.2220	0.2305	0.1500	0.2475	0.0025	0.0275	0.3276	0.1500	0.3825	0.0075	0.3700	0.1725	0.4500	0.0000	0.0000	0.0000	0.0000
0.2760	0.3793	0.1025	0.1175	0.0050	0.0425	0.2069	0.1409	0.3550	0.1650	0.1900	0.0675	0.2800	0.7475	0.0000	0.0000	0.0000
0.0000	0.0000	0.0000	0.0000	0.0000	0.0000	0.0000	0.0000	0.0000	0.0000	0.0000	0.0000	0.0000	0.0000	0.0000	0.0000	0.0000
0.0000	0.0000	0.0000	0.0000	0.0000	0.0000	0.0000	0.0000	0.0000	0.0000	0.0000	0.0000	0.0000	0.0000	0.0000	0.0000	0.0000
0.0000	0.0000	0.0000	0.0000	0.0000	0.0000	0.0000	0.0000	0.0000	0.0000	0.0000	0.0000	0.0000	0.0000	0.0000	0.0000	0.0000
