0.7540	0.0000	0.0000	0.0000	0.0000	0.0000	0.0000	0.0000	0.0000	0.0000	0.0000	0.0000	0.0000	0.0000	0.0000	0.0000	0.0000
0.2104	0.7223	0.0000	0.0000	0.0000	0.0000	0.0000	0.0000	0.0000	0.0000	0.0000	0.0000	0.0000	0.0000	0.0000	0.0000	0.0000
0.0998	0.0000	0.6900	0.0000	0.0000	0.0000	0.0000	0.0000	0.0000	0.0000	0.0000	0.0000	0.0000	0.0000	0.0000	0.0000	0.0000
0.0000	0.2082	0.0182	0.6971	0.0000	0.0000	0.0000	0.0000	0.0000	0.0000	0.0000	0.0000	0.0000	0.0000	0.0000	0.0000	0.0000
0.0000	0.0008	0.0000	0.0604	0.7026	0.0000	0.0000	0.0000	0.0000	0.0000	0.0000	0.0000	0.0000	0.0000	0.0000	0.0000	0.0000
0.0333	0.0000	0.0000	0.0075	0.0026	0.7068	0.0000	0.0000	0.0000	0.0000	0.0000	0.0000	0.0000	0.0000	0.0000	0.0000	0.0000
0.0000	0.0000	0.1016	0.0000	0.0000	0.0000	0.1565	0.0000	0.0000	0.0000	0.0000	0.0000	0.0000	0.0000	0.0000	0.0000	0.0000
0.0291	0.1581	0.0000	0.1406	0.0991	0.0000	0.1126	0.5778	0.0000	0.0000	0.0000	0.0000	0.0000	0.0000	0.0000	0.0000	0.0000
0.0617	0.0000	0.0000	0.1528	0.0146	0.0800	0.0000	0.0480	0.6924	0.0000	0.0000	0.0000	0.0000	0.0000	0.0000	0.0000	0.0000
0.0223	0.0000	0.1625	0.0269	0.0000	0.0891	0.0000	0.0000	0.0589	0.6689	0.0000	0.0000	0.0000	0.0000	0.0000	0.0000	0.0000
0.0000	0.0001	0.0771	0.0480	0.0000	0.0943	0.1048	0.0102	0.1709	0.2858	0.6957	0.0000	0.0000	0.0000	0.0000	0.0000	0.0000
0.0000	0.0000	0.0000	0.0854	0.0116	0.0021	0.0537	0.0000	0.1060	0.0739	0.0158	0.6709	0.0000	0.0000	0.0000	0.0000	0.0000
0.0154	0.1869	0.0198	0.1185	0.0924	0.0859	0.0714	0.0586	0.1343	0.0000	0.1290	0.0759	0.4271	0.0000	0.0000	0.0000	0.0000
0.0056	0.0002	0.0813	0.1827	0.0000	0.1844	0.0833	0.0515	0.1034	0.0452	0.0000	0.0090	0.0139	0.6519	0.0000	0.0000	0.0000
0.0526	0.0000	0.0000	0.0179	0.1844	0.1250	0.0732	0.0000	0.1827	0.2852	0.0967	0.0919	0.0000	0.0000	0.2747	0.0000	0.0000
0.0494	0.4284	0.0000	0.1035	0.0085	0.0027	0.0686	0.1030	0.0000	0.0188	0.1048	0.1290	0.0932	0.1844	0.0000	0.6977	0.0000
0.0430	0.0000	0.0000	0.1650	0.0381	0.3221	0.0362	0.0000	0.1013	0.3682	0.0049	0.0230	0.0000	0.0000	0.1888	0.0000	0.7489
