0.1857	0.0972	0.1290	0.1827	0.0000	0.0000	0.1290	0.0000	0.0025	0.0000	0.0000	0.0000	0.0000	0.0000	0.0000	0.1827	0.1290
0.1496	0.6448	0.0141	0.0455	0.0000	0.0083	0.0168	0.0000	0.0546	0.0541	0.1447	0.0000	0.0787	0.0000	0.0515	0.2126	0.0251
0.1270	0.2617	0.5673	0.0554	0.0000	0.0000	0.1074	0.0000	0.0000	0.0000	0.0000	0.0000	0.0000	0.0000	0.0000	0.1827	0.1290
0.1270	0.2794	0.6258	0.6211	0.0000	0.0022	0.0411	0.0000	0.0000	0.0000	0.0000	0.0370	0.0000	0.0000	0.0000	0.1827	0.0413
0.1592	0.4990	0.5827	0.4596	0.6832	0.0000	0.0121	0.0393	0.0000	0.0501	0.1111	0.0150	0.0200	0.0876	0.0764	0.1375	0.3075
0.1766	0.4621	0.3827	0.5411	0.6223	0.6855	0.0000	0.0385	0.0523	0.0567	0.3750	0.0710	0.1019	0.0211	0.0491	0.2460	0.1167
0.1687	0.5611	0.5468	0.5789	0.6833	0.5786	0.6697	0.0589	0.0084	0.0982	0.3395	0.0000	0.1619	0.0000	0.0000	0.2872	0.0542
0.1687	0.3828	0.4438	0.5867	0.4421	0.2857	0.5766	0.6604	0.0030	0.0810	0.2276	0.0000	0.2998	0.0000	0.0000	0.1399	0.0374
0.1687	0.4043	0.4572	0.5876	0.4874	0.2967	0.5787	0.6443	0.6199	0.0864	0.2333	0.0000	0.1953	0.0000	0.0000	0.1127	0.0324
0.1687	0.5619	0.5361	0.5672	0.6177	0.3638	0.5699	0.5397	0.6215	0.3606	0.2216	0.0000	0.1040	0.0000	0.0000	0.1486	0.0364
0.1692	0.6029	0.5866	0.5117	0.6815	0.6084	0.6420	0.6489	0.5646	0.3015	0.6442	0.0800	0.0816	0.0000	0.0490	0.2682	0.0801
0.1621	0.5034	0.5935	0.4668	0.4260	0.6008	0.4942	0.6479	0.4778	0.1981	0.4534	0.5858	0.0038	0.0000	0.0000	0.0577	0.1304
0.1496	0.5761	0.5734	0.5204	0.6362	0.5339	0.6663	0.6020	0.5990	0.3610	0.6735	0.5346	0.5578	0.0000	0.0267	0.2431	0.0219
0.1684	0.4303	0.5534	0.4428	0.6662	0.5940	0.3960	0.5932	0.2968	0.0900	0.4156	0.3735	0.3199	0.4263	0.1180	0.1827	0.1384
0.1773	0.4438	0.4957	0.3652	0.6660	0.4442	0.2936	0.3543	0.2128	0.0549	0.3250	0.2547	0.2029	0.4093	0.3059	0.1827	0.1844
0.1769	0.3960	0.4781	0.3367	0.6521	0.3648	0.2785	0.2908	0.1948	0.0511	0.2762	0.2385	0.1959	0.3565	0.3049	0.6089	0.1844
0.1776	0.4203	0.4756	0.3372	0.6168	0.3682	0.3211	0.2878	0.1964	0.0630	0.3170	0.2327	0.1959	0.3452	0.2754	0.5690	0.6403
