0.3621	0.2175	0.2400	0.3775	0.0000	0.0000	0.2400	0.0000	0.0025	0.0000	0.0000	0.0000	0.0000	0.0000	0.0000	0.3775	0.2400
0.2931	0.6525	0.0125	0.0500	0.0000	0.0100	0.0250	0.0000	0.0475	0.0705	0.1425	0.0000	0.1900	0.0000	0.1100	0.3600	0.0425
0.2586	0.4100	0.5825	0.1100	0.0000	0.0000	0.2250	0.0000	0.0000	0.0000	0.0000	0.0000	0.0000	0.0000	0.0000	0.3775	0.2400
0.2586	0.4200	0.6250	0.6325	0.0000	0.0025	0.0800	0.0000	0.0000	0.0000	0.0000	0.0400	0.0000	0.0000	0.0000	0.3775	0.0775
0.3103	0.5450	0.5950	0.5125	0.6832	0.0000	0.0075	0.0725	0.0000	0.2023	0.3825	0.0150	0.0200	0.3196	0.2200	0.3775	0.4400
0.3448	0.6150	0.4475	0.5825	0.6440	0.6925	0.0000	0.0750	0.0650	0.2045	0.4500	0.1425	0.1300	0.0515	0.0700	0.4050	0.2750
0.3276	0.5600	0.5700	0.6075	0.6838	0.5725	0.6725	0.0750	0.0075	0.2386	0.4025	0.0000	0.2140	0.0000	0.0000	0.4850	0.1350
0.3276	0.4575	0.5275	0.6125	0.5484	0.3375	0.5750	0.6600	0.0025	0.2318	0.2975	0.0000	0.3580	0.0000	0.0000	0.3525	0.0575
0.3276	0.4725	0.5275	0.6150	0.5691	0.3425	0.5775	0.6450	0.6300	0.2318	0.3025	0.0000	0.3620	0.0000	0.0000	0.3000	0.0525
0.3276	0.5550	0.5650	0.6000	0.6394	0.3825	0.5675	0.5400	0.6275	0.4159	0.3400	0.0000	0.3780	0.0000	0.0000	0.3075	0.0550
0.3276	0.6025	0.6050	0.5600	0.6820	0.6025	0.6550	0.6475	0.5875	0.3545	0.6475	0.1650	0.1540	0.0000	0.0500	0.4725	0.2500
0.3103	0.5550	0.5850	0.5175	0.5402	0.6200	0.5475	0.6450	0.5225	0.2591	0.5075	0.5900	0.0040	0.0000	0.0000	0.1150	0.2425
0.2931	0.6075	0.6050	0.5675	0.6484	0.5300	0.6750	0.6000	0.6275	0.4227	0.6725	0.5600	0.6140	0.0000	0.0300	0.4175	0.0375
0.3276	0.5100	0.5775	0.5000	0.6698	0.6150	0.4725	0.6175	0.4200	0.1659	0.4950	0.4575	0.4800	0.7216	0.2100	0.3775	0.3800
0.3448	0.5125	0.5350	0.4525	0.6716	0.5100	0.4275	0.4575	0.3900	0.1455	0.4475	0.4050	0.4200	0.7010	0.4200	0.3775	0.3825
0.3448	0.4825	0.5250	0.4375	0.6624	0.4600	0.4200	0.4200	0.3825	0.1455	0.4225	0.4000	0.4160	0.6289	0.4100	0.6225	0.3825
0.3448	0.5050	0.5275	0.4375	0.6392	0.4600	0.4475	0.4175	0.3825	0.1523	0.4400	0.3975	0.4160	0.6082	0.4000	0.5750	0.6550
