1.5652	2.7939	2.4109	2.3674	3.8206	2.6567	2.6650	3.3310	2.7487	2.6462	2.6457	2.3830	3.1818	2.7906	2.8129	2.5955	2.4372
1.5780	0.8784	2.6136	2.5902	3.2087	2.6247	2.6190	3.2084	2.5287	2.4501	2.6742	2.6693	2.4772	2.7422	2.4593	2.4432	2.3870
1.5761	1.3261	0.9135	2.4611	3.2075	2.8227	2.5108	3.1127	2.8042	2.5524	2.6862	2.4236	3.0319	2.7836	2.7527	2.5177	2.3342
1.5785	1.2937	0.9354	0.9098	3.6907	2.6572	2.6894	3.1625	2.6919	2.6087	2.5242	2.3652	2.9694	2.7503	2.7474	2.4733	2.5186
1.5671	0.9925	0.9794	1.1347	0.5962	2.6436	2.7612	2.4429	2.7002	2.5531	2.4953	2.6692	2.5867	2.4320	2.4992	2.4120	2.0837
1.5660	0.9132	1.0348	1.0102	0.6540	0.8270	2.8580	2.4519	2.7194	2.5680	2.3105	2.7353	2.4418	2.4455	2.7657	2.3893	2.2503
1.5679	0.9226	1.0729	0.9762	0.5970	0.9706	0.8300	2.4240	2.6463	2.4237	2.4269	2.9940	2.2339	2.8285	2.8550	2.2849	2.4710
1.5679	1.0409	1.1995	0.9970	0.9054	1.4106	0.8896	0.8787	2.6599	2.4094	2.5824	2.9808	2.1434	2.8475	2.8733	2.3490	2.6415
1.5707	1.0178	1.1859	0.9977	0.7952	1.3615	0.9175	0.9176	0.8864	2.3837	2.6501	3.0443	2.1500	2.8470	2.9209	2.3130	2.6155
1.5656	0.9267	1.0759	0.9892	0.6631	1.2369	0.9163	1.0533	0.9140	1.3706	2.5612	3.0084	2.1969	2.7656	2.8754	2.3533	2.5774
1.5687	0.9155	1.0507	1.0198	0.5978	0.9410	0.8621	0.9105	0.9896	1.5355	0.9162	2.5939	2.3554	2.7818	2.8507	2.3523	2.2970
1.5702	0.9755	0.9903	1.0246	0.9323	0.9750	1.1033	0.9095	1.1029	1.9038	1.1965	0.9144	2.9175	2.6318	2.8240	2.5739	2.2142
1.5700	0.9335	1.0620	0.9941	0.6493	0.9930	0.8023	0.9236	0.8895	1.4329	0.8646	1.0381	0.9296	2.7324	2.8706	2.3668	2.5305
1.5572	1.1042	1.0807	1.1477	0.6242	0.9240	1.2425	0.9300	1.3642	2.1153	1.2324	1.3691	1.6868	0.8203	2.6534	2.4273	2.1704
1.5561	1.2000	1.1819	1.2872	0.6239	1.0043	1.5276	1.1598	1.7088	2.4340	1.4925	1.6527	2.6483	0.8581	1.1267	2.3485	2.1285
1.5577	1.2377	1.2291	1.3597	0.6517	1.0237	1.6066	1.3694	1.8734	2.4686	1.6729	1.8010	3.0713	0.9235	1.1404	0.9224	2.1681
1.5580	1.2501	1.2641	1.3563	0.6844	1.0049	1.4488	1.3916	1.8569	2.4262	1.5391	1.8142	3.1003	0.9431	1.1574	0.9563	0.8830
