0.9180	0.0635	0.0025	0.2450	0.2550	0.3475	0.0517	0.1977	0.0850	0.5150	0.0600	0.1800	0.0000	0.1050	0.0309	0.0175	0.4150
0.7860	0.7310	0.2350	0.0000	0.0000	0.2675	0.1379	0.0091	0.0200	0.1925	0.3450	0.0700	0.0000	0.0175	0.0000	0.0000	0.0025
0.2440	0.6194	0.7675	0.0125	0.3825	0.1025	0.1034	0.1477	0.0025	0.0100	0.0175	0.1675	0.0100	0.0000	0.0000	0.2025	0.0450
0.0000	0.4638	0.7525	0.7825	0.0475	0.2375	0.2241	0.1682	0.0175	0.0075	0.0075	0.0000	0.0800	0.2400	0.0206	0.3625	0.2425
0.0700	0.0013	0.5475	0.3750	0.6300	0.2775	0.0862	0.0000	0.0100	0.2800	0.0850	0.0575	0.0000	0.0175	0.0103	0.0000	0.1575
0.0580	0.4996	0.1175	0.2625	0.4400	0.7625	0.0000	0.1614	0.0000	0.0000	0.0000	0.0775	0.1300	0.0325	0.0309	0.0050	0.3500
0.0000	0.4982	0.3825	0.3800	0.3825	0.3875	0.2241	0.0000	0.0000	0.2400	0.2400	0.2400	0.0000	0.2400	0.0000	0.0000	0.0000
0.0000	0.2258	0.3825	0.2375	0.2400	0.2400	0.0000	0.2500	0.3775	0.0000	0.0025	0.3775	0.0000	0.3825	0.0000	0.0000	0.3825
0.0000	0.0326	0.0000	0.2575	0.3775	0.2400	0.2241	0.2500	0.3825	0.0000	0.2400	0.0000	0.0000	0.3775	0.0000	0.3825	0.0000
0.4080	0.0390	0.0000	0.2600	0.2400	0.2400	0.0517	0.2500	0.2400	0.3775	0.0000	0.0000	0.0000	0.3825	0.0000	0.3775	0.0000
0.0000	0.5002	0.0000	0.2425	0.0000	0.2400	0.1724	0.1455	0.2400	0.2400	0.3825	0.0000	0.4400	0.3775	0.0000	0.3775	0.0000
0.0000	0.5000	0.3775	0.0000	0.0000	0.2400	0.2069	0.1477	0.3775	0.2400	0.3775	0.3775	0.0000	0.3775	0.0722	0.0000	0.0000
0.0000	0.5000	0.0000	0.0000	0.0000	0.0000	0.0000	0.2500	0.2400	0.2400	0.3825	0.3825	0.2200	0.3775	0.0000	0.3775	0.0000
0.0000	0.0000	0.0000	0.3775	0.3775	0.0000	0.0517	0.2295	0.3825	0.2400	0.3825	0.3825	0.2200	0.3825	0.0000	0.3775	0.0000
0.0000	0.4972	0.0000	0.3775	0.0800	0.2400	0.0000	0.2318	0.4650	0.2875	0.2125	0.3775	0.2200	0.3825	0.6907	0.3225	0.0000
0.0000	0.5000	0.0000	0.3775	0.3775	0.2400	0.0000	0.1455	0.2400	0.3825	0.3825	0.0000	0.2200	0.3775	0.7010	0.3825	0.0000
0.0000	0.5000	0.3775	0.3825	0.3775	0.2400	0.0000	0.1455	0.3775	0.0000	0.0000	0.0000	0.2200	0.3825	0.7010	0.3825	0.3775
