0.8952	0.0236	0.0031	0.1531	0.0950	0.1045	0.0291	0.0912	0.0522	0.4539	0.0320	0.1033	0.0000	0.0586	0.0210	0.0111	0.2170
0.7658	0.7294	0.0696	0.0000	0.0000	0.1615	0.0452	0.0090	0.0141	0.0811	0.1292	0.0455	0.0000	0.0215	0.0000	0.0000	0.0026
0.1524	0.3942	0.7629	0.0114	0.1844	0.0647	0.1032	0.0515	0.0026	0.0115	0.0105	0.1132	0.0139	0.0000	0.0000	0.0852	0.0271
0.0000	0.1626	0.7283	0.7595	0.0335	0.0960	0.0628	0.0943	0.0134	0.0065	0.0086	0.0000	0.0784	0.1215	0.0222	0.1679	0.1527
0.0464	0.0013	0.4555	0.3191	0.6339	0.1984	0.0451	0.0000	0.0100	0.1044	0.0437	0.0222	0.0000	0.0152	0.0625	0.0000	0.1315
0.0407	0.2223	0.0773	0.1837	0.3360	0.7395	0.0000	0.0910	0.0000	0.0000	0.0000	0.0801	0.1016	0.0314	0.0288	0.0064	0.2269
0.0000	0.3362	0.1386	0.1849	0.1844	0.1942	0.0732	0.0000	0.0000	0.1290	0.1290	0.1290	0.0000	0.1290	0.0000	0.0000	0.0000
0.0000	0.0954	0.1861	0.0821	0.0785	0.1293	0.0000	0.0800	0.1827	0.0000	0.0033	0.1827	0.0000	0.1844	0.0000	0.0000	0.1844
0.0000	0.0374	0.0000	0.1205	0.1827	0.1290	0.0732	0.0800	0.1844	0.0000	0.1290	0.0000	0.0000	0.1827	0.0000	0.1844	0.0000
0.1932	0.0477	0.0000	0.1647	0.1290	0.1290	0.0197	0.0800	0.1290	0.1827	0.0000	0.0000	0.0000	0.1844	0.0000	0.1827	0.0000
0.0000	0.3338	0.0000	0.1337	0.0000	0.1290	0.0588	0.0508	0.1290	0.1290	0.1844	0.0000	0.2037	0.1827	0.0000	0.1827	0.0000
0.0000	0.3333	0.1827	0.0000	0.0000	0.1290	0.0686	0.0515	0.1827	0.1290	0.1827	0.1827	0.0000	0.1827	0.0449	0.0000	0.0000
0.0000	0.3333	0.0000	0.0000	0.0000	0.0000	0.0000	0.0800	0.1290	0.1290	0.1844	0.1844	0.1202	0.1827	0.0000	0.1827	0.0000
0.0000	0.0000	0.0000	0.1827	0.1827	0.0000	0.0197	0.0747	0.1844	0.1290	0.1844	0.1844	0.1202	0.1844	0.0000	0.1827	0.0000
0.0000	0.3427	0.0000	0.1827	0.0491	0.1290	0.0000	0.0785	0.3335	0.2166	0.1239	0.1827	0.1202	0.1883	0.3383	0.1260	0.0000
0.0000	0.3333	0.0000	0.1827	0.1827	0.1290	0.0000	0.0508	0.1290	0.1844	0.1844	0.0000	0.1202	0.1827	0.2747	0.1844	0.0000
0.0000	0.3333	0.1827	0.1844	0.1827	0.1290	0.0000	0.0508	0.1827	0.0000	0.0000	0.0000	0.1202	0.1844	0.2747	0.1844	0.1827
