0.2769	2.0915	2.3545	2.2391	2.0169	2.0535	2.1991	2.1444	2.0643	1.7359	2.0876	2.1226	2.1881	2.0960	2.1497	2.0820	1.9504
1.3509	0.5395	2.4442	2.1400	2.3382	2.2506	2.0962	2.1868	2.1209	1.9558	2.0945	2.0256	2.0340	2.2233	2.2282	2.0411	2.0178
2.0284	1.7429	0.7042	2.1250	2.0765	2.0539	2.0367	2.0199	2.1825	2.5269	2.2426	2.1246	2.2427	2.1600	2.1720	2.0393	1.9753
2.2034	1.9057	1.2698	0.7032	2.2462	1.9922	2.1551	2.0164	2.1583	2.2824	2.0970	2.3635	2.2230	1.9756	2.1685	1.9372	2.1275
2.0219	2.6139	1.7083	1.3975	0.8601	1.9171	2.1579	2.1964	2.0032	2.2986	2.2130	2.4223	2.3956	2.1132	2.3555	2.1327	1.9391
1.9580	2.1310	1.8732	1.6281	1.1698	0.7800	2.3022	2.1228	2.1565	2.2299	2.3079	2.2725	2.0927	2.2353	2.2434	1.9854	1.7300
2.3108	2.1449	1.5436	1.6350	1.7351	1.8874	1.5292	2.1969	2.0962	2.0474	2.0129	2.0179	2.3520	2.1606	2.2088	2.4635	2.0244
2.1254	1.9754	1.8446	1.6910	2.1512	2.1042	2.3196	1.5908	1.8494	2.3640	2.1987	2.2463	2.3653	1.9722	2.2884	1.9115	2.0932
2.1130	2.2102	2.2800	1.8390	1.8209	2.0541	2.0504	1.6840	1.0815	2.0597	2.2457	2.4324	2.1325	1.8300	2.4978	1.8648	2.3631
1.8954	1.6779	2.4243	1.7856	1.9390	1.9247	1.9478	1.8592	1.2667	1.0815	2.3160	2.3153	2.1088	1.8540	2.4524	1.9383	2.3796
2.2609	1.8345	2.3592	1.7797	1.9350	2.0557	1.8619	1.9774	1.3666	1.2051	1.0815	2.3638	1.9387	1.8869	2.0767	1.9907	2.3511
2.2396	1.6626	1.9538	2.3057	2.2865	2.1376	1.9162	2.0889	2.0103	1.7389	1.2512	1.0817	2.1708	2.0240	2.3419	2.1583	2.4733
2.3858	1.6978	2.1044	1.9367	2.9680	2.7688	2.5890	1.9818	1.8913	1.8649	1.4890	1.1833	1.3464	1.9075	2.0623	1.9787	2.4983
2.3823	1.7386	2.1658	1.5434	2.0181	2.9161	2.5008	1.9462	1.5288	1.6566	1.4164	1.5532	1.5466	1.0814	2.0170	1.8706	2.3076
2.2738	1.4059	2.1998	1.7388	2.2274	2.4837	2.5925	1.9704	1.7624	1.6268	1.8334	2.1288	1.8341	1.4338	0.8649	1.8886	2.3726
2.3411	1.8752	1.9680	1.5242	2.0506	2.3835	2.5896	1.9266	1.7226	1.7834	1.5749	2.4758	1.7584	1.2270	0.8667	1.0806	2.2505
2.0736	1.6692	1.8202	1.5472	1.8226	1.7009	2.2214	1.9650	1.8907	2.4092	2.2431	2.9724	2.1544	1.4203	1.1409	1.1211	1.0811
