0.2874	0.0829	0.0591	0.0401	0.0000	0.0664	0.1016	0.1366	0.0856	0.0618	0.0238	0.1380	0.0548	0.0465	0.0000	0.0866	0.1598
0.0587	0.6881	0.1169	0.0034	0.0005	0.0100	0.0101	0.1358	0.0122	0.0795	0.0390	0.0342	0.0056	0.0300	0.0148	0.1102	0.0743
0.0513	0.0576	0.6774	0.0843	0.0015	0.0144	0.0000	0.0220	0.0782	0.0775	0.0529	0.1263	0.0000	0.1554	0.0167	0.0000	0.1351
0.0553	0.0000	0.0890	0.7101	0.0001	0.0000	0.0273	0.0273	0.0665	0.0721	0.0181	0.0397	0.0428	0.0990	0.0244	0.0352	0.0033
0.0701	0.0853	0.0669	0.0487	0.6914	0.0602	0.0054	0.0327	0.0667	0.0700	0.1163	0.0653	0.0208	0.0000	0.0805	0.0204	0.1039
0.0267	0.0586	0.0797	0.0085	0.0007	0.6836	0.0268	0.0532	0.0970	0.0747	0.0998	0.0892	0.0000	0.0340	0.0000	0.0000	0.1200
0.0588	0.0600	0.0217	0.0561	0.0006	0.0000	0.7086	0.0320	0.0471	0.0609	0.0000	0.0494	0.0090	0.1273	0.0000	0.0034	0.1084
0.0256	0.1121	0.0026	0.0951	0.0036	0.0076	0.0591	0.7057	0.0324	0.0618	0.0182	0.0334	0.0820	0.0000	0.0000	0.0000	0.0531
0.0420	0.0628	0.0221	0.0606	0.0028	0.0931	0.0243	0.0598	0.6764	0.0634	0.0000	0.1455	0.0134	0.0211	0.0766	0.0800	0.1783
0.0985	0.0533	0.0999	0.0644	0.0342	0.0618	0.0453	0.0079	0.0575	0.6263	0.0262	0.1445	0.0079	0.0812	0.0407	0.0836	0.1462
0.0641	0.0184	0.1111	0.0071	0.0050	0.0772	0.0016	0.0084	0.1202	0.0457	0.6478	0.1741	0.0079	0.0169	0.0000	0.0558	0.0246
0.0351	0.0078	0.1373	0.0455	0.0012	0.0739	0.1125	0.0000	0.1255	0.0912	0.0000	0.7102	0.0135	0.0500	0.0000	0.0633	0.1565
0.0581	0.0914	0.0551	0.0171	0.0002	0.0790	0.0394	0.0430	0.1204	0.0841	0.0606	0.0686	0.6745	0.0389	0.0407	0.0412	0.1056
0.0556	0.0716	0.1292	0.0941	0.0006	0.0000	0.0407	0.0000	0.0607	0.0747	0.0000	0.1827	0.0318	0.2747	0.0000	0.0169	0.1551
0.0555	0.0565	0.0955	0.0502	0.0005	0.0000	0.0000	0.0061	0.1854	0.0747	0.0056	0.0979	0.0360	0.0297	0.4026	0.1113	0.1891
0.0757	0.0042	0.0379	0.0153	0.0000	0.0000	0.0487	0.0000	0.0862	0.1024	0.0193	0.1086	0.0000	0.0646	0.0733	0.7248	0.1078
0.0379	0.0449	0.0819	0.0000	0.0075	0.0789	0.0643	0.0000	0.0904	0.0623	0.0000	0.1773	0.0308	0.0800	0.0000	0.0648	0.6661
