0.4483	0.2225	0.0700	0.0575	0.0001	0.1550	0.2800	0.3750	0.1425	0.0636	0.0250	0.2825	0.0960	0.0619	0.0000	0.1975	0.3450
0.0517	0.7025	0.1450	0.0025	0.0008	0.0125	0.0150	0.3600	0.0100	0.1591	0.0450	0.0650	0.0060	0.0619	0.0300	0.3775	0.1575
0.1379	0.1175	0.6900	0.1525	0.0018	0.0225	0.0000	0.0325	0.2400	0.2227	0.0850	0.2075	0.0000	0.4845	0.0100	0.0000	0.1775
0.1034	0.0000	0.2400	0.7200	0.0002	0.0000	0.0450	0.0950	0.1625	0.2318	0.0200	0.0475	0.1300	0.2680	0.0300	0.0425	0.0025
0.1379	0.1825	0.1900	0.0850	0.6914	0.1525	0.0075	0.0450	0.1125	0.2114	0.2450	0.2200	0.0420	0.0000	0.1400	0.0225	0.3075
0.0345	0.1225	0.1825	0.0075	0.0014	0.6950	0.0625	0.2025	0.2400	0.2295	0.2450	0.2525	0.0000	0.0722	0.0000	0.0000	0.2625
0.1724	0.1050	0.0225	0.0900	0.0007	0.0000	0.7225	0.0475	0.0925	0.2227	0.0000	0.0775	0.0140	0.3196	0.0000	0.0025	0.3700
0.0172	0.3750	0.0025	0.2350	0.0074	0.0075	0.0475	0.7125	0.0525	0.2273	0.0150	0.0500	0.1620	0.0000	0.0000	0.0000	0.0850
0.0862	0.0750	0.0200	0.1750	0.0035	0.1525	0.0575	0.1200	0.6900	0.2205	0.0000	0.3725	0.0100	0.0412	0.2000	0.1150	0.3150
0.1724	0.1075	0.2500	0.1100	0.0928	0.1325	0.0850	0.0100	0.1850	0.6068	0.0475	0.3175	0.0120	0.1443	0.0600	0.1900	0.2975
0.1034	0.0175	0.2050	0.0050	0.0091	0.2075	0.0025	0.0075	0.0900	0.1205	0.6575	0.2450	0.0040	0.0309	0.0000	0.0900	0.0175
0.1034	0.0100	0.3775	0.0625	0.0022	0.1800	0.1075	0.0000	0.2275	0.2318	0.0000	0.7175	0.0120	0.0309	0.0000	0.1300	0.2775
0.0862	0.2700	0.1000	0.0250	0.0005	0.2050	0.0775	0.0600	0.2700	0.1955	0.1275	0.1750	0.7400	0.0928	0.0600	0.0725	0.2475
0.0690	0.2525	0.3425	0.2300	0.0010	0.0000	0.0675	0.0000	0.0975	0.2295	0.0000	0.3775	0.0480	0.7010	0.0000	0.0225	0.2975
0.0862	0.0475	0.3425	0.1525	0.0007	0.0000	0.0000	0.0075	0.2725	0.2295	0.0050	0.2300	0.0620	0.0825	0.4700	0.1975	0.3600
0.2241	0.0050	0.0625	0.0225	0.0000	0.0000	0.1700	0.0000	0.2050	0.1386	0.0275	0.3225	0.0000	0.1959	0.2200	0.7350	0.3500
0.0862	0.1000	0.2175	0.0000	0.0139	0.1725	0.2750	0.0000	0.2975	0.2295	0.0000	0.4550	0.0240	0.0206	0.0000	0.1550	0.6775
