0.1454	0.0000	0.0000	0.0000	0.0000	0.0000	0.0000	0.0000	0.0000	0.0000	0.0000	0.0000	0.0000	0.0000	0.0000	0.0000	0.0000
0.0732	0.4441	0.0000	0.0000	0.0000	0.0000	0.0000	0.0000	0.0000	0.0000	0.0000	0.0000	0.0000	0.0000	0.0000	0.0000	0.0000
0.0000	0.1570	0.2863	0.0000	0.0000	0.0000	0.0000	0.0000	0.0000	0.0000	0.0000	0.0000	0.0000	0.0000	0.0000	0.0000	0.0000
0.0571	0.1233	0.2857	0.2877	0.0000	0.0000	0.0000	0.0000	0.0000	0.0000	0.0000	0.0000	0.0000	0.0000	0.0000	0.0000	0.0000
0.0000	0.0000	0.0000	0.0000	0.3333	0.0000	0.0000	0.0000	0.0000	0.0000	0.0000	0.0000	0.0000	0.0000	0.0000	0.0000	0.0000
0.0000	0.0000	0.1844	0.1827	0.3333	0.1844	0.0000	0.0000	0.0000	0.0000	0.0000	0.0000	0.0000	0.0000	0.0000	0.0000	0.0000
0.0000	0.0000	0.1844	0.0000	0.3333	0.1827	0.1844	0.0000	0.0000	0.0000	0.0000	0.0000	0.0000	0.0000	0.0000	0.0000	0.0000
0.0000	0.0000	0.1827	0.1290	0.3333	0.1827	0.1827	0.1844	0.0000	0.0000	0.0000	0.0000	0.0000	0.0000	0.0000	0.0000	0.0000
0.0000	0.0000	0.1844	0.1290	0.3333	0.1827	0.1827	0.1844	0.1844	0.0000	0.0000	0.0000	0.0000	0.0000	0.0000	0.0000	0.0000
0.0000	0.0000	0.1844	0.0000	0.3333	0.1827	0.1827	0.1844	0.1827	0.0800	0.0000	0.0000	0.0000	0.0000	0.0000	0.0000	0.0000
0.0000	0.0000	0.1844	0.1827	0.3333	0.1827	0.1827	0.1844	0.1827	0.0800	0.1827	0.0000	0.0000	0.0000	0.0000	0.0000	0.0000
0.0000	0.0000	0.1844	0.1827	0.3333	0.1827	0.1827	0.1844	0.1290	0.0800	0.1844	0.1827	0.0000	0.0000	0.0000	0.0000	0.0000
0.0000	0.0000	0.1827	0.1844	0.0000	0.0000	0.0000	0.1827	0.1844	0.0800	0.1827	0.1844	0.1959	0.0000	0.0000	0.0000	0.0000
0.0000	0.1844	0.1844	0.1827	0.0000	0.1827	0.0000	0.1827	0.1827	0.0800	0.1827	0.1844	0.1959	0.2747	0.0000	0.0000	0.0000
0.0000	0.1844	0.1844	0.1827	0.3333	0.1827	0.0000	0.1844	0.1290	0.0515	0.1827	0.1827	0.1959	0.2747	0.1692	0.0000	0.0000
0.0000	0.1844	0.1844	0.1290	0.0000	0.1827	0.1290	0.1827	0.1827	0.0800	0.1827	0.1844	0.1959	0.2747	0.2037	0.1844	0.0000
0.0000	0.1844	0.1844	0.1827	0.0000	0.1827	0.1290	0.1827	0.1827	0.0800	0.1827	0.1827	0.1959	0.2747	0.2037	0.1827	0.1844
