0.2931	0.0000	0.0000	0.0000	0.0000	0.0000	0.0000	0.0000	0.0000	0.0000	0.0000	0.0000	0.0000	0.0000	0.0000	0.0000	0.0000
0.2241	0.5850	0.0000	0.0000	0.0000	0.0000	0.0000	0.0000	0.0000	0.0000	0.0000	0.0000	0.0000	0.0000	0.0000	0.0000	0.0000
0.0000	0.3500	0.4350	0.0000	0.0000	0.0000	0.0000	0.0000	0.0000	0.0000	0.0000	0.0000	0.0000	0.0000	0.0000	0.0000	0.0000
0.2069	0.1825	0.4375	0.4375	0.0000	0.0000	0.0000	0.0000	0.0000	0.0000	0.0000	0.0000	0.0000	0.0000	0.0000	0.0000	0.0000
0.0000	0.0000	0.0000	0.0000	0.5000	0.0000	0.0000	0.0000	0.0000	0.0000	0.0000	0.0000	0.0000	0.0000	0.0000	0.0000	0.0000
0.0000	0.0000	0.3825	0.3775	0.5000	0.3825	0.0000	0.0000	0.0000	0.0000	0.0000	0.0000	0.0000	0.0000	0.0000	0.0000	0.0000
0.0000	0.0000	0.3825	0.0000	0.5000	0.3775	0.3825	0.0000	0.0000	0.0000	0.0000	0.0000	0.0000	0.0000	0.0000	0.0000	0.0000
0.0000	0.0000	0.3775	0.2400	0.5000	0.3775	0.3775	0.3825	0.0000	0.0000	0.0000	0.0000	0.0000	0.0000	0.0000	0.0000	0.0000
0.0000	0.0000	0.3825	0.2400	0.5000	0.3775	0.3775	0.3825	0.3825	0.0000	0.0000	0.0000	0.0000	0.0000	0.0000	0.0000	0.0000
0.0000	0.0000	0.3825	0.0000	0.5000	0.3775	0.3775	0.3825	0.3775	0.2500	0.0000	0.0000	0.0000	0.0000	0.0000	0.0000	0.0000
0.0000	0.0000	0.3825	0.3775	0.5000	0.3775	0.3775	0.3825	0.3775	0.2500	0.3775	0.0000	0.0000	0.0000	0.0000	0.0000	0.0000
0.0000	0.0000	0.3825	0.3775	0.5000	0.3775	0.3775	0.3825	0.2400	0.2500	0.3825	0.3775	0.0000	0.0000	0.0000	0.0000	0.0000
0.0000	0.0000	0.3775	0.3825	0.0000	0.0000	0.0000	0.3775	0.3825	0.2500	0.3775	0.3825	0.4160	0.0000	0.0000	0.0000	0.0000
0.0000	0.3825	0.3825	0.3775	0.0000	0.3775	0.0000	0.3775	0.3775	0.2500	0.3775	0.3825	0.4160	0.7010	0.0000	0.0000	0.0000
0.0000	0.3825	0.3825	0.3775	0.5000	0.3775	0.0000	0.3825	0.2400	0.1477	0.3775	0.3775	0.4160	0.7010	0.3400	0.0000	0.0000
0.0000	0.3825	0.3825	0.2400	0.0000	0.3775	0.2400	0.3775	0.3775	0.2500	0.3775	0.3825	0.4160	0.7010	0.4400	0.3825	0.0000
0.0000	0.3825	0.3825	0.3775	0.0000	0.3775	0.2400	0.3775	0.3775	0.2500	0.3775	0.3775	0.4160	0.7010	0.4400	0.3775	0.3825
