0.6510	2.0933	2.1738	2.0318	2.0397	2.2004	2.2368	2.0701	2.0926	1.9851	1.9084	2.0585	2.0853	2.0024	2.1760	2.1675	1.9990
0.6621	0.5816	2.1253	2.0714	2.0204	2.2207	2.1225	2.1278	2.1078	2.0900	2.1087	2.0476	2.1940	2.0817	2.3299	2.1526	2.0496
0.6092	0.6098	0.6531	2.0776	2.0130	2.5468	2.1014	2.2339	2.1952	1.9859	2.0902	2.1014	2.3133	2.0994	2.2539	2.0961	2.0775
0.5989	0.6558	0.7339	0.5725	2.0566	2.4754	2.1988	2.2659	2.2101	2.0596	2.0295	2.0633	2.2890	2.0950	2.1372	2.0562	2.2063
0.5863	0.6705	0.8886	0.6039	0.6640	2.4218	2.2664	2.2183	2.1481	2.0843	2.1034	2.1255	2.2472	2.0849	2.1973	2.0457	2.1326
0.6169	0.7381	0.7027	0.6213	0.6551	0.5047	2.2016	2.1918	2.2079	2.1406	2.2013	2.1161	2.1481	2.1792	2.2610	2.1945	2.2564
0.6216	0.7105	0.9038	0.8320	0.7261	0.5988	1.5897	2.0817	2.2086	2.0487	2.0947	2.1582	2.1079	2.2208	2.1320	2.1180	2.1131
0.5419	0.6741	1.0465	0.8735	0.9622	0.6251	1.5092	1.1258	2.1244	2.0422	2.0055	2.1828	2.1695	2.2124	2.0226	2.2040	1.9907
0.6018	0.8479	0.8707	0.8540	0.9377	0.5689	1.5097	1.1747	0.7932	2.0363	1.9460	2.0470	2.3432	2.3378	2.0100	2.3697	2.0453
0.5810	0.8616	0.8295	0.7205	0.8007	0.5501	1.5420	1.1678	0.7886	0.6526	2.0324	2.1452	2.1926	2.3196	2.0277	2.2882	2.0575
0.6375	0.9395	0.9367	0.7840	0.8837	0.5793	1.4651	1.2250	0.8331	0.7057	0.6476	2.1725	2.2133	2.1949	2.1280	2.1136	2.0946
0.7553	1.2649	0.8387	0.7434	0.7752	0.5953	1.4785	1.2780	0.8146	0.7017	0.7013	0.8227	2.1829	2.4021	2.0826	2.1665	1.9946
0.7546	0.8555	0.8815	0.8362	0.8029	0.6200	1.4948	1.2473	0.8881	0.7063	0.7014	0.8294	1.0957	2.3787	1.9583	2.1206	1.9012
0.7074	1.1941	0.8087	0.8326	0.9501	0.5583	1.4944	1.2211	0.8210	0.6923	0.8188	0.8790	1.1249	0.6579	2.0182	2.1848	2.1507
0.6943	1.1133	0.8198	0.8367	0.9586	0.5576	1.4777	1.2335	0.8305	0.6773	0.7169	0.8586	1.1460	0.6498	0.7336	2.2015	1.9868
0.6808	0.8916	0.8207	0.7891	0.8343	0.5586	1.4855	1.2458	0.8538	0.6718	0.6977	0.8691	1.1314	0.6788	0.7401	0.6426	2.0675
0.6665	0.8358	0.7942	0.7211	0.9054	0.5407	1.5136	1.2550	0.8294	0.6772	0.7534	0.8571	1.1082	0.7033	0.7407	0.6660	0.7938
