0.7340	0.1233	0.0125	0.2225	0.0875	0.0225	0.2414	0.1977	0.0900	0.2525	0.3075	0.0900	0.0800	0.2175	0.0722	0.0625	0.2000
0.7280	0.7123	0.0875	0.1425	0.1875	0.0125	0.0517	0.0773	0.0275	0.0625	0.0575	0.0975	0.0000	0.1125	0.0000	0.0375	0.1525
0.7280	0.6957	0.7200	0.1800	0.1050	0.0000	0.1724	0.0182	0.0125	0.2775	0.0775	0.1600	0.0000	0.0475	0.0412	0.1450	0.1975
0.7360	0.6986	0.7075	0.7725	0.0775	0.0025	0.1897	0.0159	0.0125	0.2300	0.1600	0.1500	0.0100	0.0525	0.0619	0.1250	0.1925
0.7560	0.6955	0.6350	0.7625	0.7650	0.0050	0.1897	0.0136	0.0800	0.1400	0.1975	0.0575	0.0100	0.0625	0.0412	0.1450	0.1900
0.7400	0.6774	0.7175	0.7750	0.7500	0.8100	0.2586	0.0295	0.0200	0.1150	0.2150	0.1875	0.0000	0.0525	0.0928	0.0375	0.1200
0.7640	0.6840	0.6250	0.6525	0.7050	0.7900	0.3621	0.1114	0.0250	0.2050	0.2375	0.0525	0.0400	0.0225	0.0619	0.0850	0.1625
0.7720	0.6842	0.6725	0.7525	0.6350	0.7700	0.3966	0.5682	0.0400	0.1550	0.2575	0.0600	0.0800	0.0175	0.1856	0.0275	0.2275
0.7600	0.6438	0.6900	0.6825	0.5800	0.7775	0.4138	0.5455	0.6675	0.1025	0.2600	0.0725	0.0200	0.0000	0.0928	0.0050	0.1475
0.7700	0.6478	0.6750	0.7150	0.6675	0.8050	0.4138	0.5318	0.6725	0.7675	0.2975	0.0875	0.0100	0.0000	0.0619	0.0350	0.1600
0.7520	0.6301	0.6250	0.7100	0.6100	0.7825	0.3793	0.5136	0.6525	0.7400	0.7475	0.1125	0.0200	0.0350	0.0722	0.1500	0.1175
0.7280	0.5782	0.6675	0.7275	0.6825	0.7825	0.3966	0.5023	0.6600	0.7600	0.7225	0.6500	0.0400	0.0075	0.0619	0.0875	0.1625
0.7320	0.6455	0.6550	0.7025	0.6925	0.7700	0.4483	0.5000	0.6175	0.7575	0.7400	0.6325	0.3900	0.0050	0.1546	0.0675	0.2425
0.7260	0.5892	0.6825	0.6575	0.6175	0.7950	0.3966	0.5114	0.6500	0.7725	0.6725	0.6325	0.4400	0.7325	0.1340	0.0375	0.1150
0.7160	0.5998	0.6700	0.6675	0.6000	0.8000	0.4483	0.5136	0.6500	0.7700	0.7025	0.6325	0.3700	0.7175	0.7010	0.0375	0.1975
0.7360	0.6454	0.6625	0.6750	0.6550	0.7925	0.4138	0.5227	0.6625	0.7650	0.7550	0.6400	0.4200	0.7150	0.7010	0.7375	0.0900
0.7440	0.6509	0.6725	0.7000	0.6275	0.8000	0.4310	0.5318	0.6550	0.7700	0.7250	0.6375	0.4200	0.7150	0.6907	0.7425	0.6350
