0.6694	0.0428	0.0085	0.0744	0.0563	0.0150	0.1226	0.0780	0.0566	0.1130	0.1367	0.0584	0.0455	0.1074	0.0476	0.0314	0.0837
0.6146	0.7122	0.0607	0.0644	0.0886	0.0092	0.0937	0.0469	0.0263	0.0327	0.0329	0.0539	0.0000	0.0413	0.0000	0.0198	0.1126
0.6766	0.6948	0.7151	0.0736	0.0644	0.0000	0.1167	0.0205	0.0100	0.0892	0.0391	0.0645	0.0000	0.0271	0.0310	0.0747	0.0628
0.6838	0.6986	0.6970	0.7617	0.0605	0.0016	0.1258	0.0209	0.0101	0.0738	0.0730	0.0549	0.0124	0.0325	0.0351	0.0720	0.0564
0.7267	0.6943	0.6034	0.7546	0.7587	0.0033	0.1111	0.0201	0.0383	0.0656	0.0820	0.0339	0.0110	0.0344	0.0261	0.0855	0.0542
0.6973	0.6687	0.7069	0.7624	0.7363	0.7976	0.1566	0.0329	0.0166	0.0427	0.0579	0.0607	0.0000	0.0268	0.0422	0.0257	0.0505
0.6915	0.6794	0.5941	0.6111	0.6634	0.7612	0.1869	0.0928	0.0166	0.0845	0.0737	0.0295	0.0229	0.0133	0.0317	0.0490	0.0563
0.7231	0.6832	0.6565	0.7144	0.6158	0.7417	0.2037	0.5850	0.0267	0.0718	0.0869	0.0334	0.0430	0.0096	0.0747	0.0215	0.0886
0.7153	0.6193	0.6527	0.6214	0.5451	0.7456	0.2130	0.5525	0.6357	0.0578	0.1435	0.0569	0.0135	0.0000	0.0325	0.0058	0.0707
0.7247	0.6265	0.6589	0.6799	0.6509	0.7841	0.2107	0.5490	0.6602	0.7501	0.1307	0.0464	0.0071	0.0000	0.0260	0.0332	0.0561
0.6911	0.5983	0.5948	0.6536	0.5805	0.7547	0.1895	0.5384	0.6302	0.7214	0.7346	0.0613	0.0141	0.0215	0.0534	0.0720	0.0625
0.6678	0.5049	0.6447	0.6772	0.6672	0.7511	0.2305	0.5263	0.6380	0.7409	0.7083	0.6318	0.0226	0.0056	0.0390	0.0601	0.0579
0.6721	0.6258	0.6310	0.6403	0.6805	0.7303	0.2580	0.5190	0.5948	0.7351	0.7344	0.6148	0.3416	0.0041	0.0579	0.0464	0.1069
0.6813	0.5269	0.6756	0.6242	0.5748	0.7788	0.2027	0.5302	0.6418	0.7597	0.6717	0.6070	0.3995	0.7285	0.0477	0.0342	0.0520
0.6787	0.5454	0.6608	0.6235	0.5426	0.7811	0.2582	0.5348	0.6392	0.7573	0.6997	0.6107	0.3397	0.7106	0.2747	0.0255	0.0779
0.6985	0.6241	0.6491	0.6319	0.6313	0.7727	0.2085	0.5279	0.6534	0.7485	0.7505	0.6151	0.2895	0.7085	0.2747	0.7204	0.0485
0.7037	0.6343	0.6634	0.6789	0.6008	0.7834	0.2481	0.5286	0.6492	0.7565	0.7231	0.6165	0.2309	0.7082	0.2724	0.7327	0.6257
