0.2253	0.0000	0.0000	0.0000	0.0000	0.0000	0.0000	0.0000	0.0000	0.0000	0.0000	0.0000	0.0000	0.0000	0.0000	0.0000	0.0000
0.1325	0.6555	0.0000	0.0000	0.0000	0.0000	0.0000	0.0000	0.0000	0.0000	0.0000	0.0000	0.0000	0.0000	0.0000	0.0000	0.0000
0.1325	0.6486	0.6121	0.0000	0.0000	0.0000	0.0000	0.0000	0.0000	0.0000	0.0000	0.0000	0.0000	0.0000	0.0000	0.0000	0.0000
0.1039	0.6509	0.6075	0.6215	0.0000	0.0000	0.0000	0.0000	0.0000	0.0000	0.0000	0.0000	0.0000	0.0000	0.0000	0.0000	0.0000
0.1325	0.6630	0.6072	0.6268	0.6569	0.0000	0.0000	0.0000	0.0000	0.0000	0.0000	0.0000	0.0000	0.0000	0.0000	0.0000	0.0000
0.1286	0.6804	0.6308	0.6319	0.6328	0.5827	0.0000	0.0000	0.0000	0.0000	0.0000	0.0000	0.0000	0.0000	0.0000	0.0000	0.0000
0.1286	0.6813	0.6242	0.6313	0.6356	0.5827	0.6791	0.0000	0.0000	0.0000	0.0000	0.0000	0.0000	0.0000	0.0000	0.0000	0.0000
0.1286	0.6778	0.6225	0.6310	0.6282	0.5769	0.6834	0.6440	0.0000	0.0000	0.0000	0.0000	0.0000	0.0000	0.0000	0.0000	0.0000
0.1286	0.6850	0.6020	0.6199	0.6127	0.5622	0.6880	0.6396	0.6133	0.0000	0.0000	0.0000	0.0000	0.0000	0.0000	0.0000	0.0000
0.1286	0.6802	0.5968	0.6160	0.6301	0.5480	0.6897	0.6390	0.6074	0.3379	0.0000	0.0000	0.0000	0.0000	0.0000	0.0000	0.0000
0.1299	0.6848	0.5931	0.6221	0.6280	0.5623	0.6838	0.6372	0.5919	0.3455	0.5700	0.0000	0.0000	0.0000	0.0000	0.0000	0.0000
0.1299	0.6845	0.5930	0.6191	0.6077	0.5630	0.6816	0.6385	0.5908	0.3348	0.5868	0.5961	0.0000	0.0000	0.0000	0.0000	0.0000
0.1299	0.6845	0.5924	0.6317	0.5732	0.5688	0.6821	0.6342	0.5968	0.3495	0.5788	0.6016	0.5056	0.0000	0.0000	0.0000	0.0000
0.1526	0.6838	0.5762	0.6254	0.5408	0.5636	0.6716	0.6316	0.5840	0.3611	0.5589	0.6109	0.4971	0.2700	0.0000	0.0000	0.0000
0.1552	0.6786	0.5606	0.6074	0.5833	0.5502	0.6867	0.6318	0.5582	0.3505	0.5464	0.6083	0.4766	0.2764	0.2360	0.0000	0.0000
0.1763	0.6807	0.5515	0.6044	0.5759	0.5424	0.6791	0.6373	0.5765	0.3520	0.5511	0.5873	0.4810	0.2764	0.2576	0.6339	0.0000
0.1749	0.6880	0.5404	0.6220	0.6061	0.5455	0.6743	0.6265	0.5601	0.3274	0.5672	0.6210	0.4626	0.2881	0.3295	0.6222	0.6040
