1.3695	0.0000	0.0000	0.0000	0.0000	0.0000	0.0000	0.0000	0.0000	0.0000	0.0000	0.0000	0.0000	0.0000	0.0000	0.0000	0.0000
3.9586	32.1463	0.0000	0.0000	0.0000	0.0000	0.0000	0.0000	0.0000	0.0000	0.0000	0.0000	0.0000	0.0000	0.0000	0.0000	0.0000
3.9423	33.9699	0.9211	0.0000	0.0000	0.0000	0.0000	0.0000	0.0000	0.0000	0.0000	0.0000	0.0000	0.0000	0.0000	0.0000	0.0000
3.8549	33.5005	0.9223	0.9515	0.0000	0.0000	0.0000	0.0000	0.0000	0.0000	0.0000	0.0000	0.0000	0.0000	0.0000	0.0000	0.0000
3.6856	28.2337	0.9248	0.9741	0.6196	0.0000	0.0000	0.0000	0.0000	0.0000	0.0000	0.0000	0.0000	0.0000	0.0000	0.0000	0.0000
3.8583	58.2665	0.9362	0.9988	0.6314	3.4959	0.0000	0.0000	0.0000	0.0000	0.0000	0.0000	0.0000	0.0000	0.0000	0.0000	0.0000
3.7019	57.5071	0.9285	0.9845	0.6289	3.4679	0.8781	0.0000	0.0000	0.0000	0.0000	0.0000	0.0000	0.0000	0.0000	0.0000	0.0000
3.4928	57.0606	0.9267	0.9923	0.6344	3.4853	0.8779	0.8377	0.0000	0.0000	0.0000	0.0000	0.0000	0.0000	0.0000	0.0000	0.0000
3.2246	56.2741	0.9364	1.0013	0.6415	3.4900	0.8802	0.8370	0.9068	0.0000	0.0000	0.0000	0.0000	0.0000	0.0000	0.0000	0.0000
3.2667	56.1319	0.9436	1.0034	0.6329	3.4923	0.8780	0.8350	0.9079	1.4504	0.0000	0.0000	0.0000	0.0000	0.0000	0.0000	0.0000
3.1198	55.8813	0.9414	0.9981	0.6350	3.5074	0.8801	0.8360	0.9123	1.4562	0.8896	0.0000	0.0000	0.0000	0.0000	0.0000	0.0000
3.0943	55.5518	0.9345	0.9933	0.6463	3.5057	0.8777	0.8344	0.9172	1.4625	0.8867	0.8688	0.0000	0.0000	0.0000	0.0000	0.0000
3.0782	55.5020	0.9311	0.9876	0.6615	3.4997	0.8780	0.8306	0.9124	1.4624	0.8851	0.8606	0.9109	0.0000	0.0000	0.0000	0.0000
2.6964	54.8960	0.9578	0.9991	0.6798	3.4750	0.8823	0.8347	0.9236	1.4710	0.8852	0.8594	0.9111	1.5759	0.0000	0.0000	0.0000
2.4643	60.4950	1.1510	1.0534	0.6649	3.5857	0.8907	0.8357	1.0210	1.4787	1.2309	0.8612	0.9522	11.4773	3.5608	0.0000	0.0000
2.3060	59.9006	1.1440	1.0519	0.6690	3.5252	0.8948	0.8335	1.0235	1.4814	1.2292	0.8701	0.9337	11.4400	3.5453	0.8604	0.0000
2.4079	54.1717	1.0549	1.0083	0.6571	3.4300	0.8943	0.8366	0.9508	1.4817	0.9207	0.8652	0.9719	1.7026	1.0965	0.8624	0.9180
