0.8580	0.0362	0.1875	0.0250	0.0025	0.0600	0.0517	0.2159	0.0025	0.1475	0.3000	0.3550	0.0100	0.2825	0.1031	0.2300	0.0050
0.8440	0.7211	0.2350	0.0100	0.1350	0.0600	0.0862	0.1682	0.0225	0.0500	0.2975	0.3300	0.1700	0.0425	0.1237	0.0425	0.2225
0.8380	0.7033	0.7325	0.0525	0.1250	0.0325	0.0690	0.1977	0.0250	0.0150	0.1750	0.1725	0.0200	0.0075	0.2268	0.0025	0.0275
0.8620	0.7110	0.6950	0.8200	0.0750	0.0025	0.0690	0.2636	0.0475	0.0025	0.1150	0.2175	0.0400	0.0275	0.3299	0.0725	0.1000
0.8520	0.7131	0.7300	0.8125	0.7300	0.0100	0.1034	0.2386	0.0250	0.0000	0.0375	0.1550	0.0100	0.0675	0.2165	0.0900	0.1375
0.8360	0.7139	0.7275	0.8050	0.7225	0.9075	0.1207	0.2318	0.0275	0.0000	0.0500	0.0625	0.0300	0.0925	0.3814	0.1850	0.1350
0.8840	0.7090	0.7425	0.7975	0.6250	0.9125	0.5000	0.2000	0.0125	0.0050	0.0325	0.1500	0.0400	0.1800	0.2784	0.2300	0.2975
0.8680	0.7000	0.7225	0.7875	0.6175	0.9000	0.5345	0.6955	0.0225	0.0250	0.0150	0.0400	0.0900	0.1450	0.2062	0.1500	0.1675
0.8660	0.6996	0.7400	0.7725	0.5400	0.9025	0.5000	0.6955	0.7525	0.0850	0.0225	0.2075	0.0100	0.0450	0.0309	0.0425	0.0475
0.8740	0.6688	0.7775	0.7725	0.6500	0.9025	0.5345	0.7000	0.7375	0.8350	0.0000	0.1300	0.1000	0.1575	0.0412	0.0675	0.0650
0.8720	0.6849	0.7375	0.7950	0.6650	0.9050	0.5345	0.6545	0.7550	0.8125	0.7550	0.1525	0.0400	0.1575	0.0928	0.0575	0.0700
0.8740	0.6814	0.7025	0.8100	0.6575	0.9000	0.5345	0.6500	0.7600	0.8175	0.7600	0.7525	0.0300	0.0850	0.0412	0.0400	0.0200
0.8740	0.6855	0.6950	0.8100	0.5075	0.9050	0.5345	0.6545	0.7525	0.8100	0.7650	0.7900	0.3800	0.0750	0.0206	0.0675	0.0175
0.8580	0.6939	0.7300	0.8125	0.5850	0.8975	0.5172	0.6545	0.7650	0.7825	0.7500	0.7750	0.4500	0.7350	0.0515	0.0475	0.0550
0.8660	0.6971	0.7475	0.8075	0.6200	0.9000	0.4655	0.6750	0.7400	0.7775	0.7325	0.7625	0.3700	0.7250	0.6701	0.0325	0.0400
0.8560	0.6921	0.7475	0.8150	0.6450	0.8900	0.4828	0.6341	0.7775	0.7925	0.7350	0.7400	0.3400	0.7100	0.6804	0.8325	0.0475
0.8400	0.6558	0.7700	0.8025	0.6525	0.8850	0.4828	0.6295	0.7550	0.8175	0.7050	0.7350	0.3400	0.6850	0.6804	0.8275	0.7150
