0.8056	0.0186	0.0863	0.0161	0.0022	0.0539	0.0449	0.1186	0.0022	0.0674	0.0950	0.1184	0.0106	0.1479	0.0476	0.0613	0.0032
0.8048	0.7205	0.0961	0.0067	0.0508	0.0415	0.0338	0.0943	0.0156	0.0273	0.0878	0.0791	0.0616	0.0224	0.0658	0.0221	0.0944
0.8143	0.7006	0.7300	0.0222	0.0490	0.0201	0.0619	0.0848	0.0200	0.0105	0.0715	0.0856	0.0124	0.0061	0.0991	0.0014	0.0154
0.8348	0.7105	0.6797	0.8126	0.0386	0.0026	0.0520	0.1144	0.0347	0.0018	0.0563	0.1048	0.0378	0.0190	0.0944	0.0286	0.0487
0.8269	0.7128	0.7218	0.8006	0.7244	0.0080	0.0435	0.0936	0.0212	0.0000	0.0253	0.0642	0.0106	0.0441	0.0714	0.0340	0.0633
0.8078	0.7134	0.7215	0.7958	0.7144	0.8998	0.0530	0.0714	0.0183	0.0000	0.0219	0.0420	0.0238	0.0515	0.1145	0.0557	0.0611
0.8485	0.7079	0.7350	0.7796	0.6060	0.9055	0.3690	0.1232	0.0127	0.0041	0.0224	0.0708	0.0346	0.0756	0.0825	0.0605	0.0820
0.8302	0.6985	0.7163	0.7692	0.5992	0.8925	0.3672	0.6998	0.0222	0.0170	0.0123	0.0297	0.0489	0.0577	0.0797	0.0518	0.0719
0.8289	0.6989	0.7307	0.7509	0.4998	0.8933	0.3271	0.6941	0.7370	0.0302	0.0169	0.0974	0.0053	0.0244	0.0204	0.0214	0.0335
0.8440	0.6532	0.7731	0.7575	0.6352	0.8944	0.3318	0.6973	0.7290	0.8280	0.0000	0.0603	0.0576	0.0548	0.0240	0.0321	0.0407
0.8409	0.6774	0.7285	0.7823	0.6547	0.8979	0.3278	0.6579	0.7484	0.8068	0.7463	0.0525	0.0316	0.0574	0.0480	0.0272	0.0347
0.8399	0.6726	0.6917	0.7984	0.6483	0.8925	0.3770	0.6547	0.7501	0.8104	0.7527	0.7472	0.0260	0.0374	0.0210	0.0216	0.0111
0.8429	0.6790	0.6824	0.7991	0.4457	0.8986	0.3558	0.6573	0.7448	0.8055	0.7546	0.7765	0.2930	0.0523	0.0193	0.0294	0.0130
0.8249	0.6916	0.7210	0.8052	0.5631	0.8904	0.3553	0.6602	0.7551	0.7759	0.7420	0.7656	0.4132	0.7238	0.0315	0.0258	0.0331
0.8345	0.6958	0.7404	0.7960	0.6034	0.8935	0.3505	0.6784	0.7246	0.7698	0.7255	0.7527	0.3446	0.7149	0.4914	0.0235	0.0284
0.8249	0.6886	0.7415	0.8060	0.6323	0.8823	0.3523	0.6411	0.7648	0.7850	0.7258	0.7225	0.3074	0.7061	0.5355	0.8254	0.0285
0.8079	0.6340	0.7629	0.7967	0.6421	0.8809	0.3504	0.6329	0.7416	0.8116	0.7072	0.7149	0.2995	0.6851	0.5357	0.8234	0.7075
