0.3501	2.0180	2.0145	2.2053	2.3359	2.2620	2.1059	2.0842	2.3860	2.2442	1.9943	1.8375	2.2558	2.0481	2.3450	2.1545	2.3416
0.4178	0.5766	1.9810	2.2647	2.1012	2.2418	2.1852	2.0966	2.2539	2.2207	1.9613	1.9650	2.1687	2.1628	2.0815	2.1755	1.9776
0.4009	0.6396	0.6917	2.2460	2.1263	2.3025	2.2583	2.1236	2.2250	2.3740	2.0368	1.9835	2.3595	2.2601	1.9925	2.4373	2.2335
0.3589	0.6773	0.8808	0.5025	2.1700	2.5683	2.3149	2.0283	2.1305	2.5983	2.1084	2.0284	2.2252	2.1821	2.0034	2.3596	2.2077
0.3853	0.6763	0.7622	0.5029	0.7034	2.5477	2.2922	2.0560	2.2211	2.5812	2.2634	2.1366	2.2629	2.0900	1.9948	2.4002	2.1605
0.4202	0.6799	0.6861	0.5091	0.7270	0.2401	2.2783	2.1276	2.2238	2.5672	2.2670	2.2495	2.3061	2.1160	1.9062	2.2971	2.2356
0.3104	0.7043	0.6745	0.5465	0.8842	0.2375	1.4380	2.0522	2.3564	2.4789	2.2610	2.1653	2.2973	2.1757	2.0528	2.2960	2.0699
0.3932	0.6373	0.7831	0.6325	0.9014	0.3784	1.3457	0.8132	2.3038	2.3089	2.3264	2.2020	2.0905	2.0674	2.0688	2.2208	2.0886
0.3475	0.6433	0.6831	0.6093	0.9933	0.3147	1.3775	0.8125	0.6335	2.3137	2.4274	1.9491	2.1748	2.2193	2.1024	2.3736	2.1716
0.3067	0.7823	0.7315	0.6117	0.8287	0.2925	1.3150	0.8313	0.6131	0.4996	2.5495	1.9915	2.1604	2.0928	2.1352	2.3779	2.1867
0.3126	0.7281	0.7743	0.5310	0.8459	0.2775	1.3648	0.9161	0.6217	0.5940	0.6903	2.0179	2.1739	2.1359	2.1207	2.4518	2.2253
0.3283	0.7441	0.8425	0.5095	0.8191	0.2858	1.3334	0.9608	0.6261	0.5652	0.6701	0.6536	2.1995	2.1321	2.2002	2.6335	2.3977
0.3107	0.7253	0.8691	0.5288	1.0728	0.2966	1.3308	0.9189	0.6178	0.6130	0.6699	0.6045	1.1205	2.1325	2.2143	2.5347	2.3750
0.3382	0.6951	0.8122	0.5242	0.9194	0.2899	1.3425	0.9331	0.6279	0.6027	0.6852	0.6183	1.1543	0.6978	2.1837	2.5673	2.1893
0.3359	0.6644	0.7631	0.5786	0.8950	0.3072	1.4372	0.8908	0.6675	0.5840	0.7195	0.6489	1.2427	0.7033	0.7167	2.5645	2.1785
0.3646	0.6853	0.8666	0.6207	0.9118	0.3218	1.4837	0.9880	0.6210	0.5632	0.7156	0.6827	1.3398	0.7488	0.7452	0.5636	2.1863
0.3953	0.8650	0.7986	0.6000	0.8871	0.3363	1.5248	1.0371	0.6625	0.5235	0.7570	0.6952	1.2863	0.8006	0.7450	0.6136	0.6881
