0.7264	0.0275	0.0151	0.0475	0.0914	0.0000	0.1186	0.0035	0.0068	0.0835	0.0670	0.0258	0.1404	0.0593	0.0308	0.0647	0.0000
-0.6788	0.5390	0.1037	0.1620	0.0195	0.0778	-0.1186	-0.0035	0.0706	0.0165	0.0451	0.0173	-0.1365	0.0471	0.0057	0.0283	0.0855
-0.0399	-0.3252	0.6205	-0.1901	0.0308	-0.0012	0.0141	0.0273	-0.0106	0.0330	-0.0575	0.0288	-0.0039	-0.0293	0.1114	-0.0697	0.0100
0.0382	-0.0649	-0.5842	0.7939	0.0063	0.0915	-0.0030	-0.0231	-0.0312	0.0147	0.0919	-0.0719	0.0947	0.1030	-0.1122	0.1988	0.0561
0.0928	-0.0284	-0.0216	-0.3894	0.5699	-0.1348	0.1530	-0.0042	-0.0281	-0.1477	-0.0974	0.0246	0.0644	0.1041	0.0191	-0.0742	-0.1516
-0.1357	-0.0733	0.0604	-0.2426	-0.5325	0.0399	-0.1641	0.0000	-0.0075	0.2037	0.0896	-0.0246	-0.1588	-0.2562	-0.0548	0.0391	0.0000
0.1814	0.0000	-0.0941	0.0014	-0.0027	-0.0046	0.2747	0.0000	0.0000	-0.2037	-0.1387	0.1290	0.3330	0.1564	0.0000	-0.0580	0.0000
0.0000	0.0000	0.0000	0.0000	0.0000	0.0000	0.0000	0.1844	0.0000	0.0000	0.0000	0.0537	0.0000	0.0000	0.0000	0.0000	0.0000
-0.0017	0.0000	0.0961	0.0000	0.0000	0.0000	0.0000	0.0000	0.1844	0.1202	0.0000	0.0017	0.0000	0.0000	0.0000	0.0554	0.1844
-0.1827	-0.0006	0.0000	0.0000	0.0017	0.0046	0.0000	-0.0017	-0.0017	0.0490	0.0000	-0.1844	-0.3333	0.0000	0.1290	0.0000	0.0000
0.0000	0.0006	0.0000	0.0000	0.0000	0.0294	0.0000	-0.0537	0.0000	0.0000	0.1844	0.0000	0.0000	0.0000	0.0000	0.0000	0.0000
0.0000	0.0000	0.0000	0.0000	-0.0017	-0.0294	0.0000	0.0000	0.0000	-0.0490	-0.0017	0.1844	0.3333	0.0000	-0.1290	0.0000	0.0000
0.0000	-0.0232	0.0000	0.0000	0.0000	-0.0046	0.0000	0.0537	-0.0537	0.0490	0.0017	-0.0017	0.0000	-0.1844	0.0000	-0.1844	-0.1844
0.1844	0.0232	-0.0961	0.0000	0.0000	0.0000	0.0000	0.0017	0.0000	0.0345	0.0000	0.0017	0.0000	0.1844	0.1290	0.1844	0.1827
0.0000	-0.0006	0.0000	0.0000	0.0000	0.0000	0.0000	0.0000	0.0000	0.0000	0.0000	0.0000	0.0000	-0.0017	0.0554	0.0000	0.0000
0.0000	0.0006	0.0000	0.0000	0.0000	0.0000	0.0000	-0.0554	0.0000	0.0000	0.0000	-0.0554	0.0000	0.0000	-0.0017	-0.0017	-0.1827
0.0000	-0.0006	0.0961	0.0000	0.0000	0.0000	0.0000	0.0000	0.0537	0.0000	0.0000	0.0554	0.0000	0.0017	-0.0537	0.0017	0.1844
