0.7375	0.0477	0.0120	0.0525	0.1400	0.0000	0.2371	0.0050	0.0075	0.1900	0.0900	0.0375	0.3365	0.2025	0.0325	0.1975	0.0000
0.1050	0.5523	0.2040	0.4075	0.2775	0.0862	0.0000	0.0000	0.0925	0.3000	0.3375	0.0825	0.0060	0.1325	0.0500	0.2750	0.2325
0.0100	0.2477	0.8040	0.0300	0.1700	0.1034	0.0309	0.0300	0.0825	0.2900	0.1450	0.2050	0.0000	0.0675	0.3500	0.0250	0.1550
0.0850	0.2114	0.2520	0.8225	0.3475	0.3793	0.0206	0.0050	0.0475	0.3900	0.3025	0.0000	0.1382	0.3300	0.0550	0.3050	0.2900
0.3800	0.2477	0.1600	0.5300	0.7225	0.0517	0.4330	0.0000	0.0100	0.0000	0.0575	0.0400	0.4358	0.4275	0.0500	0.1725	0.0000
0.0025	0.2295	0.4100	0.2700	0.2725	0.2241	0.0000	0.0000	0.0000	0.4400	0.3800	0.0000	0.0002	0.0225	0.0000	0.3800	0.0000
0.3825	0.2295	0.1760	0.3775	0.3775	0.2069	0.7010	0.0000	0.0000	0.0000	0.0000	0.2400	0.5000	0.3825	0.0000	0.2400	0.0000
0.3825	0.2295	0.1760	0.3775	0.3775	0.2069	0.7010	0.3825	0.0000	0.0000	0.0000	0.3775	0.5000	0.3825	0.0000	0.2400	0.0000
0.3775	0.2295	0.4160	0.3775	0.3775	0.2069	0.7010	0.3825	0.3825	0.2200	0.0000	0.3825	0.5000	0.3825	0.0000	0.3825	0.3825
0.0000	0.2273	0.4160	0.3775	0.3825	0.2241	0.7010	0.3775	0.3775	0.3400	0.0000	0.0000	0.0000	0.3825	0.2400	0.3825	0.3825
0.0000	0.2295	0.4160	0.3775	0.3825	0.3448	0.7010	0.2400	0.3775	0.3400	0.3825	0.0000	0.0000	0.3825	0.2400	0.3825	0.3825
0.0000	0.2295	0.4160	0.3775	0.3775	0.2241	0.7010	0.2400	0.3775	0.2200	0.3775	0.3825	0.5000	0.3825	0.0000	0.3825	0.3825
0.0000	0.1477	0.4160	0.3775	0.3775	0.2069	0.7010	0.3775	0.2400	0.3400	0.3825	0.3775	0.5000	0.0000	0.0000	0.0000	0.0000
0.3825	0.2295	0.1760	0.3775	0.3775	0.2069	0.7010	0.3825	0.2400	0.4400	0.3825	0.3825	0.5000	0.3825	0.2400	0.3825	0.3775
0.3825	0.2273	0.1760	0.3775	0.3775	0.2069	0.7010	0.3825	0.2400	0.4400	0.3825	0.3825	0.5000	0.3775	0.3825	0.3825	0.3775
0.3825	0.2295	0.1760	0.3775	0.3775	0.2069	0.7010	0.2400	0.2400	0.4400	0.3825	0.2400	0.5000	0.3775	0.3775	0.3775	0.0000
0.3825	0.2273	0.4160	0.3775	0.3775	0.2069	0.7010	0.2400	0.3775	0.4400	0.3825	0.3825	0.5000	0.3825	0.2400	0.3825	0.3825
