0.8046	2.3624	2.3956	2.0657	2.1920	2.2083	1.8863	2.3829	2.2366	2.1998	2.1425	2.2822	2.0751	1.9678	2.0444	1.9916	2.3702
2.8757	1.1674	2.0579	1.7760	1.9123	1.9935	2.2177	2.3101	2.1160	1.9114	1.8657	2.0371	2.0511	2.1112	2.2252	1.9142	2.0221
3.5400	1.9893	0.5996	2.2047	2.1300	2.1363	2.6078	2.0773	1.9124	1.8686	2.0479	2.0691	2.2447	2.2255	2.0142	2.1633	1.9487
2.5043	1.8453	1.8033	0.5368	1.9681	1.9467	2.4465	2.5016	2.1084	1.8373	1.8032	2.2984	2.1218	1.9436	2.1422	1.9270	1.9021
1.5401	1.9844	3.0425	1.2100	0.8020	2.2617	1.7387	2.5329	2.2397	2.1270	1.9799	2.1379	1.9284	1.8158	1.9657	1.8828	2.2038
2.9997	1.9189	2.2025	1.6816	1.3529	1.5264	2.4567	2.2173	2.2991	1.8881	1.8362	2.2076	2.5460	2.1561	2.3167	1.9486	2.2212
1.4643	2.0042	3.6992	2.1672	1.6453	1.7430	0.8316	2.3820	2.5053	2.2025	2.2342	1.9099	1.7873	1.7945	2.0696	1.9274	2.2147
1.5994	2.0500	3.1687	1.8972	1.3810	1.7285	0.8498	1.0817	2.4424	2.2459	2.2487	1.8657	1.8102	1.8417	2.1094	2.0492	2.2934
1.9155	1.8506	2.0017	1.9430	1.2802	1.9242	0.8891	1.1226	1.0817	2.1846	2.1786	1.7893	1.6189	2.0291	2.0096	1.9790	2.0775
2.7568	1.8028	1.8022	1.2179	1.1314	1.7101	0.9870	1.2552	1.1287	1.0896	1.9931	2.0400	1.9036	1.8846	2.1045	2.0709	1.8090
3.3525	1.7285	1.7959	1.1304	1.1471	1.5944	1.1047	1.4025	1.1829	1.1150	1.0807	2.0997	2.0407	1.9794	2.2010	1.9118	1.8081
3.4612	1.7569	1.7267	1.3794	1.1660	1.6281	1.0322	1.3087	1.1314	1.1650	1.0957	1.0805	1.6776	2.0155	2.2618	1.8610	2.0516
2.4467	1.9669	1.9947	1.6427	1.6360	1.9968	1.5780	1.6126	1.3935	1.5695	1.5331	1.3416	0.6932	2.1165	1.9679	2.2367	2.0126
1.3511	1.9819	2.1986	1.7959	1.3576	1.7831	0.8413	1.1654	1.1795	1.1987	1.2217	1.1754	0.7050	1.0814	1.9097	1.7780	2.1365
1.1501	1.9879	2.5090	2.0423	1.3081	2.2026	0.8729	1.2957	1.2035	1.4671	1.6091	1.4283	0.7617	1.0944	1.0813	1.7892	2.1403
1.2727	1.9832	3.4923	1.9427	1.2003	1.8828	0.8471	1.2838	1.2165	1.4377	1.3944	1.3529	1.2118	1.1156	1.1269	1.0805	2.2575
1.6905	1.9877	2.3589	1.6992	1.1529	1.6507	0.8942	1.1768	1.1406	1.1065	1.1323	1.1233	0.7164	1.1105	1.1714	1.1166	1.0815
