0.7264	0.0275	0.0151	0.0475	0.0914	0.0000	0.1186	0.0035	0.0068	0.0835	0.0670	0.0258	0.1404	0.0593	0.0308	0.0647	0.0000
0.0476	0.5665	0.1188	0.2095	0.1109	0.0778	0.0000	0.0000	0.0774	0.1000	0.1121	0.0431	0.0039	0.1064	0.0365	0.0930	0.0855
0.0077	0.2413	0.7393	0.0194	0.1417	0.0766	0.0141	0.0273	0.0668	0.1330	0.0546	0.0719	0.0000	0.0771	0.1479	0.0233	0.0955
0.0459	0.1764	0.1551	0.8133	0.1480	0.1681	0.0111	0.0042	0.0356	0.1477	0.1465	0.0000	0.0947	0.1801	0.0357	0.2221	0.1516
0.1387	0.1480	0.1335	0.4239	0.7179	0.0333	0.1641	0.0000	0.0075	0.0000	0.0491	0.0246	0.1591	0.2842	0.0548	0.1479	0.0000
0.0030	0.0747	0.1939	0.1813	0.1854	0.0732	0.0000	0.0000	0.0000	0.2037	0.1387	0.0000	0.0003	0.0280	0.0000	0.1870	0.0000
0.1844	0.0747	0.0998	0.1827	0.1827	0.0686	0.2747	0.0000	0.0000	0.0000	0.0000	0.1290	0.3333	0.1844	0.0000	0.1290	0.0000
0.1844	0.0747	0.0998	0.1827	0.1827	0.0686	0.2747	0.1844	0.0000	0.0000	0.0000	0.1827	0.3333	0.1844	0.0000	0.1290	0.0000
0.1827	0.0747	0.1959	0.1827	0.1827	0.0686	0.2747	0.1844	0.1844	0.1202	0.0000	0.1844	0.3333	0.1844	0.0000	0.1844	0.1844
0.0000	0.0741	0.1959	0.1827	0.1844	0.0732	0.2747	0.1827	0.1827	0.1692	0.0000	0.0000	0.0000	0.1844	0.1290	0.1844	0.1844
0.0000	0.0747	0.1959	0.1827	0.1844	0.1026	0.2747	0.1290	0.1827	0.1692	0.1844	0.0000	0.0000	0.1844	0.1290	0.1844	0.1844
0.0000	0.0747	0.1959	0.1827	0.1827	0.0732	0.2747	0.1290	0.1827	0.1202	0.1827	0.1844	0.3333	0.1844	0.0000	0.1844	0.1844
0.0000	0.0515	0.1959	0.1827	0.1827	0.0686	0.2747	0.1827	0.1290	0.1692	0.1844	0.1827	0.3333	0.0000	0.0000	0.0000	0.0000
0.1844	0.0747	0.0998	0.1827	0.1827	0.0686	0.2747	0.1844	0.1290	0.2037	0.1844	0.1844	0.3333	0.1844	0.1290	0.1844	0.1827
0.1844	0.0741	0.0998	0.1827	0.1827	0.0686	0.2747	0.1844	0.1290	0.2037	0.1844	0.1844	0.3333	0.1827	0.1844	0.1844	0.1827
0.1844	0.0747	0.0998	0.1827	0.1827	0.0686	0.2747	0.1290	0.1290	0.2037	0.1844	0.1290	0.3333	0.1827	0.1827	0.1827	0.0000
0.1844	0.0741	0.1959	0.1827	0.1827	0.0686	0.2747	0.1290	0.1827	0.2037	0.1844	0.1844	0.3333	0.1844	0.1290	0.1844	0.1844
