0.7110	0.1004	0.1095	0.0929	0.0123	0.1354	0.1474	0.1368	0.0499	0.0000	0.0124	0.0821	0.0000	0.0201	0.0851	0.1349	0.0999
0.0905	0.6035	0.2144	0.0468	0.0266	0.0192	0.0524	0.0022	0.0255	0.0000	0.0700	0.0975	0.0000	0.0982	0.1427	0.0893	0.0000
0.0232	0.0741	0.7388	0.1660	0.0366	0.0207	0.0000	0.0086	0.0087	0.0256	0.1147	0.1165	0.0000	0.0173	0.0203	0.1696	0.0573
0.0821	0.0708	0.1460	0.7055	0.2223	0.0734	0.0167	0.0175	0.0019	0.0000	0.0192	0.0128	0.0000	0.0000	0.2348	0.0544	0.0000
0.0160	0.0000	0.1340	0.0264	0.6327	0.0000	0.0449	0.0126	0.0550	0.0359	0.1440	0.0000	0.0000	0.0000	0.0000	0.0784	0.0000
0.1827	0.0626	0.0000	0.0000	0.0000	0.1864	0.0000	0.0000	0.0000	0.0000	0.0000	0.1290	0.0000	0.0000	0.0000	0.0000	0.1844
0.1290	0.0000	0.1959	0.0000	0.1827	0.1026	0.2747	0.0000	0.1827	0.0000	0.1827	0.0000	0.0000	0.0000	0.1844	0.1827	0.0000
0.1435	0.1349	0.0674	0.0340	0.0167	0.0732	0.0000	0.6913	0.0000	0.0000	0.0121	0.1043	0.0004	0.0000	0.0766	0.0000	0.1377
0.0975	0.0383	0.1490	0.0082	0.0000	0.0794	0.0160	0.0093	0.7144	0.0000	0.1137	0.0280	0.0000	0.1300	0.1193	0.0532	0.0477
0.0074	0.0309	0.1932	0.0000	0.2164	0.0000	0.0216	0.0000	0.0205	0.3544	0.1380	0.0330	0.0000	0.1461	0.0000	0.1228	0.0000
0.1290	0.0000	0.1370	0.0000	0.1723	0.0207	0.0422	0.0000	0.0000	0.0000	0.6612	0.0000	0.0000	0.0000	0.0837	0.0243	0.0000
0.0325	0.1220	0.0116	0.0000	0.0000	0.1215	0.0000	0.0625	0.0021	0.0000	0.0000	0.7062	0.0000	0.1629	0.0000	0.0223	0.0743
0.0583	0.0000	0.0826	0.0239	0.1346	0.0732	0.0345	0.0628	0.0697	0.1202	0.2185	0.0067	0.7201	0.1519	0.0000	0.1290	0.0000
0.1426	0.1031	0.1633	0.0000	0.0000	0.0207	0.0453	0.0000	0.1005	0.0000	0.0857	0.1794	0.0000	0.6636	0.1101	0.1290	0.0000
0.0196	0.1277	0.1473	0.2117	0.1683	0.0167	0.0172	0.0000	0.0000	0.0000	0.0220	0.0730	0.0000	0.0000	0.7165	0.1530	0.0064
0.1380	0.1212	0.2740	0.1519	0.0453	0.0000	0.0449	0.0000	0.0106	0.0000	0.0376	0.0888	0.0000	0.0385	0.1290	0.7192	0.0000
0.1501	0.1346	0.1034	0.0000	0.0000	0.0933	0.0000	0.1398	0.0092	0.0000	0.0234	0.1290	0.0000	0.0000	0.1233	0.0000	0.6492
