0.7200	0.2341	0.3500	0.1700	0.0225	0.1552	0.5052	0.3075	0.0650	0.0000	0.0225	0.1475	0.0001	0.0250	0.1525	0.2700	0.1375
0.1975	0.5818	0.3820	0.0750	0.0225	0.0517	0.1134	0.0025	0.0175	0.0000	0.1700	0.2875	0.0000	0.1900	0.2400	0.0775	0.0000
0.0625	0.2273	0.7860	0.1200	0.0425	0.0517	0.0000	0.0100	0.0150	0.0400	0.3650	0.1800	0.0000	0.0350	0.0400	0.2500	0.0800
0.0775	0.0659	0.3900	0.7250	0.3900	0.1724	0.0309	0.0225	0.0025	0.0000	0.0275	0.0150	0.0000	0.0000	0.3200	0.0450	0.0000
0.0175	0.0000	0.3340	0.0275	0.6325	0.0000	0.0722	0.0125	0.0650	0.0300	0.3750	0.0000	0.0000	0.0000	0.0000	0.0775	0.0000
0.3775	0.2295	0.0000	0.0000	0.0000	0.3621	0.0000	0.0000	0.0000	0.0000	0.0000	0.2400	0.0000	0.0000	0.0000	0.0000	0.3825
0.2400	0.0000	0.4160	0.0000	0.3775	0.3448	0.7010	0.0000	0.3775	0.0000	0.3775	0.0000	0.0000	0.0000	0.3825	0.3775	0.0000
0.3725	0.2386	0.3240	0.0500	0.0200	0.2241	0.0000	0.7000	0.0000	0.0000	0.0150	0.2075	0.0006	0.0000	0.2150	0.0000	0.3425
0.2000	0.0659	0.3260	0.0075	0.0000	0.0862	0.0103	0.0125	0.7225	0.0000	0.2825	0.0350	0.0000	0.3150	0.1350	0.1125	0.0950
0.0075	0.0341	0.4080	0.0000	0.3375	0.0000	0.0206	0.0000	0.0350	0.4900	0.3775	0.0725	0.0000	0.3675	0.0000	0.2100	0.0000
0.2400	0.0000	0.3140	0.0000	0.3650	0.0517	0.0722	0.0000	0.0000	0.0000	0.6650	0.0000	0.0000	0.0000	0.1500	0.0350	0.0000
0.0650	0.1955	0.0100	0.0000	0.0000	0.2241	0.0000	0.0800	0.0025	0.0000	0.0000	0.7100	0.0000	0.2175	0.0000	0.0600	0.1375
0.1050	0.0000	0.1640	0.0175	0.3425	0.2241	0.0619	0.0550	0.1625	0.2200	0.3700	0.0050	0.7202	0.2725	0.0000	0.2400	0.0000
0.3650	0.2182	0.3120	0.0000	0.0000	0.0517	0.0722	0.0000	0.1225	0.0000	0.2100	0.3525	0.0000	0.6625	0.1775	0.2400	0.0000
0.0225	0.2318	0.4160	0.3025	0.2750	0.0345	0.0309	0.0000	0.0000	0.0000	0.0425	0.1450	0.0000	0.0000	0.7200	0.1675	0.0075
0.3775	0.2023	0.4360	0.1800	0.0725	0.0000	0.0722	0.0000	0.0100	0.0000	0.0575	0.1350	0.0000	0.0575	0.2400	0.7300	0.0000
0.3625	0.2432	0.1340	0.0000	0.0000	0.2414	0.0000	0.3525	0.0125	0.0000	0.0425	0.2400	0.0000	0.0000	0.2775	0.0000	0.6750
