0.7752	2.0398	2.0337	2.1450	2.3084	2.1727	1.9052	1.9797	2.0693	2.3686	2.2905	2.1554	2.2853	2.3327	1.8656	1.9865	2.0950
2.2781	1.1558	1.8900	2.1931	2.2386	2.3474	2.1461	2.4535	2.1782	2.4512	2.4073	1.9765	2.4185	2.0189	1.9183	1.9653	2.5462
2.3242	2.0131	0.5882	2.2740	2.2813	2.1950	2.4590	2.4087	2.2009	2.2457	2.3509	2.0255	2.3572	2.1795	2.1385	2.0425	2.1164
2.0724	2.0681	2.1131	0.7659	1.9455	2.3270	2.0432	2.3039	2.4805	2.3604	2.5690	2.3317	2.1833	2.2801	1.8405	2.2280	2.5668
2.2972	2.2714	2.2131	2.1739	0.7962	2.3491	2.3708	2.6545	2.2759	1.9616	1.9307	2.5206	2.2338	1.9051	2.2501	2.1826	2.6169
2.0847	2.0650	2.0809	2.2324	2.5933	1.5142	1.8489	1.8571	2.3830	2.3898	2.2786	1.9756	2.2558	2.6458	2.3018	2.2510	1.7457
2.1583	2.2321	2.1956	2.1525	1.8711	2.0722	0.8469	2.3179	2.0854	2.2224	2.0327	2.5707	2.1515	2.3428	1.8861	2.0684	2.3048
2.1519	2.0165	2.0462	2.1565	2.6568	2.0197	2.2214	0.7475	2.1827	2.4198	2.2693	2.0540	2.2239	2.6345	2.0659	2.2533	1.7224
2.0810	2.1537	1.9613	2.7026	2.4468	2.1371	2.2423	2.0708	0.7317	2.3285	2.0839	1.9863	2.1560	1.7707	2.1943	1.9997	2.0482
2.0990	2.2090	2.2607	2.1983	1.9585	2.3506	2.3501	2.2282	2.1606	1.0377	1.8843	2.0721	2.0259	1.7413	2.5125	2.1766	2.0930
2.3282	2.1602	1.9946	2.0940	1.8269	2.1172	1.9446	2.5074	2.2333	2.3762	0.7784	2.2942	1.9835	2.0184	1.9613	2.0316	2.7141
2.2615	2.0284	2.0356	2.2395	2.6953	2.0522	2.1970	2.1383	2.2581	2.2945	2.5128	0.7258	2.1022	2.1140	2.2525	2.1965	1.9992
2.1981	2.3576	2.1789	2.2049	2.0757	2.2219	2.3052	1.9945	2.1296	2.0076	1.9821	2.1210	0.5702	1.8714	2.6999	2.0902	2.0875
2.1400	2.0964	1.9319	2.3298	2.5133	2.3320	2.1054	2.6497	1.9421	2.2820	2.2320	1.9648	2.3670	0.8348	2.1523	1.9109	2.3125
2.2293	2.0031	2.0194	1.9877	2.0009	2.3341	1.9712	2.3853	2.2523	2.4789	2.3256	2.1754	2.4131	2.2226	0.7781	2.0358	2.5345
2.0430	2.0075	1.9224	2.2028	2.2807	2.4809	2.2533	2.3104	2.1267	2.4421	2.3210	2.2248	2.4667	1.9557	2.0642	0.6789	2.4614
2.0518	2.0925	2.1377	2.2342	2.4610	1.8253	1.9047	1.7928	2.2664	2.3807	2.2589	1.9998	2.4027	2.8086	2.0600	2.3741	0.7539
