0.7110	0.1004	0.1095	0.0929	0.0123	0.1354	0.1474	0.1368	0.0499	0.0000	0.0124	0.0821	0.0000	0.0201	0.0851	0.1349	0.0999
-0.6205	0.5031	0.1049	-0.0461	0.0143	-0.1162	-0.0950	-0.1346	-0.0244	0.0000	0.0576	0.0154	0.0000	0.0781	0.0576	-0.0456	-0.0999
-0.0673	-0.5294	0.5244	0.1192	0.0100	0.0015	-0.0524	0.0064	-0.0168	0.0256	0.0447	0.0190	0.0000	-0.0809	-0.1224	0.0803	0.0573
0.0589	-0.0033	-0.5928	0.5395	0.1857	0.0527	0.0167	0.0089	-0.0068	-0.0256	-0.0955	-0.1037	0.0000	-0.0173	0.2145	-0.1152	-0.0573
-0.0661	-0.0708	-0.0120	-0.6791	0.4104	-0.0734	0.0282	-0.0049	0.0531	0.0359	0.1248	-0.0128	0.0000	0.0000	-0.2348	0.0240	0.0000
0.1667	0.0626	-0.1340	-0.0264	-0.6327	0.1864	-0.0449	-0.0126	-0.0550	-0.0359	-0.1440	0.1290	0.0000	0.0000	0.0000	-0.0784	0.1844
-0.0537	-0.0626	0.1959	0.0000	0.1827	-0.0838	0.2747	0.0000	0.1827	0.0000	0.1827	-0.1290	0.0000	0.0000	0.1844	0.1827	-0.1844
0.0145	0.1349	-0.1285	0.0340	-0.1660	-0.0294	-0.2747	0.6913	-0.1827	0.0000	-0.1706	0.1043	0.0004	0.0000	-0.1078	-0.1827	0.1377
-0.0460	-0.0966	0.0816	-0.0258	-0.0167	0.0062	0.0160	-0.6820	0.7144	0.0000	0.1016	-0.0763	-0.0004	0.1300	0.0427	0.0532	-0.0900
-0.0901	-0.0074	0.0442	-0.0082	0.2164	-0.0794	0.0056	-0.0093	-0.6939	0.3544	0.0243	0.0050	0.0000	0.0161	-0.1193	0.0696	-0.0477
0.1216	-0.0309	-0.0562	0.0000	-0.0441	0.0207	0.0206	0.0000	-0.0205	-0.3544	0.5232	-0.0330	0.0000	-0.1461	0.0837	-0.0985	0.0000
-0.0965	0.1220	-0.1254	0.0000	-0.1723	0.1008	-0.0422	0.0625	0.0021	0.0000	-0.6612	0.7062	0.0000	0.1629	-0.0837	-0.0020	0.0743
0.0258	-0.1220	0.0710	0.0239	0.1346	-0.0483	0.0345	0.0003	0.0676	0.1202	0.2185	-0.6995	0.7201	-0.0110	0.0000	0.1067	-0.0743
0.0843	0.1031	0.0807	-0.0239	-0.1346	-0.0525	0.0108	-0.0628	0.0308	-0.1202	-0.1328	0.1727	-0.7201	0.5117	0.1101	0.0000	0.0000
-0.1230	0.0246	-0.0160	0.2117	0.1683	-0.0040	-0.0281	0.0000	-0.1005	0.0000	-0.0637	-0.1064	0.0000	-0.6636	0.6064	0.0240	0.0064
0.1184	-0.0065	0.1267	-0.0598	-0.1230	-0.0167	0.0277	0.0000	0.0106	0.0000	0.0156	0.0158	0.0000	0.0385	-0.5875	0.5662	-0.0064
0.0121	0.0134	-0.1706	-0.1519	-0.0453	0.0933	-0.0449	0.1398	-0.0014	0.0000	-0.0142	0.0402	0.0000	-0.0385	-0.0057	-0.7192	0.6492
