0.7450	0.0091	0.4160	0.0000	0.0075	0.0517	0.3093	0.0475	0.2325	0.0700	0.0300	0.1800	0.2750	0.0000	0.0225	0.0650	0.1700
0.6700	0.7023	0.0420	0.2875	0.0150	0.2241	0.0000	0.2300	0.1925	0.2100	0.1650	0.1925	0.4054	0.2450	0.1200	0.3450	0.0100
0.5050	0.3523	0.9020	0.2875	0.0000	0.1379	0.1959	0.0000	0.1200	0.2300	0.1650	0.1025	0.1471	0.0000	0.1825	0.2200	0.2175
0.3175	0.1682	0.7980	0.8125	0.1700	0.0862	0.2062	0.2700	0.1200	0.0700	0.1375	0.0375	0.5000	0.0050	0.0150	0.1500	0.0100
0.3425	0.0386	0.3720	0.4175	0.7500	0.2931	0.3093	0.0000	0.0725	0.2200	0.0925	0.0875	0.1357	0.0000	0.0000	0.0000	0.2850
0.2400	0.2455	0.7320	0.3775	0.3800	0.4138	0.0000	0.0000	0.0025	0.0000	0.0000	0.3800	0.0608	0.0000	0.2400	0.3775	0.0225
0.3825	0.0000	0.1760	0.2400	0.2400	0.3448	0.7010	0.0000	0.2400	0.0000	0.0000	0.3775	0.0000	0.0000	0.2400	0.0000	0.0000
0.3825	0.2500	0.0000	0.2400	0.2400	0.2241	0.2268	0.3775	0.2400	0.0000	0.0000	0.0000	0.0000	0.0000	0.2400	0.0000	0.0000
0.3775	0.2500	0.0000	0.2400	0.3825	0.2241	0.2268	0.3775	0.3825	0.0000	0.0000	0.3775	0.0000	0.0000	0.3775	0.0000	0.2400
0.3825	0.2500	0.0000	0.0000	0.2400	0.0517	0.0722	0.3775	0.2400	0.3400	0.0000	0.3775	0.0000	0.0000	0.3775	0.0000	0.0000
0.3825	0.2273	0.4160	0.3775	0.0000	0.2241	0.0722	0.3825	0.2400	0.2200	0.3825	0.3775	0.5000	0.0000	0.0000	0.0000	0.2400
0.3675	0.2273	0.4140	0.3775	0.3850	0.2241	0.0722	0.3050	0.4175	0.3400	0.3650	0.3600	0.4451	0.3825	0.0900	0.0025	0.2375
0.0000	0.2273	0.1760	0.0000	0.0000	0.1724	0.7010	0.0000	0.0000	0.3400	0.3825	0.2400	0.5000	0.0000	0.0000	0.2400	0.0000
0.0000	0.2273	0.4160	0.3825	0.0000	0.0000	0.0000	0.0000	0.0000	0.3400	0.2400	0.2400	0.5000	0.3825	0.0000	0.0000	0.0000
0.0000	0.2500	0.4160	0.0000	0.0000	0.1724	0.0000	0.2400	0.3825	0.3400	0.3825	0.2400	0.5000	0.2400	0.3825	0.0000	0.0000
0.2400	0.2273	0.0000	0.0000	0.0000	0.1724	0.7010	0.2400	0.2400	0.2200	0.2400	0.0000	0.5000	0.2400	0.3825	0.3825	0.3775
0.2400	0.0000	0.0000	0.0000	0.2400	0.1724	0.7010	0.0000	0.2400	0.2200	0.2400	0.0000	0.5000	0.0000	0.3775	0.3825	0.3825
