0.7248	0.0093	0.1959	0.0000	0.0069	0.0333	0.0855	0.0204	0.1022	0.0795	0.0317	0.1048	0.1697	0.0000	0.0213	0.0543	0.1241
0.6378	0.7114	0.0232	0.0926	0.0121	0.1209	0.0000	0.0959	0.1184	0.1078	0.0706	0.0898	0.1228	0.0878	0.0673	0.1895	0.0110
0.2541	0.3116	0.8760	0.1335	0.0000	0.0544	0.1274	0.0000	0.0727	0.1334	0.0838	0.0481	0.0679	0.0000	0.0668	0.1239	0.0914
0.1888	0.1140	0.7350	0.8027	0.0832	0.0719	0.1177	0.1224	0.1114	0.0500	0.0876	0.0207	0.3333	0.0023	0.0144	0.1048	0.0082
0.1716	0.0431	0.1779	0.3052	0.7409	0.0989	0.1765	0.0000	0.0306	0.1202	0.0493	0.0669	0.0824	0.0000	0.0000	0.0000	0.1344
0.1290	0.0896	0.5350	0.1827	0.3019	0.2382	0.0000	0.0000	0.0024	0.0000	0.0000	0.1874	0.0596	0.0000	0.1290	0.1827	0.0239
0.1844	0.0000	0.0998	0.1290	0.1290	0.1026	0.2747	0.0000	0.1290	0.0000	0.0000	0.1827	0.0000	0.0000	0.1290	0.0000	0.0000
0.1844	0.0800	0.0000	0.1290	0.1290	0.0732	0.1232	0.1827	0.1290	0.0000	0.0000	0.0000	0.0000	0.0000	0.1290	0.0000	0.0000
0.1827	0.0800	0.0000	0.1290	0.1844	0.0732	0.1232	0.1827	0.1844	0.0000	0.0000	0.1827	0.0000	0.0000	0.1827	0.0000	0.1290
0.1844	0.0800	0.0000	0.0000	0.1290	0.0197	0.0449	0.1827	0.1290	0.1692	0.0000	0.1827	0.0000	0.0000	0.1827	0.0000	0.0000
0.1844	0.0741	0.1959	0.1827	0.0000	0.0732	0.0449	0.1844	0.1290	0.1202	0.1844	0.1827	0.3333	0.0000	0.0000	0.0000	0.1290
0.1792	0.0741	0.1464	0.1827	0.1608	0.0732	0.0449	0.1822	0.2341	0.1692	0.1098	0.1903	0.1309	0.1844	0.0731	0.0032	0.1279
0.0000	0.0741	0.0998	0.0000	0.0000	0.0588	0.2747	0.0000	0.0000	0.1692	0.1844	0.1290	0.3333	0.0000	0.0000	0.1290	0.0000
0.0000	0.0741	0.1959	0.1844	0.0000	0.0000	0.0000	0.0000	0.0000	0.1692	0.1290	0.1290	0.3333	0.1844	0.0000	0.0000	0.0000
0.0000	0.0800	0.1959	0.0000	0.0000	0.0588	0.0000	0.1290	0.1844	0.1692	0.1844	0.1290	0.3333	0.1290	0.1844	0.0000	0.0000
0.1290	0.0741	0.0000	0.0000	0.0000	0.0588	0.2747	0.1290	0.1290	0.1202	0.1290	0.0000	0.3333	0.1290	0.1844	0.1844	0.1827
0.1290	0.0000	0.0000	0.0000	0.1290	0.0588	0.2747	0.0000	0.1290	0.1202	0.1290	0.0000	0.3333	0.0000	0.1827	0.1844	0.1844
