0.7005	2.1612	2.0347	2.1452	2.2264	2.1493	2.0485	2.2893	2.1823	2.0023	2.1525	2.0980	2.2490	2.4035	2.0341	1.9427	2.1879
1.3016	0.9298	2.2644	2.2457	2.2006	1.9769	2.1831	2.0258	2.1749	2.0368	2.0060	2.1136	1.9679	2.1119	2.1753	2.0887	2.3046
1.5665	1.6880	0.3303	1.9394	2.1864	2.1175	1.9168	2.3010	2.0878	1.9449	1.9665	2.0815	1.9339	2.3263	2.1041	2.0042	2.0294
1.7449	1.9578	0.9787	0.6523	2.0309	2.1506	1.9495	2.2763	1.8950	2.0357	2.0312	2.1294	1.8688	2.4948	2.0333	2.2026	2.2362
1.7461	2.0899	1.8337	1.5413	0.7264	2.0119	1.9681	2.2440	2.0250	2.0560	2.0337	2.1011	1.9568	2.2222	2.0932	2.2315	1.9797
2.0261	2.0742	1.6861	1.7748	1.2871	1.4192	2.1430	2.3328	2.0289	2.0997	2.2808	1.9059	2.0696	2.1553	2.0323	1.9238	1.8943
1.8088	2.2400	1.9326	2.0894	1.8896	1.7902	0.8370	2.5176	2.1188	2.2296	2.3565	2.2792	2.1441	2.5265	1.9753	2.0486	2.0483
1.8238	1.9902	2.8129	1.9826	1.7754	2.0226	1.2488	1.0823	2.1538	2.0486	2.3746	2.0900	2.5395	2.1198	1.8902	2.4702	2.1466
2.0113	1.9389	2.2787	1.7819	1.7459	2.0140	1.6301	1.1410	1.0813	2.2898	2.2297	1.9431	2.3246	2.1393	1.7801	2.2593	2.1931
1.6130	1.8329	2.1552	2.0012	1.8408	1.9784	1.8500	1.2384	1.1749	1.1002	2.0213	1.8874	2.2864	2.0829	1.7777	2.0956	2.3040
1.6647	1.8872	1.6342	1.9591	1.9073	1.9788	2.0312	1.6251	1.3146	1.1726	1.0811	1.8521	1.9447	2.0663	1.8096	2.1558	2.0099
1.9950	1.8949	1.8032	1.8788	1.8818	2.0345	2.0396	1.5808	1.3574	1.2501	1.3018	1.0887	1.9093	1.9350	1.9896	2.1162	2.1172
2.1975	1.8243	1.8134	2.0101	2.0872	2.0336	1.7923	2.3698	2.3513	1.8507	1.3652	1.2503	0.6932	2.0443	2.1992	1.9700	2.2137
2.9149	1.8657	2.0561	2.1589	2.4176	2.1767	3.1870	2.0471	2.2787	2.0691	1.5259	1.4375	0.7739	1.0811	2.2333	2.3058	2.2985
2.2872	1.9295	1.7182	2.3157	2.0668	2.0669	2.2127	1.7220	1.6518	1.5676	1.3490	1.5060	0.9733	1.2270	1.0824	2.3102	2.0754
1.6603	1.9546	2.1495	2.5314	2.4179	2.0162	1.5313	2.1905	2.0050	1.7062	1.7690	2.0892	0.9858	1.9591	1.1668	1.0817	2.0831
1.6930	2.2730	2.1575	2.7716	2.0137	1.9451	1.4841	2.1909	2.0552	1.8779	1.9168	2.3869	1.3082	3.1222	1.6733	1.1071	1.0810
