0.3621	0.0025	0.0575	0.0150	0.0024	0.0000	0.0000	0.3725	0.0000	0.0045	0.0000	0.2950	0.0000	0.0000	0.3800	0.0075	0.0000
0.3448	0.6450	0.0350	0.0000	0.3562	0.1475	0.0000	0.3775	0.0100	0.0000	0.0000	0.1600	0.0080	0.0000	0.3500	0.0000	0.0025
0.3621	0.5675	0.6175	0.0000	0.0385	0.0000	0.0000	0.3775	0.0000	0.0114	0.0000	0.3325	0.0000	0.0000	0.3400	0.0000	0.0000
0.3621	0.4550	0.6275	0.6375	0.0014	0.0150	0.0000	0.3675	0.0000	0.0091	0.0000	0.3725	0.0000	0.0000	0.4000	0.0000	0.0000
0.3103	0.4625	0.6175	0.6425	0.6918	0.0700	0.0000	0.3675	0.0000	0.0432	0.0000	0.4050	0.0020	0.0000	0.4200	0.0200	0.0000
0.3276	0.5375	0.6025	0.6225	0.6587	0.6700	0.0000	0.2950	0.0000	0.0000	0.0000	0.3650	0.0020	0.0000	0.4300	0.0000	0.0000
0.3621	0.5300	0.6000	0.5950	0.6722	0.6625	0.6750	0.3800	0.0000	0.0000	0.0000	0.3100	0.0040	0.0000	0.2600	0.0000	0.0050
0.3621	0.5625	0.5800	0.5925	0.6828	0.6525	0.6650	0.6825	0.0000	0.0000	0.0000	0.2800	0.0060	0.0000	0.4000	0.0250	0.0100
0.3966	0.5625	0.5900	0.6000	0.6856	0.6675	0.6575	0.6625	0.6125	0.0455	0.0000	0.1875	0.0020	0.0000	0.4400	0.0450	0.0250
0.4138	0.6125	0.5875	0.6225	0.6847	0.6775	0.6375	0.6625	0.6300	0.3818	0.0000	0.3125	0.0020	0.0000	0.4300	0.1775	0.0525
0.3103	0.6125	0.6125	0.6275	0.6885	0.6600	0.6275	0.6225	0.6175	0.3659	0.6125	0.3775	0.0040	0.0000	0.4400	0.0800	0.0025
0.3103	0.6075	0.6050	0.6250	0.6760	0.6700	0.5900	0.6575	0.6175	0.3841	0.6150	0.6475	0.0080	0.0103	0.4300	0.0025	0.0025
0.2931	0.6250	0.6725	0.6750	0.6848	0.6950	0.5525	0.6650	0.6375	0.4114	0.6300	0.6725	0.5620	0.0103	0.3200	0.0075	0.0000
0.2931	0.6250	0.6775	0.6750	0.6846	0.7000	0.5575	0.6775	0.6400	0.3795	0.6400	0.6550	0.5540	0.7010	0.2600	0.0000	0.0000
0.2931	0.6350	0.6825	0.6675	0.6834	0.6900	0.5450	0.6775	0.6400	0.3886	0.6375	0.6850	0.5540	0.7010	0.4400	0.0275	0.0000
0.2931	0.6350	0.6700	0.6600	0.6820	0.6975	0.5350	0.6750	0.6225	0.4091	0.6150	0.6650	0.5540	0.7010	0.4600	0.6500	0.0000
0.2931	0.6525	0.6825	0.6400	0.6763	0.6650	0.5575	0.6675	0.6150	0.3886	0.5975	0.6575	0.5380	0.7010	0.4700	0.6450	0.6375
