0.6700	0.1614	0.0000	0.0000	0.0025	0.2586	0.2268	0.1325	0.2400	0.0400	0.0800	0.2725	0.0684	0.1975	0.0000	0.1375	0.1775
0.0375	0.5705	0.0120	0.1025	0.0350	0.3276	0.0619	0.1200	0.1100	0.0500	0.0825	0.2750	0.0000	0.1650	0.1775	0.0775	0.0850
0.0725	0.0636	0.7600	0.0450	0.0825	0.2241	0.3814	0.0025	0.2075	0.4000	0.0125	0.4575	0.0048	0.0000	0.0000	0.0800	0.5975
0.0000	0.2045	0.0080	0.6400	0.2850	0.2931	0.0000	0.0000	0.0000	0.3400	0.3700	0.1875	0.0114	0.0000	0.0000	0.4200	0.0000
0.0025	0.1205	0.0000	0.1975	0.6575	0.3276	0.0000	0.0275	0.0000	0.4400	0.1750	0.3450	0.0001	0.1425	0.0000	0.3825	0.1550
0.0000	0.1545	0.0000	0.0000	0.2400	0.3793	0.0000	0.0000	0.2400	0.4400	0.2400	0.3775	0.0000	0.0000	0.0000	0.2400	0.0000
0.0000	0.0000	0.3240	0.4400	0.0000	0.2069	0.7010	0.0000	0.0000	0.2200	0.3825	0.0000	0.0000	0.0000	0.0000	0.3775	0.0000
0.1275	0.1477	0.0020	0.0000	0.2050	0.2241	0.2268	0.6475	0.2000	0.4400	0.0000	0.4225	0.0000	0.3325	0.0000	0.2400	0.1450
0.1375	0.1295	0.0000	0.0675	0.3625	0.1724	0.2268	0.3775	0.6550	0.4300	0.0000	0.2050	0.0000	0.3775	0.0000	0.2400	0.3825
0.3350	0.2477	0.0000	0.2400	0.1750	0.3448	0.0000	0.1525	0.0000	0.3400	0.0200	0.3775	0.0000	0.0675	0.0000	0.2400	0.3825
0.0975	0.0727	0.0820	0.3950	0.4300	0.3448	0.0000	0.0000	0.0000	0.4300	0.6500	0.1125	0.2700	0.0000	0.0000	0.5575	0.0325
0.2800	0.1386	0.0000	0.0150	0.1950	0.2414	0.2062	0.3525	0.2200	0.4100	0.0325	0.7550	0.0000	0.2850	0.0000	0.3325	0.2800
0.2375	0.0091	0.0000	0.2050	0.0175	0.2586	0.1031	0.0075	0.1800	0.0000	0.0900	0.3750	0.7245	0.2225	0.0000	0.3200	0.0000
0.0750	0.1500	0.0000	0.1300	0.0850	0.3448	0.0103	0.3450	0.0000	0.4400	0.1475	0.0900	0.0000	0.6200	0.0000	0.2725	0.2125
0.1725	0.1500	0.0000	0.2425	0.0025	0.3448	0.0206	0.0900	0.2400	0.4400	0.0150	0.3775	0.0000	0.0325	0.7100	0.3550	0.3775
0.0200	0.0409	0.1980	0.1425	0.0525	0.3448	0.0000	0.0150	0.2075	0.4100	0.0375	0.3775	0.0062	0.0000	0.0000	0.6800	0.0125
0.2875	0.1409	0.0600	0.0225	0.3775	0.0000	0.1031	0.3750	0.0000	0.3000	0.0000	0.3625	0.0000	0.3775	0.0000	0.0200	0.6550
