0.7883	2.0987	2.2494	2.6897	2.2968	1.9817	2.3401	2.1407	1.9857	2.1015	2.3911	1.9877	2.0149	2.0087	2.0843	2.3074	1.8883
2.1148	1.1933	2.3465	2.4967	2.1623	1.9244	2.3203	2.1422	2.0273	2.0497	2.2128	1.9877	2.2976	2.0849	2.0732	2.2930	2.1323
2.0869	2.3573	0.6396	2.1248	2.2093	1.9957	1.9349	2.3392	2.0338	1.9749	2.3283	1.8561	2.0891	2.6495	2.0838	2.1333	1.7332
2.4272	2.2462	2.1654	0.8591	2.0790	2.1476	2.3259	2.5542	2.4069	1.9169	2.0509	2.0284	2.1574	2.4892	2.4504	1.9035	2.4141
2.2276	2.0050	2.2396	2.2488	0.7989	2.0354	2.6225	2.2757	2.1756	1.7956	2.0477	2.0670	2.0996	2.0267	2.2667	2.1296	2.1117
2.2609	2.1962	2.1053	2.4733	2.3390	1.5221	2.3188	2.2070	2.0333	2.0338	2.4032	1.8182	1.9879	2.2541	2.0782	2.0327	2.1979
2.2274	2.3861	1.9392	1.9441	2.1904	2.1444	0.8321	2.4372	2.3177	2.2761	1.9997	2.1269	2.0291	2.4667	2.2707	2.2852	2.2822
1.9893	2.0545	2.2177	2.5457	2.1095	2.1161	2.4448	0.8095	1.9808	1.9747	2.5249	1.9300	2.2689	1.8588	2.1427	2.2133	1.9833
2.1276	2.0599	2.2103	2.5732	2.1258	2.0867	2.5279	1.8970	0.7863	1.8434	2.6059	2.1642	2.1016	1.8486	2.2356	1.9683	2.0312
2.1519	1.9950	2.2221	2.3781	2.0841	2.0031	2.6374	2.1881	2.1126	1.0960	2.4800	1.9494	2.2721	2.0244	2.0032	2.4277	1.9851
2.2276	2.1968	2.1056	1.7907	1.9346	2.0087	2.5515	2.6111	2.2418	1.8439	0.8147	2.0442	2.1948	2.4856	2.3275	1.8232	2.2987
2.0324	2.0273	2.2923	2.5335	2.0832	2.0082	2.4519	1.9761	2.0399	2.0234	2.5397	0.7037	2.2396	2.0099	2.1316	2.3339	1.9326
1.9951	2.3191	2.1908	2.3296	2.1714	1.9643	2.0028	2.1154	1.9955	2.2380	2.2972	1.8692	0.5616	1.8965	2.1364	1.9818	2.2564
2.1305	1.9736	2.4392	2.6727	2.1067	1.9549	2.5495	1.9482	2.0965	1.9045	2.3971	2.2402	2.3363	0.8527	2.0842	2.5141	2.0849
2.0575	2.0491	2.1717	2.2870	2.2572	2.0496	2.6622	2.2581	1.9764	1.8224	2.5039	1.9766	2.0730	2.1170	0.7488	2.1235	2.0075
2.2125	2.3248	2.1147	2.0453	2.0621	1.9965	2.5516	2.4572	2.0068	1.9030	2.1632	2.0402	2.2184	2.5245	2.2378	0.8118	2.2970
2.0605	2.0731	2.0878	2.2862	2.2186	2.2801	2.1895	2.0762	2.1427	1.8772	2.4718	1.9668	2.1477	1.8501	2.2121	2.3322	0.8193
