0.2241	0.2400	0.0300	0.0000	0.0000	0.0000	0.0000	0.3450	0.3825	0.2250	0.3825	0.3775	0.0020	0.0000	0.3400	0.0000	0.0000
0.2241	0.4225	0.0000	0.3775	0.0000	0.0000	0.0000	0.3825	0.2500	0.0000	0.0000	0.2900	0.1760	0.0000	0.0000	0.0000	0.0000
0.2241	0.3775	0.4775	0.3575	0.0000	0.0000	0.0000	0.3625	0.3825	0.0000	0.0000	0.3775	0.1680	0.0000	0.0000	0.0000	0.0000
0.2241	0.5275	0.5200	0.5900	0.0000	0.0000	0.0000	0.2475	0.1850	0.0000	0.0025	0.3775	0.1760	0.0000	0.0000	0.0000	0.1025
0.2241	0.4050	0.3775	0.3775	0.6942	0.0000	0.0000	0.3375	0.2275	0.1477	0.0000	0.3450	0.0160	0.0309	0.0300	0.0000	0.1825
0.2241	0.4475	0.3775	0.3775	0.6691	0.5675	0.0000	0.3675	0.2400	0.1477	0.0150	0.3775	0.1340	0.1649	0.0000	0.0000	0.4250
0.2241	0.3750	0.3775	0.4900	0.6621	0.3825	0.6450	0.3825	0.2400	0.1455	0.0000	0.1525	0.1380	0.1753	0.0000	0.0000	0.2300
0.2241	0.3750	0.3775	0.3775	0.5206	0.3825	0.3825	0.3825	0.2175	0.0682	0.0000	0.3775	0.0000	0.0000	0.2300	0.0000	0.0000
0.2241	0.3775	0.3150	0.2125	0.5239	0.3825	0.5050	0.3825	0.6475	0.1932	0.0000	0.3750	0.1700	0.0000	0.0000	0.0000	0.5350
0.2241	0.3500	0.2825	0.3825	0.4574	0.3825	0.4800	0.4000	0.3050	0.4182	0.0000	0.3775	0.0940	0.0000	0.0100	0.0000	0.4575
0.2241	0.4225	0.3775	0.3775	0.5000	0.3825	0.3875	0.4625	0.2175	0.2591	0.6475	0.3775	0.1760	0.0000	0.0200	0.0000	0.3800
0.2241	0.4225	0.3775	0.3775	0.5000	0.3825	0.3875	0.4625	0.2175	0.2591	0.6475	0.3775	0.1760	0.0000	0.0200	0.0000	0.3800
0.2241	0.4225	0.3775	0.3775	0.5000	0.3825	0.3875	0.4625	0.2175	0.2591	0.6475	0.3775	0.1760	0.0000	0.0200	0.0000	0.3800
0.2241	0.4225	0.3775	0.3775	0.5000	0.3825	0.3875	0.4625	0.2175	0.2591	0.6475	0.3775	0.1760	0.0000	0.0200	0.0000	0.3800
0.2241	0.4225	0.3775	0.3775	0.5000	0.3825	0.3875	0.4625	0.2175	0.2591	0.6475	0.3775	0.1760	0.0000	0.0200	0.0000	0.3800
0.2241	0.4225	0.3775	0.3775	0.5000	0.3825	0.3875	0.4625	0.2175	0.2591	0.6475	0.3775	0.1760	0.0000	0.0200	0.0000	0.3800
0.2241	0.4225	0.3775	0.3775	0.5000	0.3825	0.3875	0.4625	0.2175	0.2591	0.6475	0.3775	0.1760	0.0000	0.0200	0.0000	0.3800
