1.6377	2.4748	2.4505	2.4445	2.4855	2.5160	2.4861	2.3858	2.4365	2.4747	2.4435	2.4104	2.5053	2.4938	2.3891	2.5210	2.4257
1.6476	1.2141	2.4941	2.4131	2.4830	2.6164	2.5189	2.3746	2.4221	2.5095	2.4501	2.3881	2.4651	2.5597	2.4325	2.5445	2.4025
1.6803	1.3850	1.2906	2.4463	2.4849	2.5554	2.4912	2.3565	2.4649	2.5155	2.4234	2.3723	2.4808	2.4773	2.4820	2.5179	2.3977
1.6930	1.4406	1.5504	1.3845	2.5216	2.6122	2.5569	2.3707	2.5135	2.4896	2.4223	2.3927	2.4529	2.4844	2.4628	2.5680	2.3095
1.7474	1.5830	1.7753	1.7972	0.5987	2.5901	2.5127	2.3599	2.5181	2.3608	2.3703	2.4481	2.5171	2.4194	2.4431	2.5485	2.3228
1.7246	1.5470	1.6563	1.7708	0.6603	1.5155	2.4414	2.4217	2.5191	2.2991	2.4169	2.5097	2.6047	2.2979	2.5127	2.6182	2.3549
1.6893	1.5162	1.6328	1.7438	0.6887	1.7671	1.4092	2.4172	2.5469	2.2981	2.4326	2.4920	2.6451	2.2751	2.5625	2.5441	2.1919
1.7211	1.4816	1.6085	1.7810	0.7084	1.8132	1.7560	1.4643	2.5394	2.4138	2.4047	2.3512	2.7670	2.2519	2.7773	2.4259	2.2612
1.6626	1.4835	1.6574	1.7623	0.7105	1.8523	1.7619	1.7303	1.4760	2.4814	2.8610	2.0800	2.8739	2.4886	2.8361	2.5242	2.0439
1.6929	1.4697	1.6605	1.7653	0.7266	1.8419	1.7325	1.7383	1.8186	1.5304	2.8679	2.0806	2.8523	2.1267	2.7879	2.8614	2.0811
nan	nan	nan	nan	nan	nan	nan	nan	nan	nan	nan	nan	nan	nan	nan	nan	nan
nan	nan	nan	nan	nan	nan	nan	nan	nan	nan	nan	nan	nan	nan	nan	nan	nan
nan	nan	nan	nan	nan	nan	nan	nan	nan	nan	nan	nan	nan	nan	nan	nan	nan
nan	nan	nan	nan	nan	nan	nan	nan	nan	nan	nan	nan	nan	nan	nan	nan	nan
nan	nan	nan	nan	nan	nan	nan	nan	nan	nan	nan	nan	nan	nan	nan	nan	nan
nan	nan	nan	nan	nan	nan	nan	nan	nan	nan	nan	nan	nan	nan	nan	nan	nan
nan	nan	nan	nan	nan	nan	nan	nan	nan	nan	nan	nan	nan	nan	nan	nan	nan
