1.4604	1.9655	2.2257	2.4777	2.3185	2.1041	2.4284	2.4862	2.3196	2.0720
1.6192	0.7341	2.2661	2.4779	2.4701	2.2665	2.5949	2.3537	2.4301	2.1250
1.6617	1.0047	0.7947	2.1214	2.1668	2.2510	2.3760	2.7809	2.2379	2.2588
2.0554	2.2618	1.3065	0.8588	2.1011	2.0311	2.0139	2.7036	1.9440	2.3045
2.5684	2.9353	2.1042	1.6360	0.6975	2.1395	2.2987	2.7060	2.0404	2.4624
2.4419	3.4409	2.1988	1.3140	0.7668	0.8528	1.9702	2.7008	1.9968	2.3151
2.5233	4.4345	2.5866	1.3641	1.0922	0.8449	0.9045	2.5795	1.9554	2.2716
4.3663	4.6389	4.0798	2.6542	1.6929	1.5590	1.8218	0.8149	2.1155	2.2761
4.3569	4.6150	3.6210	2.2795	0.8305	1.5747	1.7305	1.2747	0.9802	2.2611
3.6381	5.1998	3.9729	2.4000	1.8249	2.0565	2.2432	1.3438	1.1179	2.0236
