0.3222	0.1362	0.0000	0.0000	0.0029	0.0000	0.0770	0.0950	0.0000	0.0796
0.0921	0.7000	0.0333	0.0138	0.0000	0.0000	0.0115	0.0000	0.0030	0.1193
0.1176	0.4501	0.6610	0.0192	0.0330	0.0224	0.0206	0.0000	0.0244	0.0000
0.0583	0.1602	0.3207	0.6335	0.0951	0.1902	0.0655	0.0000	0.1453	0.0000
0.0000	0.1827	0.1364	0.1827	0.3333	0.1290	0.0000	0.0000	0.0000	0.0000
0.0397	0.0209	0.1827	0.2401	0.3808	0.6593	0.1459	0.0000	0.0634	0.0000
0.0527	0.0204	0.0629	0.3153	0.2660	0.6628	0.6921	0.0589	0.2504	0.0076
0.0000	0.0000	0.0000	0.1827	0.2071	0.1521	0.1902	0.6765	0.0541	0.0155
0.0000	0.0000	0.1407	0.1827	0.3333	0.1827	0.1827	0.1844	0.4792	0.0000
0.0000	0.0000	0.0000	0.1277	0.2173	0.1675	0.1131	0.1924	0.3454	0.0535
