0.9132	2.4663	2.5945	2.6052	2.6518	2.6292	2.6656	2.4844	2.6228	2.6348	2.4712	2.6647	2.8622	2.2529	2.6100	2.6481	2.6692
0.9668	1.2902	2.5107	2.7709	2.5338	2.6358	2.6403	2.4318	2.5686	2.6370	2.7379	2.6154	2.7731	2.2010	2.6036	2.6590	2.5602
1.0051	1.4330	0.7593	2.8184	2.5571	2.6122	2.6116	2.4386	2.6482	2.8091	2.6309	2.6591	2.7583	2.4778	2.5816	2.6417	2.4605
0.9384	1.3831	1.2463	0.7117	2.5238	2.5906	2.7281	2.5371	2.7259	2.7890	2.8014	2.6218	2.7179	2.3778	2.6079	2.6327	2.5693
0.9287	1.3725	1.1725	0.7159	0.7405	2.5735	2.7062	2.4858	2.7058	2.8289	2.8118	2.6217	2.8446	2.3632	2.5424	2.6094	2.5966
0.9156	1.3619	1.2233	0.7482	0.7755	1.3903	2.6454	2.5286	2.6899	2.7839	2.7296	2.6406	2.6578	2.4237	2.5337	2.5920	2.5876
0.8949	1.4089	1.3611	0.8965	0.8921	1.4198	0.8236	2.4093	2.6055	2.7461	2.8391	2.6065	2.8840	2.2783	2.5412	2.6708	2.4946
0.8939	1.3356	1.3366	0.8586	0.8188	1.4000	0.8349	0.8337	2.5084	2.7372	2.6407	2.6373	2.9230	2.4383	2.5714	2.6108	2.4238
0.8983	1.3276	1.5055	0.8905	0.9117	1.4859	0.8113	0.9110	0.7665	2.5092	2.6214	2.5382	2.9347	2.6669	2.6289	2.5560	2.5453
0.9410	1.3533	2.0270	1.1737	1.2672	1.6547	0.8043	1.1619	0.8114	1.1611	2.5804	2.5592	2.9236	2.7285	2.6527	2.5389	2.6546
0.9401	1.3791	2.3277	1.3743	1.5565	1.5985	0.8139	1.2998	1.0965	1.1288	0.8798	2.6822	2.9658	2.6981	2.6534	2.6064	2.7486
0.9041	1.3193	1.6843	0.9308	0.9505	1.4800	0.8137	0.9386	0.7825	1.1388	0.8983	0.7910	2.8975	2.6940	2.6639	2.5353	2.5818
0.9554	1.4435	0.7533	0.7546	0.8177	1.7604	0.9458	1.4060	1.3963	1.1914	2.4414	2.5707	0.5953	2.8070	2.6059	2.5837	2.5206
0.9145	1.4026	0.8789	0.7392	0.7664	1.5266	0.8656	1.1457	1.0312	1.1861	1.6647	1.7935	0.7004	0.6554	2.6335	2.6525	2.4923
0.9242	1.3524	0.9722	0.7669	0.8260	1.4338	0.8685	1.1657	0.9536	1.2302	1.5105	1.3534	0.8661	0.7663	0.9046	2.6844	2.4961
0.9092	1.3908	1.0676	0.8048	0.8288	1.4422	0.8467	1.1023	0.8670	1.2324	1.2804	1.1519	0.9808	0.7661	0.9383	0.8309	2.6047
0.9280	1.3961	1.2591	1.0455	1.1129	1.4263	0.8573	1.3089	0.9817	1.2690	1.6700	1.1902	1.2483	1.2728	0.9218	0.9628	0.8966
