0.6475	0.0523	0.0000	0.0175	0.0000	0.1552	0.0000	0.3400	0.0000	0.0200	0.0000	0.0175	0.0000	0.1250	0.0050	0.0000	0.0000
0.6000	0.4909	0.0060	0.0000	0.0000	0.1552	0.0206	0.3175	0.0400	0.1000	0.0000	0.0375	0.0000	0.3150	0.0000	0.0000	0.0000
0.5225	0.4136	0.7260	0.0000	0.0100	0.1552	0.0103	0.0900	0.0150	0.0000	0.0000	0.0300	0.0000	0.2800	0.0000	0.0175	0.1800
0.5850	0.4295	0.6360	0.7400	0.0000	0.1897	0.0000	0.0725	0.0000	0.0600	0.0000	0.0225	0.0000	0.3475	0.0000	0.0000	0.0000
0.5925	0.4250	0.6740	0.7425	0.7300	0.1724	0.0000	0.1750	0.0300	0.0600	0.0000	0.0300	0.0000	0.3375	0.0000	0.0000	0.0075
0.6000	0.4432	0.6720	0.7375	0.7000	0.4828	0.0000	0.2275	0.0125	0.0300	0.0000	0.0625	0.0026	0.2675	0.0000	0.0000	0.0300
0.6125	0.4273	0.6200	0.5975	0.6275	0.3966	0.7010	0.2300	0.0625	0.2200	0.0000	0.0275	0.0000	0.3775	0.0000	0.0000	0.0000
0.6275	0.4477	0.6220	0.6350	0.6675	0.3966	0.7010	0.6925	0.1400	0.0500	0.0000	0.1875	0.0002	0.1075	0.1075	0.0025	0.0350
0.6350	0.4386	0.5820	0.6275	0.6325	0.3621	0.7010	0.6775	0.7075	0.0100	0.0200	0.3450	0.0000	0.0400	0.0075	0.0025	0.0025
0.6225	0.4045	0.5160	0.5400	0.5300	0.3103	0.7010	0.5800	0.6775	0.3900	0.0000	0.1575	0.0000	0.0075	0.0000	0.0000	0.0000
0.6150	0.3909	0.4760	0.5225	0.4975	0.3103	0.7010	0.5050	0.5575	0.4200	0.6325	0.0900	0.0002	0.0000	0.0000	0.0025	0.0000
0.6325	0.4318	0.5580	0.6225	0.6275	0.3621	0.7010	0.6625	0.7300	0.3600	0.6375	0.7250	0.0004	0.0500	0.0000	0.0150	0.0000
0.5900	0.3864	0.7340	0.7375	0.6450	0.3448	0.7010	0.4850	0.5175	0.4300	0.2475	0.2625	0.6853	0.0600	0.0000	0.0000	0.1025
0.6100	0.3955	0.7020	0.7375	0.7025	0.3793	0.7010	0.5850	0.6000	0.3900	0.3825	0.2950	0.6550	0.7650	0.0000	0.0100	0.2175
0.6125	0.4273	0.6580	0.7200	0.7150	0.4483	0.7010	0.5600	0.6300	0.3700	0.4225	0.4950	0.5966	0.7300	0.6350	0.0075	0.1825
0.6050	0.4023	0.6320	0.7000	0.7175	0.4310	0.7010	0.5675	0.6875	0.3100	0.5050	0.5625	0.5857	0.7350	0.6175	0.6750	0.1525
0.5975	0.3932	0.6040	0.6275	0.6100	0.4310	0.7010	0.4725	0.6225	0.3100	0.3850	0.5600	0.5242	0.5800	0.6175	0.5900	0.6625
