0.7699	2.1930	2.4001	2.1358	2.4633	2.2071	1.9696	2.0637	1.9466	2.1332	1.9649	1.9549	2.1317	2.0750	2.0818	1.9445	1.8669
1.1301	1.1810	2.0184	2.1103	2.2467	2.0299	1.9149	1.8114	1.9048	2.1691	2.0470	2.0426	1.8684	2.1143	2.1283	1.9295	1.9435
1.1643	1.9460	0.6850	2.2425	2.2249	2.0735	1.7882	1.5920	2.2072	2.3358	2.1746	2.1930	2.0445	2.1474	2.1176	2.2315	1.7731
1.3233	2.4224	1.1746	0.6406	2.1926	1.9776	2.1752	1.8954	2.1411	2.2062	2.2981	2.2407	2.1640	2.3624	2.1447	2.5996	1.7796
1.9206	2.2462	1.5813	0.8863	0.7432	1.9822	2.2743	2.1262	2.0405	2.3320	2.3930	2.4083	2.0335	2.0831	2.0345	2.2872	1.8416
1.7854	2.5706	1.6969	1.2234	1.1721	1.3684	1.9960	2.1483	2.1397	2.2834	2.3355	2.3165	1.9745	2.0048	2.1444	1.9698	1.9216
1.4848	2.4181	1.8532	1.4717	1.3754	2.1883	0.8136	2.1021	1.8686	2.3976	2.3628	2.3374	1.8671	2.0034	1.9749	1.8730	1.8250
1.1700	1.9999	1.1540	1.2796	1.7014	2.0370	0.8967	0.8396	2.1580	2.1859	2.2119	2.1462	1.8927	2.2367	2.0422	2.1935	1.8316
1.4179	2.4812	1.2170	1.2121	1.2602	1.9473	0.9486	1.5545	0.8956	2.4093	2.1308	2.1184	2.1041	2.3171	1.9918	2.1232	1.6744
1.1818	2.1207	1.1265	1.1608	1.3045	1.8238	1.0556	1.0262	1.0243	1.0667	2.2153	2.1882	1.9689	2.2375	1.9667	2.1972	1.7084
1.1215	2.0836	2.0867	1.2713	1.8640	2.1798	0.9429	1.2377	1.1751	1.1529	0.8367	1.8846	2.1401	2.1185	2.0375	1.9930	1.7321
1.6204	2.0722	2.6706	1.5417	2.5592	2.2659	0.9355	1.8778	1.1658	1.1690	1.1683	0.8855	2.4407	2.2461	1.9609	2.1165	1.7822
1.2373	2.1242	2.1653	2.1004	3.0755	2.9263	1.8186	1.6376	2.3990	2.2843	1.3817	1.8318	0.5785	2.0797	2.0612	1.9647	2.0914
1.3284	1.9377	2.2794	2.2117	2.6080	2.4176	1.4314	1.5527	2.2719	1.9784	1.4125	1.4419	0.8472	0.7963	2.0155	1.9093	1.9880
1.2999	1.7894	2.0571	2.2086	2.7231	2.2810	1.0524	1.8574	1.8214	1.7767	1.4360	1.2586	0.9805	0.8882	0.9273	1.9433	2.0498
1.1795	1.6987	2.1462	2.4325	2.8338	2.6518	1.1786	1.7786	1.8058	1.9222	1.4650	1.5764	0.9519	1.0455	0.9741	0.7773	2.1176
0.9685	1.6769	2.0973	1.9583	2.7435	2.8035	1.2612	1.4480	1.6002	1.3438	1.3731	1.4636	0.8326	1.1193	1.1588	0.9272	0.8942
