0.6784	0.0430	0.0000	0.0246	0.0000	0.0000	0.0000	0.1002	0.0000	0.0000	0.1339	0.0383	0.0000	0.1582	0.0970	0.1844	0.2156
-0.3824	0.5438	0.0062	0.0673	0.0102	0.0891	0.1082	0.1082	0.0734	0.0000	-0.1307	0.0444	0.1174	-0.1250	-0.0347	-0.0457	-0.0879
0.1715	-0.3552	0.7035	-0.0275	0.0029	-0.0138	0.0278	0.5148	0.0034	0.0000	-0.0032	-0.0071	-0.0805	0.1819	-0.0195	-0.1246	0.0945
-0.2422	-0.1796	-0.5096	0.6986	-0.0131	0.0273	-0.0804	-0.6236	0.0934	0.0347	0.0000	-0.0756	0.0158	-0.2084	-0.0271	-0.0141	0.0614
-0.0784	-0.0108	-0.0533	-0.0780	0.7333	0.0000	-0.0556	0.0763	-0.0310	-0.0347	0.0000	0.0000	-0.0436	0.0030	0.0010	0.0000	-0.1490
-0.0493	0.0003	0.0782	-0.2222	-0.2630	0.1654	0.0961	-0.0673	-0.0514	0.0000	0.0198	0.0075	0.0967	0.1195	-0.0078	0.1121	-0.0416
0.0851	0.0093	-0.0291	-0.1878	-0.2876	-0.1948	0.1786	-0.0823	0.0966	0.0000	-0.0198	-0.0075	0.2275	0.0535	0.1201	0.0723	0.0897
0.1798	0.0406	0.3099	-0.0717	-0.0403	0.0000	0.0000	0.6346	-0.0641	0.0000	0.0207	0.0711	-0.2301	-0.1717	-0.0235	-0.0955	0.0699
-0.2245	-0.0236	-0.2946	0.2207	0.1648	0.0011	0.0000	-0.4481	0.4572	0.0000	-0.0060	0.0579	-0.1032	-0.0110	0.0283	0.0049	-0.0271
0.2039	0.0274	0.0789	-0.0160	-0.0615	0.0467	0.0000	-0.0298	-0.1738	0.3927	-0.0147	0.0004	0.1571	0.0000	-0.0809	0.0026	-0.0002
-0.1575	-0.0215	-0.1378	-0.0790	0.0096	-0.0478	0.0000	0.0408	-0.2281	-0.0810	0.6417	-0.0962	-0.1102	0.0236	0.0553	0.0880	0.1359
0.0300	0.0111	-0.0525	-0.0260	-0.2076	-0.0135	0.0000	-0.0850	0.0923	-0.1192	-0.2592	0.6276	-0.0469	-0.0015	0.0745	-0.0469	-0.1520
0.4020	-0.0007	0.0740	-0.1203	0.0706	-0.0022	-0.0807	0.1052	-0.1541	-0.1925	-0.1512	-0.4686	0.7041	-0.0195	-0.1654	-0.0017	-0.1415
-0.2073	0.0753	0.0666	0.0000	0.0150	-0.0115	-0.0122	0.0773	-0.0589	0.1230	0.1169	0.1638	-0.1971	0.7307	0.0291	0.0067	0.0315
-0.0168	-0.0173	-0.0961	-0.0829	-0.1032	0.0272	0.0929	-0.2003	0.1278	-0.0354	-0.1638	-0.2110	-0.1737	-0.0048	0.5700	0.0419	0.0184
-0.0539	0.0837	0.0234	-0.0475	0.1155	0.0000	0.0000	-0.0360	0.0961	0.0338	0.0573	-0.0085	0.0000	-0.4062	0.0228	0.5295	-0.0767
0.1363	0.0321	0.1229	0.0409	-0.0387	-0.0362	0.0000	0.0440	-0.0961	0.1498	-0.0291	0.0345	0.0343	-0.1665	-0.3748	-0.0800	0.6551
