0.6784	0.0430	0.0000	0.0246	0.0000	0.0000	0.0000	0.1002	0.0000	0.0000	0.1339	0.0383	0.0000	0.1582	0.0970	0.1844	0.2156
0.2960	0.5868	0.0062	0.0919	0.0102	0.0891	0.1082	0.2084	0.0734	0.0000	0.0032	0.0827	0.1174	0.0332	0.0623	0.1387	0.1277
0.4675	0.2316	0.7097	0.0644	0.0131	0.0753	0.1360	0.7232	0.0768	0.0000	0.0000	0.0756	0.0369	0.2151	0.0428	0.0141	0.2222
0.2253	0.0520	0.2001	0.7630	0.0000	0.1026	0.0556	0.0996	0.1702	0.0347	0.0000	0.0000	0.0527	0.0067	0.0157	0.0000	0.2836
0.1469	0.0412	0.1468	0.6850	0.7333	0.1026	0.0000	0.1759	0.1392	0.0000	0.0000	0.0000	0.0091	0.0097	0.0167	0.0000	0.1346
0.0976	0.0415	0.2250	0.4628	0.4703	0.2680	0.0961	0.1086	0.0878	0.0000	0.0198	0.0075	0.1058	0.1292	0.0089	0.1121	0.0930
0.1827	0.0508	0.1959	0.2750	0.1827	0.0732	0.2747	0.0263	0.1844	0.0000	0.0000	0.0000	0.3333	0.1827	0.1290	0.1844	0.1827
0.3625	0.0914	0.5058	0.2033	0.1424	0.0732	0.2747	0.6609	0.1203	0.0000	0.0207	0.0711	0.1032	0.0110	0.1055	0.0889	0.2526
0.1380	0.0678	0.2112	0.4240	0.3072	0.0743	0.2747	0.2128	0.5775	0.0000	0.0147	0.1290	0.0000	0.0000	0.1338	0.0938	0.2255
0.3419	0.0952	0.2901	0.4080	0.2457	0.1210	0.2747	0.1830	0.4037	0.3927	0.0000	0.1294	0.1571	0.0000	0.0529	0.0964	0.2253
0.1844	0.0737	0.1523	0.3290	0.2553	0.0732	0.2747	0.2238	0.1756	0.3117	0.6417	0.0332	0.0469	0.0236	0.1082	0.1844	0.3612
0.2144	0.0848	0.0998	0.3030	0.0477	0.0597	0.2747	0.1388	0.2679	0.1925	0.3825	0.6608	0.0000	0.0221	0.1827	0.1375	0.2092
0.6164	0.0841	0.1738	0.1827	0.1183	0.0575	0.1940	0.2440	0.1138	0.0000	0.2313	0.1922	0.7041	0.0026	0.0173	0.1358	0.0677
0.4091	0.1594	0.2404	0.1827	0.1333	0.0460	0.1818	0.3213	0.0549	0.1230	0.3482	0.3560	0.5070	0.7333	0.0464	0.1425	0.0992
0.3923	0.1421	0.1443	0.0998	0.0301	0.0732	0.2747	0.1210	0.1827	0.0876	0.1844	0.1450	0.3333	0.7285	0.6164	0.1844	0.1176
0.3384	0.2258	0.1677	0.0523	0.1456	0.0732	0.2747	0.0850	0.2788	0.1214	0.2417	0.1365	0.3333	0.3223	0.6392	0.7139	0.0409
0.4747	0.2579	0.2906	0.0932	0.1069	0.0370	0.2747	0.1290	0.1827	0.2712	0.2126	0.1710	0.3676	0.1558	0.2644	0.6339	0.6960
