0.7475	0.2477	0.0280	0.0975	0.1000	0.1724	0.0000	0.0250	0.1025	0.1800	0.0300	0.0525	0.0989	0.1775	0.0000	0.1025	0.0775
0.3800	0.5318	0.2840	0.0850	0.1375	0.2069	0.0000	0.0000	0.3050	0.0000	0.1600	0.0100	0.1709	0.3650	0.0000	0.0950	0.1325
0.1325	0.3295	0.7620	0.0500	0.0650	0.0690	0.0000	0.2175	0.3150	0.0000	0.1325	0.0000	0.0000	0.2525	0.0000	0.0375	0.0000
0.1875	0.2114	0.6500	0.7900	0.0750	0.2586	0.0000	0.1650	0.3200	0.1300	0.3800	0.1775	0.4083	0.1875	0.0000	0.0775	0.0025
0.4525	0.2523	0.1760	0.6450	0.6925	0.2241	0.0000	0.0075	0.1575	0.2100	0.1275	0.0000	0.5000	0.3025	0.0000	0.1300	0.0000
0.2400	0.1295	0.1760	0.3800	0.6025	0.3793	0.0000	0.0000	0.3750	0.1500	0.1275	0.2600	0.4603	0.0350	0.0000	0.0400	0.1975
0.0000	0.0000	0.0000	0.0000	0.3050	0.1724	0.7010	0.3775	0.0000	0.3400	0.3775	0.3825	0.0000	0.0000	0.3775	0.0000	0.0000
0.0000	0.0773	0.0000	0.2750	0.2125	0.1379	0.7010	0.6300	0.1100	0.2400	0.2425	0.0000	0.1672	0.0000	0.2325	0.0000	0.0000
0.0000	0.0432	0.0000	0.1650	0.1375	0.0172	0.7010	0.5700	0.4675	0.2500	0.0250	0.0000	0.0000	0.0000	0.0300	0.0000	0.0000
0.0000	0.0000	0.0000	0.0000	0.2400	0.0000	0.7010	0.3775	0.3775	0.3400	0.3775	0.0000	0.0000	0.0000	0.3800	0.0000	0.0000
0.0000	0.0000	0.0000	0.0000	0.2400	0.1724	0.7010	0.3775	0.3825	0.2200	0.3825	0.0000	0.0000	0.0000	0.2400	0.0000	0.0000
0.0000	0.0000	0.0000	0.0000	0.0900	0.0517	0.7010	0.3775	0.2175	0.3000	0.3775	0.5225	0.0000	0.0000	0.0675	0.0000	0.0000
0.0000	0.0955	0.0000	0.0000	0.1500	0.3276	0.7010	0.5800	0.3825	0.2300	0.3775	0.5525	0.5079	0.0000	0.1375	0.0000	0.0000
0.0000	0.1159	0.2080	0.3225	0.2400	0.3276	0.5258	0.0400	0.3825	0.4400	0.2850	0.3775	0.4999	0.6475	0.0000	0.0000	0.0000
0.0000	0.0000	0.0000	0.0000	0.2400	0.2414	0.7010	0.3775	0.2425	0.4400	0.3775	0.3775	0.5000	0.4425	0.4250	0.0000	0.0000
0.0000	0.0000	0.0000	0.0000	0.0200	0.0000	0.7010	0.1025	0.3825	0.3300	0.2500	0.1525	0.4646	0.6250	0.3775	0.5475	0.0000
0.0000	0.0000	0.0000	0.0000	0.0175	0.0345	0.7010	0.1075	0.1800	0.3300	0.2400	0.4350	0.5000	0.3775	0.2875	0.3775	0.5175
