0.5322	2.4060	2.4363	2.6026	1.8550	2.5056	2.1235	2.0908	2.2590	2.0429	1.5947	2.2652	2.5693	2.2405	1.9324	2.1282	2.3623
2.1658	0.5767	2.0402	2.0733	1.8618	2.3395	2.2698	2.1280	2.3023	2.0351	2.1122	2.2215	2.1797	2.4011	2.5212	2.2399	2.4513
3.6064	2.6095	0.7002	2.0412	2.4999	2.0569	2.0758	2.0783	2.0524	2.1128	2.1201	2.1429	2.0690	2.2652	2.3211	1.9817	1.9525
5.8129	1.0565	0.9879	0.7554	2.2074	2.1305	2.2130	2.1556	1.8735	2.1763	2.5045	2.0087	1.8717	2.0866	2.2768	2.1822	2.1261
2.2851	0.9527	1.9039	1.3246	0.7875	2.2991	2.0532	2.0379	2.0930	1.9987	2.2865	2.0008	2.0171	2.2534	2.1495	2.1150	2.2293
6.3493	0.9332	1.5782	1.3758	1.1871	1.0815	2.2702	2.1220	2.0336	2.1704	2.5157	1.8826	1.8537	1.9140	2.3796	2.1810	2.2117
5.7250	0.9447	1.5508	1.2618	1.1298	1.1140	1.5730	2.2082	1.8189	2.1661	2.6098	1.9124	1.8056	1.9697	2.4858	2.3053	2.2695
2.5523	3.4937	1.8258	2.5292	2.2957	2.4508	2.0663	1.5856	2.1602	2.2311	1.9446	2.2047	2.5215	2.0796	2.0104	2.0254	2.2517
2.7420	5.0864	1.4593	2.3036	3.3943	3.1840	2.3029	1.6007	1.0849	2.4088	1.7889	2.1233	2.2713	2.2622	2.0886	1.8715	2.1785
2.3824	2.0303	1.4356	1.7069	1.8703	2.1997	2.0069	1.7080	1.2431	1.0829	2.1028	2.3638	2.6199	2.1850	2.1577	2.2443	1.9456
1.9932	3.4812	1.8869	2.9036	3.3151	4.3325	2.6018	1.6450	1.1795	1.1568	0.8877	2.3721	2.5979	2.1957	1.8280	2.0350	2.0738
2.3004	4.7749	1.9646	2.3550	2.5224	2.0206	2.0059	1.6633	1.1583	2.0180	1.4190	1.1385	2.0104	2.2049	1.8759	2.0314	2.0979
5.6057	6.3963	1.7074	2.1396	3.8778	1.3953	1.9905	1.8920	1.9203	2.9603	2.9416	1.9119	1.1064	1.9619	2.2296	1.9697	1.9491
4.8182	6.5253	2.0423	2.5159	3.8158	1.5112	2.0516	1.8270	2.2087	3.0136	2.9408	2.0588	1.0975	1.1387	2.2560	2.0939	2.1196
3.8389	6.6203	2.1524	3.0594	5.1666	1.9762	2.2802	1.7190	1.4943	2.4442	1.7501	1.6188	1.3814	1.2108	0.8444	1.9084	2.0295
4.2806	4.8164	1.8202	2.5369	5.3060	1.8904	2.3310	1.7320	1.4399	2.6409	1.8688	1.6000	1.4179	1.3099	0.9334	1.0358	1.9544
4.4021	6.3404	1.9906	2.8914	5.4431	2.0212	2.4484	1.6581	1.3378	1.8144	1.4405	1.5684	1.4670	1.2630	0.9942	1.1391	1.0804
