0.7980	0.0269	0.0075	0.0000	0.3375	0.0000	0.2241	0.1750	0.0125	0.1225	0.4075	0.0000	0.0000	0.0175	0.2165	0.3350	0.0000
0.3920	0.7097	0.3775	0.1500	0.3625	0.0000	0.0000	0.0159	0.2175	0.3500	0.0200	0.0575	0.0000	0.0000	0.0722	0.1300	0.0000
0.1300	0.0582	0.6575	0.1200	0.0000	0.0200	0.0172	0.1045	0.0050	0.2150	0.1450	0.2125	0.2200	0.0000	0.0103	0.1325	0.1125
0.0000	0.4282	0.5850	0.6925	0.0000	0.0300	0.1724	0.1591	0.3150	0.2400	0.0000	0.0025	0.3200	0.2500	0.0000	0.2025	0.0075
0.1080	0.5000	0.3250	0.5125	0.6425	0.3025	0.1552	0.2364	0.2425	0.3500	0.0000	0.0000	0.2100	0.2375	0.0000	0.0000	0.0000
0.0000	0.5000	0.3825	0.3825	0.3825	0.3825	0.2069	0.2500	0.3825	0.2400	0.0000	0.3775	0.3400	0.3775	0.0000	0.0000	0.0000
0.0000	0.4999	0.3775	0.2400	0.3775	0.3825	0.2241	0.2500	0.3825	0.2400	0.0000	0.0000	0.2200	0.2400	0.0000	0.0000	0.0000
0.1760	0.0000	0.2400	0.0000	0.0000	0.0000	0.0000	0.2500	0.0000	0.0000	0.2400	0.0000	0.0000	0.0000	0.0722	0.3825	0.0000
0.1760	0.0000	0.3825	0.0000	0.0000	0.0000	0.0000	0.2273	0.3825	0.0000	0.2400	0.0000	0.0000	0.0000	0.0000	0.3825	0.0000
0.1760	0.4998	0.3775	0.2400	0.3825	0.0000	0.0000	0.2500	0.3825	0.3775	0.2400	0.0000	0.0000	0.2400	0.0722	0.0000	0.3825
0.1760	0.0000	0.2300	0.0000	0.0000	0.0000	0.0000	0.2295	0.3775	0.3825	0.5750	0.0000	0.0000	0.0000	0.0000	0.3825	0.0000
0.1760	0.0000	0.3825	0.0000	0.0000	0.0000	0.0000	0.2273	0.3775	0.0000	0.3775	0.3775	0.0000	0.0000	0.6598	0.0000	0.2400
0.0000	0.0000	0.2600	0.3025	0.0000	0.2400	0.1724	0.2500	0.3775	0.0000	0.0975	0.2400	0.3400	0.3775	0.0000	0.3775	0.3750
0.0000	0.0000	0.2400	0.3500	0.0000	0.2400	0.0517	0.2273	0.0000	0.0000	0.0050	0.0000	0.3400	0.3825	0.0000	0.2400	0.0000
0.1760	0.0000	0.2400	0.0000	0.0000	0.0000	0.0517	0.2273	0.3775	0.0000	0.3650	0.2400	0.2200	0.3775	0.7010	0.3775	0.0000
0.1760	0.0000	0.2400	0.3825	0.0000	0.2375	0.0517	0.2273	0.3775	0.0150	0.1575	0.2275	0.2300	0.2575	0.6804	0.4800	0.1325
0.1760	0.0169	0.3825	0.3825	0.0000	0.0000	0.0517	0.2273	0.3775	0.3825	0.3775	0.2400	0.2200	0.3775	0.7010	0.3825	0.3825
