0.6314	0.0000	0.0973	0.0105	0.0780	0.0342	0.0621	0.0115	0.0000	0.0333	0.0000	0.0000	0.0089	0.0000	0.0000	0.0149	0.0000
0.0270	0.6904	-0.0034	-0.0022	0.0190	0.0222	0.0359	0.0274	0.0000	0.0217	0.0981	0.0713	-0.0089	0.0000	0.0000	-0.0097	0.0000
-0.0212	-0.0017	0.5961	-0.0052	-0.0129	-0.0439	-0.0350	0.0041	0.0000	0.0213	-0.0232	-0.0536	0.0000	0.0000	0.0000	-0.0026	0.0118
-0.0093	-0.0016	0.0003	0.7404	0.0021	-0.0005	0.0096	-0.0058	0.0000	0.0022	0.0018	-0.0113	0.0000	0.0000	0.0000	-0.0026	0.0422
0.0000	-0.0001	0.0022	-0.0003	0.6049	-0.0060	-0.0025	0.0057	0.0000	0.0065	0.0203	-0.0001	0.0698	0.0000	0.0000	0.0152	-0.0404
-0.0033	0.0007	-0.0029	0.0023	-0.0077	0.8205	0.0008	-0.0168	0.0000	-0.0065	-0.0213	0.0002	-0.0698	0.0000	0.0000	-0.0025	-0.0136
-0.0014	-0.0002	0.0003	0.0022	-0.0002	0.0049	0.1114	-0.0083	0.0000	0.0050	0.0001	-0.0065	0.0000	0.0000	0.0000	0.0072	0.0026
0.0015	0.0002	0.0056	-0.0024	0.0101	-0.0021	0.0326	0.3013	0.0000	-0.0118	0.0002	0.0000	0.0000	0.0000	0.0000	-0.0027	0.0296
0.0015	-0.0001	-0.0021	0.0000	0.0000	0.0001	0.0000	-0.0020	0.6507	0.0060	0.0019	0.0000	0.0143	0.0000	0.0000	0.0033	-0.0322
0.0000	0.0001	0.0000	0.0000	0.0000	0.0000	0.0000	0.0000	0.0000	0.6211	-0.0044	0.0000	0.0242	0.0000	0.0000	-0.0063	0.0000
-0.0015	0.0002	0.0000	-0.0023	-0.0123	-0.0053	0.0000	0.0000	0.0000	0.0000	0.6229	0.0000	0.0485	0.0000	0.0000	0.0000	0.0000
0.0000	0.0000	0.0000	-0.0022	0.0000	0.0023	0.0000	0.0055	0.0000	0.0000	0.0000	0.6473	-0.0130	0.0000	0.0000	-0.0105	0.0000
0.0000	0.0000	0.0000	0.0000	0.0000	0.0000	0.0000	0.0000	0.0000	0.0000	0.0022	0.0000	0.1743	0.0000	0.0000	0.0036	0.0000
0.0000	0.0000	0.0000	0.0000	0.0000	0.0000	0.0000	0.0000	0.0000	0.0000	0.0000	0.0000	0.0000	0.6429	0.0000	-0.0054	0.0000
0.0000	0.0000	0.0000	0.0000	0.0000	0.0000	0.0000	0.0000	0.0000	0.0000	0.0000	0.0000	0.0000	0.0000	0.2747	0.0000	0.0025
0.0000	0.0000	0.0000	0.0000	0.0000	0.0000	0.0000	0.0000	0.0000	0.0000	0.0000	0.0000	0.0000	0.0000	0.0000	0.7116	0.0000
0.0000	0.0000	0.0000	0.0000	0.0000	0.0000	0.0000	0.0000	0.0000	0.0000	0.0000	0.0000	0.0000	0.0000	0.0000	0.0000	0.6626
