0.6314	0.0000	0.0973	0.0105	0.0780	0.0342	0.0621	0.0115	0.0000	0.0333	0.0000	0.0000	0.0089	0.0000	0.0000	0.0149	0.0000
0.6584	0.6904	0.0939	0.0083	0.0970	0.0564	0.0980	0.0389	0.0000	0.0550	0.0981	0.0713	0.0000	0.0000	0.0000	0.0052	0.0000
0.6372	0.6887	0.6900	0.0031	0.0841	0.0125	0.0630	0.0430	0.0000	0.0763	0.0749	0.0177	0.0000	0.0000	0.0000	0.0026	0.0118
0.6279	0.6871	0.6903	0.7435	0.0862	0.0120	0.0726	0.0372	0.0000	0.0785	0.0767	0.0064	0.0000	0.0000	0.0000	0.0000	0.0540
0.6279	0.6870	0.6925	0.7432	0.6911	0.0060	0.0701	0.0429	0.0000	0.0850	0.0970	0.0063	0.0698	0.0000	0.0000	0.0152	0.0136
0.6246	0.6877	0.6896	0.7455	0.6834	0.8265	0.0709	0.0261	0.0000	0.0785	0.0757	0.0065	0.0000	0.0000	0.0000	0.0127	0.0000
0.6232	0.6875	0.6899	0.7477	0.6832	0.8314	0.1823	0.0178	0.0000	0.0835	0.0758	0.0000	0.0000	0.0000	0.0000	0.0199	0.0026
0.6247	0.6877	0.6955	0.7453	0.6933	0.8293	0.2149	0.3191	0.0000	0.0717	0.0760	0.0000	0.0000	0.0000	0.0000	0.0172	0.0322
0.6262	0.6876	0.6934	0.7453	0.6933	0.8294	0.2149	0.3171	0.6507	0.0777	0.0779	0.0000	0.0143	0.0000	0.0000	0.0205	0.0000
0.6262	0.6877	0.6934	0.7453	0.6933	0.8294	0.2149	0.3171	0.6507	0.6988	0.0735	0.0000	0.0385	0.0000	0.0000	0.0142	0.0000
0.6247	0.6879	0.6934	0.7430	0.6810	0.8241	0.2149	0.3171	0.6507	0.6988	0.6964	0.0000	0.0870	0.0000	0.0000	0.0142	0.0000
0.6247	0.6879	0.6934	0.7408	0.6810	0.8264	0.2149	0.3226	0.6507	0.6988	0.6964	0.6473	0.0740	0.0000	0.0000	0.0037	0.0000
0.6247	0.6879	0.6934	0.7408	0.6810	0.8264	0.2149	0.3226	0.6507	0.6988	0.6986	0.6473	0.2483	0.0000	0.0000	0.0073	0.0000
0.6247	0.6879	0.6934	0.7408	0.6810	0.8264	0.2149	0.3226	0.6507	0.6988	0.6986	0.6473	0.2483	0.6429	0.0000	0.0019	0.0000
0.6247	0.6879	0.6934	0.7408	0.6810	0.8264	0.2149	0.3226	0.6507	0.6988	0.6986	0.6473	0.2483	0.6429	0.2747	0.0019	0.0025
0.6247	0.6879	0.6934	0.7408	0.6810	0.8264	0.2149	0.3226	0.6507	0.6988	0.6986	0.6473	0.2483	0.6429	0.2747	0.7135	0.0025
0.6247	0.6879	0.6934	0.7408	0.6810	0.8264	0.2149	0.3226	0.6507	0.6988	0.6986	0.6473	0.2483	0.6429	0.2747	0.7135	0.6651
