0.7040	0.0000	0.2350	0.0100	0.2400	0.0400	0.1897	0.0068	0.0000	0.0325	0.0000	0.0000	0.0100	0.0000	0.0000	0.0150	0.0000
0.7120	0.6911	0.2075	0.0100	0.2400	0.0575	0.1207	0.0841	0.0000	0.1000	0.2275	0.1275	0.0000	0.0000	0.0000	0.0050	0.0000
0.7000	0.6897	0.6900	0.0025	0.2375	0.0100	0.0517	0.1045	0.0000	0.1350	0.2200	0.0200	0.0000	0.0000	0.0000	0.0025	0.0125
0.6960	0.6885	0.6900	0.7475	0.2350	0.0100	0.0690	0.0614	0.0000	0.1425	0.2350	0.0050	0.0000	0.0000	0.0000	0.0000	0.0850
0.6960	0.6884	0.6925	0.7475	0.6975	0.0050	0.1034	0.1068	0.0000	0.1750	0.2400	0.0050	0.0600	0.0000	0.0000	0.0150	0.0150
0.6960	0.6890	0.6900	0.7500	0.6900	0.8350	0.1207	0.0273	0.0000	0.1425	0.2200	0.0050	0.0000	0.0000	0.0000	0.0125	0.0000
0.6940	0.6888	0.6900	0.7525	0.6900	0.8400	0.3621	0.0159	0.0000	0.1650	0.2150	0.0000	0.0000	0.0000	0.0000	0.0200	0.0025
0.6960	0.6890	0.6950	0.7500	0.7000	0.8375	0.3793	0.3795	0.0000	0.0975	0.1725	0.0000	0.0000	0.0000	0.0000	0.0250	0.0425
0.6980	0.6889	0.6925	0.7500	0.7000	0.8375	0.3793	0.3773	0.6650	0.2025	0.1475	0.0000	0.0100	0.0000	0.0000	0.0300	0.0000
0.6980	0.6890	0.6925	0.7500	0.7000	0.8375	0.3793	0.3773	0.6650	0.7050	0.1425	0.0000	0.0300	0.0000	0.0000	0.0200	0.0000
0.6960	0.6891	0.6925	0.7475	0.6875	0.8325	0.3793	0.3773	0.6650	0.7050	0.7125	0.0000	0.0800	0.0000	0.0000	0.0200	0.0000
0.6960	0.6892	0.6925	0.7450	0.6875	0.8350	0.3793	0.3841	0.6650	0.7050	0.7125	0.6625	0.0700	0.0000	0.0000	0.0050	0.0000
0.6960	0.6892	0.6925	0.7450	0.6875	0.8350	0.3793	0.3841	0.6650	0.7050	0.7150	0.6625	0.4400	0.0000	0.0000	0.0100	0.0000
0.6960	0.6892	0.6925	0.7450	0.6875	0.8350	0.3793	0.3841	0.6650	0.7050	0.7150	0.6625	0.4400	0.6475	0.0000	0.0025	0.0000
0.6960	0.6892	0.6925	0.7450	0.6875	0.8350	0.3793	0.3841	0.6650	0.7050	0.7150	0.6625	0.4400	0.6475	0.7010	0.0025	0.0025
0.6960	0.6892	0.6925	0.7450	0.6875	0.8350	0.3793	0.3841	0.6650	0.7050	0.7150	0.6625	0.4400	0.6475	0.7010	0.7225	0.0025
0.6960	0.6892	0.6925	0.7450	0.6875	0.8350	0.3793	0.3841	0.6650	0.7050	0.7150	0.6625	0.4400	0.6475	0.7010	0.7225	0.6700
