0.7334	2.4888	2.4510	2.4780	2.4902	2.4458	2.4421	2.5092	2.4676	2.4824	2.4421	2.5085	2.4579	2.4762	2.4734	2.4685	2.4837
0.6998	0.5896	2.4415	2.4935	2.5261	2.4204	2.4261	2.5335	2.4734	2.4845	2.4449	2.4885	2.4624	2.4839	2.4697	2.4762	2.4811
0.7098	0.5910	0.7061	2.5269	2.5267	2.4107	2.4272	2.5482	2.4784	2.4872	2.4255	2.4678	2.4476	2.4789	2.4769	2.4901	2.4937
0.7183	0.5933	0.7047	0.6345	2.5282	2.4213	2.4059	2.5439	2.4844	2.4650	2.4406	2.4573	2.4416	2.4697	2.4667	2.4949	2.4992
0.7192	0.5933	0.7036	0.6365	0.7369	2.4356	2.4115	2.5517	2.4798	2.4616	2.4459	2.4660	2.4296	2.4570	2.4430	2.4724	2.4908
0.7247	0.5923	0.7035	0.6364	0.7378	0.4650	2.4269	2.5518	2.4768	2.4689	2.4546	2.4716	2.4493	2.4477	2.4732	2.4590	2.5121
0.7203	0.5923	0.7027	0.6364	0.7377	0.4640	1.4331	2.5407	2.4668	2.4762	2.4456	2.4585	2.4582	2.4509	2.4822	2.4505	2.5004
0.7251	0.5923	0.7023	0.6386	0.7339	0.4680	1.4339	1.4318	2.4721	2.4829	2.4469	2.4554	2.4553	2.4490	2.4933	2.4482	2.5030
0.7192	0.5923	0.7031	0.6386	0.7340	0.4670	1.4331	1.4321	0.7593	2.4838	2.4614	2.4496	2.4382	2.4593	2.4890	2.4572	2.5055
0.7190	0.5923	0.7030	0.6386	0.7340	0.4673	1.4332	1.4322	0.7593	0.6780	2.4590	2.4468	2.4059	2.4763	2.4666	2.4776	2.4802
0.7209	0.5922	0.7025	0.6389	0.7351	0.4671	1.4331	1.4321	0.7595	0.6782	0.7018	2.4742	2.4059	2.4612	2.4687	2.4841	2.4823
0.7203	0.5922	0.7026	0.6389	0.7356	0.4673	1.4332	1.4322	0.7594	0.6782	0.7020	0.7780	2.3762	2.4515	2.4702	2.5036	2.4846
0.7203	0.5922	0.7026	0.6389	0.7356	0.4673	1.4332	1.4322	0.7594	0.6783	0.7020	0.7780	1.0674	2.4655	2.4542	2.4971	2.4730
0.7203	0.5922	0.7026	0.6389	0.7356	0.4673	1.4332	1.4322	0.7594	0.6783	0.7020	0.7780	1.0674	0.7935	2.4443	2.4774	2.4751
0.7203	0.5922	0.7026	0.6389	0.7356	0.4673	1.4332	1.4322	0.7594	0.6783	0.7020	0.7780	1.0674	0.7935	0.8175	2.4890	2.4745
0.7203	0.5922	0.7026	0.6389	0.7356	0.4673	1.4332	1.4322	0.7594	0.6783	0.7020	0.7780	1.0674	0.7935	0.8175	0.6738	2.4790
0.7203	0.5922	0.7026	0.6389	0.7356	0.4673	1.4332	1.4322	0.7594	0.6783	0.7020	0.7780	1.0674	0.7935	0.8175	0.6738	0.7364
