0.7100	0.0250	0.0220	0.0125	0.0025	0.0000	0.7010	0.0075	0.1175	0.0000	0.0025	0.1450	0.3191	0.1950	0.0050	0.1775	0.0000
0.0425	0.5864	0.0500	0.3025	0.0950	0.0862	0.2062	0.1150	0.0250	0.2500	0.2175	0.2550	0.0056	0.0025	0.0775	0.1975	0.2725
0.1050	0.2841	0.8000	0.0125	0.0525	0.0862	0.0206	0.3500	0.0450	0.1000	0.0200	0.0475	0.0000	0.1800	0.3425	0.0075	0.1200
0.0500	0.1795	0.2120	0.8075	0.2000	0.3448	0.0722	0.0025	0.0375	0.1300	0.3250	0.0250	0.0584	0.0600	0.0500	0.2100	0.3075
0.3100	0.2295	0.1760	0.5675	0.7625	0.0517	0.1546	0.0125	0.0075	0.0000	0.0700	0.0700	0.0486	0.1825	0.0125	0.1625	0.1375
0.0300	0.1977	0.3060	0.2400	0.2550	0.3448	0.0722	0.2175	0.0075	0.1000	0.3825	0.0000	0.0030	0.0025	0.0000	0.0100	0.3500
0.4025	0.0000	0.0740	0.0325	0.1800	0.0000	0.7010	0.1675	0.0000	0.0000	0.0000	0.0975	0.0034	0.3775	0.0100	0.2175	0.0000
0.1400	0.0614	0.1780	0.0050	0.0000	0.0000	0.5979	0.7750	0.2000	0.1100	0.0700	0.0200	0.0003	0.0225	0.1975	0.0175	0.0525
0.0650	0.0727	0.4520	0.1300	0.0000	0.0000	0.5052	0.4450	0.7325	0.0400	0.0000	0.2150	0.0223	0.0225	0.0950	0.0475	0.0750
0.0000	0.1455	0.3620	0.2400	0.0000	0.2586	0.0103	0.3775	0.4575	0.4400	0.3800	0.0000	0.0001	0.2400	0.2375	0.0000	0.2425
0.0000	0.1477	0.3880	0.2400	0.0975	0.3448	0.0103	0.0900	0.1525	0.4700	0.7400	0.0000	0.0000	0.0325	0.0000	0.0800	0.0950
0.1150	0.2545	0.0460	0.3775	0.0500	0.0690	0.7010	0.0775	0.2025	0.0000	0.2975	0.7550	0.4619	0.0225	0.0325	0.1325	0.1225
0.3775	0.2455	0.0000	0.3775	0.3750	0.2069	0.7010	0.3250	0.2400	0.0000	0.0000	0.6750	0.7163	0.0475	0.3750	0.2600	0.2225
0.1425	0.1386	0.1620	0.1850	0.1100	0.1379	0.4536	0.0000	0.1425	0.1200	0.0650	0.2700	0.3345	0.7975	0.1625	0.2975	0.2075
0.3700	0.1477	0.4140	0.3550	0.0575	0.0690	0.1340	0.3125	0.1000	0.1700	0.0600	0.5975	0.6102	0.7400	0.7275	0.2275	0.1550
0.4425	0.1818	0.0840	0.4850	0.0875	0.0690	0.6082	0.0225	0.0750	0.0000	0.0875	0.3225	0.4915	0.6375	0.6100	0.7100	0.0300
0.0225	0.2500	0.2040	0.0175	0.0775	0.1552	0.0103	0.0400	0.3475	0.3800	0.0575	0.2750	0.3124	0.3400	0.1175	0.7000	0.7725
