0.2523	0.0000	0.0000	0.0000	0.0000	0.0000	0.0000	0.0000	0.0000	0.0000	0.0000	0.0000	0.0000	0.0000	0.0000	0.0000	0.0000
0.2672	0.7026	0.0000	0.0000	0.0000	0.0000	0.0000	0.0000	0.0000	0.0000	0.0000	0.0000	0.0000	0.0000	0.0000	0.0000	0.0000
0.2510	0.6962	0.6660	0.0000	0.0000	0.0000	0.0000	0.0000	0.0000	0.0000	0.0000	0.0000	0.0000	0.0000	0.0000	0.0000	0.0000
0.2640	0.6899	0.6481	0.6525	0.0000	0.0000	0.0000	0.0000	0.0000	0.0000	0.0000	0.0000	0.0000	0.0000	0.0000	0.0000	0.0000
0.2258	0.4661	0.4129	0.4431	0.6912	0.0000	0.0000	0.0000	0.0000	0.0000	0.0000	0.0000	0.0000	0.0000	0.0000	0.0000	0.0000
0.2614	0.5982	0.4828	0.6277	0.6668	0.6757	0.0000	0.0000	0.0000	0.0000	0.0000	0.0000	0.0000	0.0000	0.0000	0.0000	0.0000
0.2373	0.6472	0.5528	0.6331	0.6815	0.6994	0.6838	0.0000	0.0000	0.0000	0.0000	0.0000	0.0000	0.0000	0.0000	0.0000	0.0000
0.2919	0.6136	0.5144	0.6313	0.6801	0.6613	0.6875	0.7320	0.0000	0.0000	0.0000	0.0000	0.0000	0.0000	0.0000	0.0000	0.0000
0.2282	0.5961	0.6035	0.5832	0.6793	0.6505	0.6492	0.7092	0.6267	0.0000	0.0000	0.0000	0.0000	0.0000	0.0000	0.0000	0.0000
0.3102	0.5904	0.5262	0.5699	0.6442	0.6706	0.5391	0.6360	0.5152	0.5995	0.0000	0.0000	0.0000	0.0000	0.0000	0.0000	0.0000
0.2906	0.5915	0.5419	0.5210	0.6515	0.6781	0.5765	0.6514	0.5587	0.5416	0.6602	0.0000	0.0000	0.0000	0.0000	0.0000	0.0000
0.2079	0.5960	0.4165	0.5476	0.6479	0.6342	0.4700	0.6826	0.4906	0.4881	0.6382	0.6930	0.0000	0.0000	0.0000	0.0000	0.0000
0.3434	0.6439	0.7190	0.6507	0.6481	0.6907	0.6113	0.6590	0.5774	0.5242	0.6515	0.6975	0.6978	0.0000	0.0000	0.0000	0.0000
0.2426	0.6143	0.7662	0.6395	0.6552	0.6774	0.5308	0.6634	0.5479	0.4660	0.6392	0.6957	0.6505	0.2764	0.0000	0.0000	0.0000
0.2867	0.5513	0.7462	0.5339	0.6574	0.6293	0.5776	0.5604	0.3943	0.4391	0.5154	0.6038	0.5579	0.2740	0.3776	0.0000	0.0000
0.2592	0.6396	0.7726	0.5787	0.6296	0.6287	0.6062	0.6604	0.4656	0.4617	0.6490	0.6359	0.5514	0.2740	0.2958	0.7067	0.0000
0.1702	0.5463	0.6128	0.4578	0.6438	0.6220	0.5274	0.6303	0.4697	0.4957	0.6699	0.7041	0.5766	0.2764	0.3218	0.6801	0.6915
