1.5296	1.7887	2.4164	2.2969	2.2283	2.6989	1.9148	1.9714	2.1943	1.9790	2.3331	2.5336	2.0179	2.2045	2.4555	2.3233	2.3372
1.5576	1.0812	2.1628	2.2879	2.3891	2.4766	1.8794	1.9871	2.1509	2.0184	2.2396	2.5118	2.2085	2.4097	2.2677	2.2304	2.2104
1.5715	1.1126	1.0836	1.9752	2.2791	2.4220	1.9930	2.0170	2.1766	2.0417	2.1426	2.5510	1.8552	2.3014	2.1069	2.1374	2.0580
2.3250	1.8213	1.1442	1.0812	2.1265	2.2922	2.2170	2.1189	1.8842	1.9255	2.1605	2.3652	1.6468	2.1881	1.9617	2.3630	1.9843
2.6617	2.7392	2.2126	1.5577	0.6918	1.8276	2.0162	2.0563	1.8835	2.2454	2.1404	2.2262	1.9603	2.1467	2.0723	1.9863	2.1122
4.5435	5.0141	3.5906	1.3430	0.6980	1.0805	2.0043	2.2069	2.1512	2.2826	2.0412	2.0050	2.1207	2.1113	1.9356	2.0370	2.1228
3.6277	3.6758	2.7164	1.2639	0.6948	1.1219	1.0808	2.2233	1.8812	2.1615	2.2016	1.8843	1.9242	2.3606	2.0691	2.2322	2.3377
3.5203	3.4721	2.2719	1.1733	0.6934	1.1119	1.0850	1.0808	1.8816	2.1015	2.2211	1.9685	1.9238	2.4245	1.9895	2.1480	2.2225
2.9933	2.5931	1.8950	1.1287	0.6932	1.1786	1.0922	1.0856	1.0803	2.0784	2.2766	1.9574	1.8394	2.5081	2.0583	2.0681	2.1562
2.1958	1.7787	1.4007	1.1137	0.6973	1.2508	1.1378	1.0987	1.0868	1.5855	2.2194	2.1047	1.8192	2.4073	2.0832	2.0869	2.0958
2.2697	1.7945	1.4224	1.1196	0.7041	1.2287	1.1266	1.1126	1.0917	1.5911	1.0807	2.2092	1.7788	2.2171	2.0086	2.1168	2.2337
3.0653	2.7752	1.9733	1.1368	0.7008	1.1362	1.1106	1.0927	1.0884	1.5944	1.1198	1.0808	1.8683	2.3556	2.0502	2.1889	2.2044
1.8054	1.5302	1.5211	1.2709	0.7354	1.5858	1.2783	1.3046	1.2269	1.6709	1.1930	1.2679	1.0976	2.2309	2.1464	2.2584	2.1448
1.9444	1.9949	1.5220	1.1743	0.7053	1.5976	1.5211	1.3495	1.2782	1.6634	1.1437	1.2182	1.0988	0.8417	2.3112	2.2020	2.0972
2.4718	2.1211	1.2447	1.0893	0.6933	1.1711	1.1354	1.1505	1.1409	1.6057	1.1026	1.1869	1.1034	0.8488	1.0903	2.2592	2.0924
3.0395	2.4376	1.4139	1.1046	0.6962	1.1691	1.1378	1.1034	1.0925	1.6246	1.1142	1.2349	1.1028	0.8808	1.2199	1.0802	2.0874
3.3267	2.7065	1.4979	1.1118	0.6940	1.1694	1.1502	1.1132	1.0956	1.6087	1.1298	1.2198	1.0657	0.9242	1.2019	1.0858	1.0800
