0.7546	0.0000	0.0000	0.0000	0.0000	0.0000	0.0000	0.0000	0.0000	0.0000	0.0000	0.0000	0.0000	0.0000	0.0000	0.0000	0.0000
2.1220	1.1137	0.0000	0.0000	0.0000	0.0000	0.0000	0.0000	0.0000	0.0000	0.0000	0.0000	0.0000	0.0000	0.0000	0.0000	0.0000
2.1779	2.0912	0.8142	0.0000	0.0000	0.0000	0.0000	0.0000	0.0000	0.0000	0.0000	0.0000	0.0000	0.0000	0.0000	0.0000	0.0000
2.0143	2.1211	2.1473	0.6703	0.0000	0.0000	0.0000	0.0000	0.0000	0.0000	0.0000	0.0000	0.0000	0.0000	0.0000	0.0000	0.0000
2.2127	2.0175	2.0248	2.0287	0.6790	0.0000	0.0000	0.0000	0.0000	0.0000	0.0000	0.0000	0.0000	0.0000	0.0000	0.0000	0.0000
2.1341	2.0646	2.1567	2.0318	2.1163	1.4127	0.0000	0.0000	0.0000	0.0000	0.0000	0.0000	0.0000	0.0000	0.0000	0.0000	0.0000
1.9064	2.0055	2.1247	2.0343	2.0944	2.2511	0.8053	0.0000	0.0000	0.0000	0.0000	0.0000	0.0000	0.0000	0.0000	0.0000	0.0000
2.0812	2.0925	1.9847	1.9838	2.0626	2.1297	2.1649	0.7458	0.0000	0.0000	0.0000	0.0000	0.0000	0.0000	0.0000	0.0000	0.0000
2.1519	2.0207	2.0522	2.0596	2.0677	2.2076	2.2071	2.1911	0.6898	0.0000	0.0000	0.0000	0.0000	0.0000	0.0000	0.0000	0.0000
2.1112	2.1127	2.1138	2.1760	2.2657	2.0605	2.1618	2.1164	1.9579	1.0590	0.0000	0.0000	0.0000	0.0000	0.0000	0.0000	0.0000
2.1078	2.0389	2.3014	2.0198	2.0573	2.0075	2.2159	2.2220	1.9072	2.0930	0.7270	0.0000	0.0000	0.0000	0.0000	0.0000	0.0000
2.0070	2.0338	2.2035	2.0169	2.1363	2.1553	2.1587	2.1561	1.9567	2.1251	2.0245	0.6753	0.0000	0.0000	0.0000	0.0000	0.0000
2.0585	2.0799	2.1385	2.1086	2.0925	2.0725	2.1442	2.1628	2.0550	2.0457	2.0661	2.1289	0.5787	0.0000	0.0000	0.0000	0.0000
2.0707	2.0688	1.9968	2.0697	2.2312	2.2004	2.1118	2.3058	1.9889	2.0756	2.1530	2.1515	1.7600	0.7175	0.0000	0.0000	0.0000
1.9886	1.9849	2.1024	2.1989	2.0560	2.0743	2.3910	2.2418	1.9378	2.0835	2.0867	2.2922	1.7171	2.1877	0.6755	0.0000	0.0000
2.0316	2.0294	2.1164	2.0959	2.0985	2.1428	2.2506	2.0477	2.0090	2.2041	2.0410	2.1367	1.8784	2.0424	2.2143	0.7193	0.0000
2.0735	2.1282	2.0482	2.0579	2.2198	2.0577	2.0663	2.1294	1.9534	2.1241	2.1372	2.1240	1.7350	2.2426	2.1315	2.1296	0.6958
