0.6670	0.0146	0.0273	0.0833	0.2144	0.0000	0.0000	0.0456	0.0000	0.0000	0.0166	0.0000	0.0526	0.1353	0.0000	0.2246	0.0066
-0.2443	0.6947	-0.0273	0.1011	-0.0300	0.0000	0.0000	-0.0428	0.0000	0.0000	-0.0166	0.0000	-0.0526	-0.0216	0.0000	-0.0909	-0.0066
-0.1373	-0.0095	0.6889	-0.0555	-0.1819	0.0392	0.0088	-0.0028	0.0000	0.0000	0.0819	0.0391	0.0000	0.2378	0.0000	-0.0194	0.0905
0.0763	-0.0514	0.0092	0.6142	0.0465	0.0012	0.0215	0.0052	0.0000	0.0000	-0.0430	-0.0085	0.0353	0.0408	0.0000	0.0340	-0.0222
0.0730	0.0387	-0.0032	-0.1787	0.6395	-0.0329	-0.0303	-0.0052	0.0000	0.0000	-0.0389	-0.0306	-0.0353	-0.2341	0.0000	0.0582	-0.0658
-0.0129	-0.2283	-0.1216	-0.1028	-0.4095	0.5798	0.0659	0.0000	0.0000	0.0720	0.1827	0.0000	0.0000	-0.0292	0.0000	-0.0992	0.0838
-0.0540	-0.0799	-0.2212	-0.1470	-0.1497	-0.0540	0.0073	0.0000	0.0000	0.1124	0.0000	0.0000	0.0000	0.0000	0.0000	-0.1073	0.0505
-0.0555	0.0702	0.1424	0.1581	0.0018	-0.0200	0.0000	0.3776	0.0000	-0.1123	0.0000	0.0474	0.0000	-0.0812	0.0000	0.0000	-0.0313
-0.0810	0.0191	0.0776	0.1026	0.0558	0.0518	0.0000	-0.1190	0.5835	-0.0721	-0.0623	-0.0474	0.0000	0.0008	0.0000	0.0000	0.0329
0.0149	-0.0094	0.0313	0.0335	0.0513	0.0133	0.0000	-0.0469	-0.0473	0.6903	-0.0240	0.0000	0.0476	0.0697	0.0000	0.0352	-0.0984
0.0885	0.0141	0.0601	0.0212	0.1527	0.0454	0.0000	-0.0216	-0.1053	-0.0426	0.5597	0.0000	-0.0238	-0.0398	0.0000	0.0596	-0.0133
0.0214	0.0319	0.0387	0.0179	0.1246	-0.0144	0.0000	-0.0567	0.0040	-0.0427	-0.0923	0.6686	-0.0238	0.1207	0.0000	-0.0001	-0.0178
0.0281	-0.0417	-0.0162	-0.0092	0.0343	-0.0655	0.0000	-0.0203	-0.0871	-0.0575	-0.0941	-0.0563	0.3419	-0.0745	0.0000	0.0160	-0.0089
0.0029	-0.0388	-0.0009	0.0046	-0.0536	0.0409	0.0000	-0.0081	0.0614	0.0153	0.0105	0.0242	-0.0069	0.5128	0.0000	0.0033	0.0000
-0.0760	-0.0382	-0.0182	-0.0106	0.1746	-0.1518	0.0000	-0.0145	-0.1529	-0.1438	-0.1289	-0.2682	-0.1236	-0.1883	0.3598	-0.0317	0.0000
0.1235	0.0163	0.0028	0.0188	-0.0436	0.1316	0.0000	0.0007	0.1319	0.1107	0.1137	0.2705	0.0528	0.1727	-0.0851	0.5921	0.0000
-0.0312	0.0027	-0.0091	-0.0485	-0.1059	0.0358	0.0000	0.0173	0.1006	0.0330	0.0629	0.0089	0.0806	-0.0029	0.0000	-0.0163	0.6168
