0.8396	2.3540	2.6129	2.3938	2.3521	2.6427	2.8528	2.6665	2.5176	2.4914	2.4272	2.6464	2.5835	2.1541	2.4235	2.3736	2.6477
1.2018	0.5788	2.6951	2.2660	2.4651	2.7009	2.6607	2.6120	2.5806	2.3442	2.4108	2.8065	2.5203	2.1364	2.3489	2.2894	2.8299
1.5772	0.5892	0.7640	2.3945	2.7184	2.5668	2.6467	2.7100	2.4163	2.6290	2.3576	2.5099	2.5242	2.1777	2.4931	2.5082	2.5552
1.5277	0.6777	0.7688	0.7270	2.7869	2.6177	2.6898	2.7240	2.4360	2.5577	2.3966	2.5765	2.5486	2.1148	2.3993	2.4027	2.6297
1.2622	0.6133	0.8141	0.9486	0.8132	2.8124	2.7581	2.8014	2.5268	2.4171	2.4509	2.6841	2.5510	2.1283	2.5475	2.3445	2.8144
1.4236	0.9303	1.0787	1.3632	1.5976	0.9103	2.6104	2.7984	2.5051	2.5338	2.2398	2.6698	2.6588	2.2383	2.6182	2.6094	2.6550
1.4879	1.1122	1.3474	1.5715	2.3118	0.9910	1.5846	2.8162	2.4886	2.4314	2.3724	2.6056	2.6517	2.3742	2.5978	2.7221	2.4525
1.5458	1.0142	1.0883	1.3287	2.3045	1.0649	1.5874	1.3421	2.4590	2.4870	2.3723	2.4938	2.5750	2.5118	2.6655	2.6021	2.3507
1.7694	1.0029	0.9586	1.0722	2.0002	0.9671	1.5830	1.6314	0.9291	2.5997	2.3886	2.6705	2.7350	2.3937	2.7330	2.6681	2.3653
1.7092	1.0579	0.9178	1.0301	1.7287	0.9174	1.5822	1.7337	0.9663	0.8467	2.3418	2.7161	2.6736	2.2541	2.6618	2.6319	2.5451
1.5853	1.0293	0.8833	0.9851	1.3474	0.8925	1.5820	1.8049	1.0803	0.8772	0.8317	2.7141	2.6536	2.2303	2.6411	2.5956	2.7052
1.4844	0.9317	0.8359	0.9297	1.1501	0.8802	1.5829	1.8393	1.0706	0.9276	0.9342	0.8417	2.6317	2.1141	2.5569	2.5707	2.7641
1.4697	1.0324	0.8607	0.9448	1.0617	0.9251	1.5838	1.9118	1.1502	1.0116	0.9783	0.8902	1.1149	2.0835	2.5010	2.4627	2.8755
1.4501	1.1463	0.8818	1.0176	1.1719	0.8986	1.5863	1.9438	1.0996	0.9819	1.0076	0.8714	1.1185	0.8890	2.5103	2.5517	2.8492
1.6790	1.3175	0.8253	0.9441	0.8836	1.0450	1.5916	1.9971	1.3039	1.2007	1.2764	1.2595	1.1716	1.2030	0.8140	2.7464	2.7448
1.3629	1.2052	0.8732	1.0066	0.9458	0.9055	1.5881	1.9804	1.1322	1.0538	1.0248	0.8795	1.1520	0.9017	0.8424	0.8395	2.9168
1.3936	1.1815	0.8935	1.1089	1.1224	0.8815	1.5888	1.9761	1.0396	0.9827	0.8887	0.8464	1.1220	0.9452	0.8466	0.9124	0.8880
