0.3166	0.0000	0.0181	0.0919	0.0301	0.0000	0.0041	0.0000	0.0000	0.0860	0.0336	0.0000	0.0000	0.0838	0.0991	0.1316	0.0548
0.3201	0.6830	0.0140	0.0548	0.0001	0.0018	0.0000	0.0000	0.0341	0.0825	0.0177	0.0000	0.0016	0.1933	0.0846	0.1383	0.0034
0.2717	0.6726	0.6763	0.0946	0.0000	0.0139	0.0000	0.0000	0.0475	0.0427	0.0466	0.0000	0.0000	0.1691	0.1166	0.0962	0.0660
0.2903	0.6613	0.6745	0.6731	0.0000	0.0042	0.0000	0.0026	0.0576	0.0095	0.0727	0.0000	0.0000	0.1455	0.0470	0.1461	0.0304
0.2828	0.6612	0.6773	0.6745	0.7018	0.0022	0.0000	0.0261	0.0557	0.0141	0.0784	0.0000	0.0432	0.1346	0.0811	0.1144	0.0141
0.2946	0.6664	0.6590	0.6596	0.6868	0.7279	0.0000	0.0000	0.0685	0.0102	0.0657	0.0000	0.0268	0.1057	0.0111	0.0850	0.1042
0.2804	0.6590	0.6735	0.6683	0.6856	0.7375	0.7074	0.0000	0.0605	0.0323	0.0807	0.0000	0.0559	0.1948	0.0000	0.1030	0.0521
0.3005	0.6903	0.6545	0.6580	0.6834	0.7144	0.7137	0.7153	0.0349	0.0224	0.1007	0.0000	0.0276	0.2006	0.0174	0.0991	0.0862
0.2544	0.6099	0.6500	0.6394	0.6691	0.7210	0.7049	0.7151	0.6151	0.0098	0.0709	0.0000	0.0179	0.2006	0.0114	0.0914	0.0640
0.3289	0.5508	0.5950	0.5542	0.6835	0.7035	0.6426	0.6556	0.5980	0.5713	0.0787	0.0187	0.0510	0.1208	0.0185	0.0466	0.0838
0.2075	0.5318	0.5904	0.5624	0.6759	0.7256	0.6575	0.6187	0.5713	0.5277	0.6159	0.0482	0.0761	0.1579	0.0095	0.0415	0.0997
0.2085	0.5726	0.5914	0.5892	0.6339	0.7039	0.6746	0.6242	0.5765	0.5000	0.6066	0.4959	0.0931	0.1312	0.0000	0.0386	0.0372
0.1822	0.6589	0.7199	0.5256	0.6105	0.7495	0.7244	0.6765	0.6508	0.4645	0.6111	0.5900	0.5814	0.1630	0.0000	0.0893	0.0113
0.1039	0.5792	0.7269	0.5089	0.6234	0.7412	0.7133	0.6452	0.6216	0.4265	0.5409	0.6343	0.5376	0.2747	0.0000	0.0969	0.0175
0.1313	0.6312	0.7169	0.4838	0.6582	0.7257	0.7323	0.6693	0.5988	0.4244	0.4755	0.5961	0.4946	0.2747	0.3444	0.1217	0.0313
0.1686	0.6350	0.6682	0.5040	0.6691	0.7289	0.7079	0.6622	0.6041	0.4620	0.4412	0.5931	0.4648	0.2747	0.3445	0.6865	0.0647
0.1849	0.6356	0.6868	0.5253	0.6733	0.7025	0.7169	0.6709	0.6250	0.4775	0.4967	0.5603	0.4943	0.2747	0.3371	0.6218	0.6565
