1.3563	2.1641	2.0967	2.0928	2.3038	2.1469	2.0882	2.2934	2.2800	2.0750	2.2777	2.2645	2.1724	2.0287	1.9846	1.9633	2.1167
1.3516	0.7031	2.1473	2.2309	2.4610	2.1780	2.2303	2.1833	2.2872	2.1343	2.2685	2.3051	2.2089	1.8447	1.9990	2.0163	2.1680
1.3751	0.7302	0.7342	2.0985	2.4196	2.1317	2.2960	2.2118	2.2401	2.2169	2.2183	2.1463	2.4016	1.9292	1.9527	2.0595	1.9528
1.3563	0.7560	0.7428	0.7344	2.4432	2.1744	2.4321	2.1264	2.1537	2.2342	2.1986	2.1900	2.2656	1.8955	2.0382	2.0433	2.0274
1.3626	0.7726	0.7419	0.7495	0.5682	2.2001	2.4290	2.0127	2.2191	2.1592	2.1300	2.1572	2.1383	1.9545	2.0327	2.0672	2.0463
1.3855	0.7432	0.7392	0.7446	0.5865	0.6673	2.4390	2.1056	2.1049	2.1655	2.1710	2.1983	2.1413	1.8733	2.0970	2.1165	1.9793
1.3779	0.7312	0.7456	0.7622	0.5879	0.6500	0.6953	2.2325	2.0632	2.1579	2.0692	2.1646	2.1569	1.7932	2.1998	2.0811	2.0645
1.3761	0.7310	0.7669	0.7458	0.5950	0.6747	0.7029	0.6953	2.1045	2.1814	2.0178	2.3129	2.1828	1.7530	2.2074	2.0594	1.9943
1.3733	0.8155	0.7622	0.7494	0.6163	0.6750	0.7243	0.7098	0.7925	2.3141	2.0755	2.2813	2.2224	1.7196	2.2213	2.1166	2.0839
1.3537	0.9466	0.8432	0.8729	0.5937	0.7157	0.7959	0.7818	0.8637	1.1664	2.1030	2.2367	2.1942	1.9068	2.2210	2.2122	2.0083
1.3900	0.9740	0.8291	0.8615	0.6015	0.6981	0.7582	0.8048	0.8769	1.1947	0.8560	2.2283	2.1894	1.7923	2.2905	2.2351	2.0292
1.4024	0.9066	0.8153	0.8360	0.6461	0.7122	0.7337	0.8024	0.8529	1.2109	0.8550	0.8826	2.1404	1.8223	2.3046	2.2655	2.1039
1.4539	0.7918	0.7380	0.8908	0.6867	0.6404	0.6913	0.7659	0.8311	1.2461	0.9580	0.9502	0.7981	1.7626	2.2670	2.2352	2.1328
1.5809	0.8281	0.7166	0.9327	0.6656	0.6525	0.7239	0.7799	0.8375	1.3128	0.9714	0.9259	0.9009	0.7808	2.3006	2.2815	2.1599
1.5337	0.7842	0.7432	0.9653	0.6181	0.6435	0.7033	0.8028	0.8773	1.2849	1.0054	0.9253	0.9799	0.7851	1.0727	2.0853	2.1759
1.5160	0.7851	0.7814	0.9195	0.6089	0.6754	0.7097	0.8166	0.8708	1.2833	1.0366	0.9294	1.0838	0.7921	1.0705	0.7179	2.1783
1.4486	0.7750	0.7420	0.8531	0.6048	0.7002	0.7088	0.8157	0.8228	1.2471	1.0044	0.9084	1.0446	0.7876	1.0653	0.7689	0.7705
