0.6109	1.9690	2.2376	2.0980	2.1779	1.9249	2.2282	2.1828	2.2467	2.0963	2.1780	2.1600	2.2468	1.9097	2.1154	2.3954	2.0674
1.1025	0.5580	2.3807	2.0909	2.0559	1.8701	2.4853	2.1655	2.3532	2.0222	2.5072	2.3827	2.1836	2.1600	1.9846	2.3790	2.1141
1.1606	0.7145	0.7311	1.9850	2.1955	1.7701	2.3440	2.2109	2.2921	2.0477	2.3786	2.3420	2.3155	1.9819	2.4566	2.2660	2.1111
2.1487	0.8158	1.0654	0.6329	2.0865	2.1035	2.6743	2.2245	2.3457	2.0542	2.1345	2.5760	2.0067	1.9256	2.0537	2.2299	1.9588
2.6660	0.7413	1.6610	1.6268	0.8798	1.9264	2.5260	2.2709	2.4992	2.0983	2.3573	2.1957	1.8770	2.1776	1.9364	2.1197	2.2793
1.2768	0.7265	1.2678	1.9828	1.4751	0.6761	2.3164	2.2831	2.4080	2.1579	2.5204	2.5692	2.2859	1.9160	2.5044	2.0743	2.3973
1.6078	2.3762	1.8360	2.9229	2.6955	1.9899	1.5243	2.2637	2.3258	2.2266	2.1885	2.1124	2.2158	2.1109	2.0093	2.2144	2.0856
1.2861	3.4079	2.0916	2.7930	3.2391	2.2498	1.5294	1.5851	2.3024	2.2337	2.2397	2.0141	2.3307	1.8963	2.1175	2.1848	2.0253
2.3990	7.9412	4.4086	4.5390	4.5538	4.5934	1.8390	1.6078	1.0800	2.2240	2.2208	1.7414	2.3890	2.1394	2.2025	2.1367	2.1596
2.8061	7.7470	4.5264	4.7864	4.6341	4.7975	1.8821	1.6350	1.0863	1.0797	2.2861	1.9098	2.2836	2.3718	2.0835	2.3382	2.1919
4.6174	6.9386	4.9627	4.0846	3.5735	4.2701	2.4104	1.8894	1.1333	1.1159	0.8120	2.0965	1.9744	2.3840	2.0680	2.0735	2.3194
3.7575	7.8920	5.0850	4.9800	4.8782	5.2010	1.9173	1.6087	1.0956	1.0874	1.2771	1.0795	2.4623	2.2501	2.1811	2.1763	2.4315
4.1656	6.4293	4.8403	3.8301	3.7646	4.5839	2.1682	1.6883	1.1055	1.1324	1.0989	1.1027	1.0811	2.1955	2.0838	2.2460	2.2244
3.1534	6.1583	4.6028	3.5531	3.8950	4.9460	2.3866	1.6877	1.0948	1.1295	1.1744	1.1084	1.1558	1.0800	2.1248	2.2106	2.0812
3.3498	4.8745	4.3336	2.6837	2.9428	4.6234	3.2306	2.1691	1.1589	1.2564	1.1870	1.2171	1.1074	1.1266	0.8285	2.3136	1.9823
2.6739	6.4300	4.3833	3.4060	3.5606	4.9087	2.7363	1.7481	1.1145	1.1414	1.3263	1.1352	1.1990	1.1182	0.8478	1.0798	2.1180
3.2436	5.3031	4.3079	2.7190	3.1277	4.5509	3.0875	2.1914	1.1815	1.2567	1.2528	1.2070	1.1849	1.1373	0.8746	1.0961	1.0798
