0.7840	0.3534	0.0525	0.0025	0.0425	0.0200	0.2241	0.1659	0.0650	0.0000	0.1625	0.4075	0.0600	0.0450	0.1753	0.3100	0.0450
0.0000	0.7219	0.3600	0.0075	0.2400	0.0000	0.3448	0.2227	0.0000	0.0000	0.0000	0.3775	0.0000	0.3775	0.0000	0.3700	0.0125
0.0000	0.3025	0.6525	0.0050	0.1225	0.0000	0.1897	0.1409	0.0000	0.0175	0.0000	0.3725	0.4300	0.3875	0.0000	0.0400	0.2425
0.1760	0.1243	0.2200	0.6475	0.2400	0.0000	0.0000	0.0727	0.2275	0.0300	0.1875	0.4850	0.0100	0.3825	0.0722	0.2725	0.0000
0.1200	0.4563	0.0700	0.1875	0.6975	0.0000	0.1207	0.1591	0.2075	0.0000	0.0550	0.3800	0.1200	0.1650	0.0722	0.4150	0.0225
0.0880	0.4938	0.0000	0.0000	0.0000	0.5250	0.3448	0.1455	0.0300	0.0000	0.2300	0.4850	0.1900	0.0000	0.0619	0.0000	0.0000
0.0000	0.0000	0.0000	0.0000	0.0000	0.3775	0.3103	0.0000	0.3825	0.0000	0.3825	0.0000	0.2200	0.0000	0.2268	0.2400	0.0000
0.0000	0.4798	0.0375	0.1000	0.1600	0.0075	0.1379	0.6000	0.0450	0.0725	0.2075	0.3900	0.0700	0.4400	0.1340	0.3025	0.2750
0.1200	0.0000	0.0025	0.0000	0.0250	0.3325	0.0172	0.1227	0.6000	0.0000	0.1725	0.3800	0.2100	0.1825	0.1753	0.0000	0.0000
0.0020	0.0101	0.2250	0.3625	0.0100	0.0000	0.1034	0.2000	0.0000	0.7075	0.3250	0.2025	0.3800	0.0025	0.2680	0.0825	0.1150
0.0340	0.0000	0.0450	0.3125	0.0800	0.0075	0.0345	0.0250	0.0000	0.0750	0.6500	0.2400	0.2000	0.2425	0.1753	0.4500	0.0000
0.1580	0.0278	0.0000	0.0000	0.0050	0.1575	0.1897	0.1227	0.0100	0.0000	0.3800	0.6850	0.0600	0.2125	0.2165	0.1325	0.0000
0.2660	0.2720	0.3225	0.0000	0.3825	0.0000	0.3448	0.1455	0.0000	0.0025	0.0000	0.3775	0.4700	0.0250	0.0000	0.3775	0.2400
0.0100	0.0036	0.0000	0.1475	0.0400	0.0000	0.2931	0.1295	0.0025	0.0000	0.0825	0.3775	0.0300	0.6675	0.0619	0.3175	0.0000
0.0000	0.0145	0.0000	0.0000	0.0000	0.0500	0.1724	0.1182	0.2200	0.0000	0.0000	0.0050	0.2200	0.0675	0.7010	0.3775	0.0000
0.0040	0.0004	0.0300	0.3775	0.2250	0.0000	0.0000	0.2295	0.0975	0.0100	0.1750	0.2800	0.2200	0.3825	0.0722	0.6375	0.0000
0.0000	0.4968	0.3800	0.0350	0.3850	0.0000	0.2759	0.1273	0.0000	0.0050	0.0000	0.1300	0.0400	0.4425	0.0000	0.1225	0.6800
