0.4655	0.0000	0.0000	0.0000	0.0000	0.0000	0.0000	0.0000	0.0000	0.0000	0.0000	0.0000	0.0000	0.0000	0.0000	0.0000	0.0000
0.1207	0.6925	0.0000	0.0000	0.0000	0.0000	0.0000	0.0000	0.0000	0.0000	0.0000	0.0000	0.0000	0.0000	0.0000	0.0000	0.0000
0.0172	0.0000	0.6975	0.0000	0.0000	0.0000	0.0000	0.0000	0.0000	0.0000	0.0000	0.0000	0.0000	0.0000	0.0000	0.0000	0.0000
0.0000	0.0300	0.1375	0.7300	0.0000	0.0000	0.0000	0.0000	0.0000	0.0000	0.0000	0.0000	0.0000	0.0000	0.0000	0.0000	0.0000
0.1034	0.0925	0.0025	0.0075	0.7054	0.0000	0.0000	0.0000	0.0000	0.0000	0.0000	0.0000	0.0000	0.0000	0.0000	0.0000	0.0000
0.0345	0.0000	0.0550	0.0000	0.0046	0.7100	0.0000	0.0000	0.0000	0.0000	0.0000	0.0000	0.0000	0.0000	0.0000	0.0000	0.0000
0.1552	0.1000	0.3325	0.0000	0.0172	0.1700	0.7300	0.0000	0.0000	0.0000	0.0000	0.0000	0.0000	0.0000	0.0000	0.0000	0.0000
0.0862	0.0625	0.0025	0.0150	0.0407	0.3900	0.0250	0.7450	0.0000	0.0000	0.0000	0.0000	0.0000	0.0000	0.0000	0.0000	0.0000
0.0172	0.0000	0.3075	0.2275	0.0006	0.0025	0.0600	0.3225	0.7000	0.0000	0.0000	0.0000	0.0000	0.0000	0.0000	0.0000	0.0000
0.0690	0.0575	0.2375	0.1450	0.2513	0.2450	0.0000	0.0200	0.2225	0.5909	0.0000	0.0000	0.0000	0.0000	0.0000	0.0000	0.0000
0.2069	0.1975	0.0400	0.1150	0.3665	0.3575	0.0850	0.1175	0.1225	0.2250	0.6675	0.0000	0.0000	0.0000	0.0000	0.0000	0.0000
0.0000	0.0025	0.0925	0.1325	0.0012	0.3775	0.1300	0.0925	0.2150	0.1909	0.0000	0.7350	0.0000	0.0000	0.0000	0.0000	0.0000
0.0000	0.0725	0.0225	0.2700	0.0467	0.1425	0.1550	0.0350	0.0375	0.0818	0.0150	0.1350	0.7280	0.0000	0.0000	0.0000	0.0000
0.0000	0.0000	0.0575	0.1600	0.4115	0.0750	0.0050	0.3750	0.1150	0.2159	0.0000	0.0000	0.3820	0.7010	0.0000	0.0000	0.0000
0.1207	0.0425	0.1000	0.2350	0.0080	0.3500	0.2900	0.2625	0.2775	0.1455	0.0050	0.3150	0.1600	0.6082	0.5000	0.0000	0.0000
0.0345	0.0000	0.2325	0.0375	0.0268	0.0900	0.3725	0.0175	0.0400	0.2295	0.0000	0.0000	0.0800	0.0515	0.0000	0.7200	0.0000
0.0345	0.0025	0.1175	0.3025	0.0078	0.0000	0.2975	0.1150	0.1550	0.1227	0.1950	0.1925	0.3940	0.1443	0.1700	0.2500	0.6775
