1.3559	0.0000	0.0000	0.0000	0.0000	0.0000	0.0000	0.0000	0.0000	0.0000	0.0000	0.0000	0.0000	0.0000	0.0000	0.0000	0.0000
2.1480	0.7446	0.0000	0.0000	0.0000	0.0000	0.0000	0.0000	0.0000	0.0000	0.0000	0.0000	0.0000	0.0000	0.0000	0.0000	0.0000
2.1525	2.1534	0.7489	0.0000	0.0000	0.0000	0.0000	0.0000	0.0000	0.0000	0.0000	0.0000	0.0000	0.0000	0.0000	0.0000	0.0000
2.1069	2.1473	1.9649	0.7041	0.0000	0.0000	0.0000	0.0000	0.0000	0.0000	0.0000	0.0000	0.0000	0.0000	0.0000	0.0000	0.0000
2.1049	2.1006	2.1829	2.1528	0.5773	0.0000	0.0000	0.0000	0.0000	0.0000	0.0000	0.0000	0.0000	0.0000	0.0000	0.0000	0.0000
2.1834	2.3282	2.0829	2.0835	2.2077	0.7557	0.0000	0.0000	0.0000	0.0000	0.0000	0.0000	0.0000	0.0000	0.0000	0.0000	0.0000
2.2065	2.1372	1.9598	2.1344	2.2641	2.0310	0.6837	0.0000	0.0000	0.0000	0.0000	0.0000	0.0000	0.0000	0.0000	0.0000	0.0000
2.1562	2.1379	2.1561	2.1622	2.3007	1.9718	2.1568	0.6730	0.0000	0.0000	0.0000	0.0000	0.0000	0.0000	0.0000	0.0000	0.0000
2.1627	2.2009	1.9543	2.0481	2.1465	2.2036	2.0558	2.1460	0.7528	0.0000	0.0000	0.0000	0.0000	0.0000	0.0000	0.0000	0.0000
2.1762	2.0971	2.0035	2.0983	2.1625	2.0179	2.2077	2.1230	2.0496	1.1434	0.0000	0.0000	0.0000	0.0000	0.0000	0.0000	0.0000
2.1347	2.1539	2.0506	2.1318	1.9748	2.0582	2.0675	1.9659	2.2030	2.1918	0.7443	0.0000	0.0000	0.0000	0.0000	0.0000	0.0000
2.1600	2.3064	2.0355	2.1083	2.1323	1.9706	2.0838	2.0630	2.1425	2.0884	2.2577	0.6852	0.0000	0.0000	0.0000	0.0000	0.0000
2.2052	2.1667	2.2418	1.9271	2.1347	2.0716	2.0396	2.1039	2.2240	2.1547	2.2136	2.0860	0.7167	0.0000	0.0000	0.0000	0.0000
2.1904	2.1629	2.0145	2.1325	2.0916	2.0221	2.1491	2.0182	2.1471	2.0628	2.2988	2.2013	2.0671	0.7920	0.0000	0.0000	0.0000
2.1761	2.0738	2.0700	2.0591	2.0974	1.9477	2.0725	1.9906	2.0883	2.1546	2.2976	1.9035	2.0522	1.8926	1.0649	0.0000	0.0000
2.2153	2.1831	2.0364	2.1450	2.1061	2.0196	2.0134	2.1044	2.1751	2.1215	2.1549	2.1112	2.1286	2.2033	2.1181	0.6626	0.0000
2.1426	2.1342	2.0555	1.9868	2.1722	2.1359	1.9709	2.1735	2.0576	2.1579	2.1715	2.0823	2.0312	2.0274	2.0655	2.1262	0.7674
