0.3285	0.0612	0.0925	0.0634	0.0860	0.0593	0.0728	0.0564	0.0829	0.0745	0.0918	0.0000	0.0723	0.1056	0.0000	0.0620	0.0436
0.3327	0.6982	0.0770	0.0761	0.0165	0.0700	0.0033	0.0668	0.0848	0.0814	0.1216	0.0018	0.0748	0.0000	0.0077	0.0975	0.0451
0.2617	0.6765	0.6560	0.0638	0.0021	0.1302	0.0408	0.0438	0.1089	0.1131	0.0637	0.0034	0.0333	0.0227	0.0000	0.1609	0.0291
0.3246	0.6955	0.6442	0.6718	0.0219	0.0840	0.0477	0.0930	0.1525	0.1049	0.1029	0.0026	0.0437	0.0389	0.0000	0.1367	0.0319
0.3224	0.6249	0.5245	0.5662	0.7046	0.1163	0.0325	0.1078	0.0439	0.0786	0.0426	0.0135	0.0744	0.0570	0.0669	0.1018	0.0517
0.2252	0.6240	0.6398	0.6191	0.6928	0.7188	0.0061	0.0704	0.0794	0.0911	0.0775	0.0195	0.0641	0.0231	0.0468	0.1034	0.0416
0.2764	0.6660	0.5760	0.6341	0.6816	0.7103	0.7107	0.0290	0.0800	0.0819	0.1023	0.0239	0.0460	0.0648	0.0147	0.1416	0.0465
0.2968	0.6585	0.5768	0.5960	0.6663	0.6762	0.7100	0.7259	0.0731	0.0896	0.1161	0.0234	0.0453	0.0946	0.0065	0.1023	0.0733
0.1672	0.6593	0.6555	0.6373	0.6697	0.6459	0.6747	0.7071	0.6608	0.0822	0.1099	0.0126	0.0226	0.0590	0.0366	0.1145	0.1118
0.3307	0.6406	0.5732	0.5148	0.6800	0.6186	0.6805	0.6825	0.6100	0.5872	0.0162	0.0121	0.0560	0.0455	0.0840	0.0658	0.0609
0.2870	0.6436	0.4741	0.5884	0.6765	0.5966	0.6457	0.6319	0.5531	0.5603	0.6298	0.0042	0.0449	0.0105	0.1055	0.0636	0.0777
0.2211	0.6634	0.4946	0.5643	0.6736	0.5510	0.6869	0.7130	0.6156	0.5301	0.5321	0.6891	0.0356	0.0259	0.0827	0.0691	0.1303
0.2521	0.6421	0.7677	0.6956	0.6518	0.6905	0.7175	0.7036	0.6502	0.5212	0.5728	0.6877	0.6473	0.1026	0.0599	0.0470	0.0810
0.2806	0.6578	0.7542	0.6784	0.6607	0.6794	0.7122	0.6821	0.6502	0.5001	0.5206	0.6657	0.6329	0.2747	0.0221	0.0422	0.1268
0.2848	0.6723	0.7493	0.6252	0.6552	0.6378	0.6088	0.6363	0.5450	0.5374	0.5578	0.5708	0.6362	0.3598	0.3117	0.0548	0.0955
0.3092	0.6894	0.6803	0.6210	0.6509	0.6914	0.6718	0.6280	0.5520	0.5181	0.5685	0.6176	0.7135	0.2747	0.2314	0.6885	0.0781
0.2523	0.6544	0.7422	0.6450	0.6396	0.6774	0.6707	0.6740	0.6784	0.4710	0.5804	0.6644	0.6599	0.2747	0.3285	0.7061	0.7156
