0.4310	0.1025	0.3775	0.1550	0.3791	0.1475	0.2150	0.1150	0.3300	0.2159	0.2300	0.0000	0.1720	0.2165	0.0000	0.0975	0.0625
0.5000	0.7075	0.1650	0.1775	0.0327	0.2300	0.0050	0.1550	0.2250	0.2227	0.2925	0.0025	0.1700	0.0000	0.0100	0.1950	0.0675
0.4310	0.6900	0.6700	0.1000	0.0037	0.2600	0.0725	0.0575	0.3000	0.2500	0.1425	0.0025	0.0300	0.0103	0.0000	0.2500	0.0325
0.5000	0.7025	0.6450	0.6850	0.0456	0.2375	0.0975	0.3325	0.3400	0.2477	0.2525	0.0025	0.0580	0.0515	0.0000	0.3125	0.0550
0.4828	0.6375	0.5450	0.5750	0.7048	0.1950	0.0700	0.2500	0.0725	0.2182	0.1100	0.0175	0.1300	0.0515	0.2200	0.3350	0.1450
0.4138	0.6500	0.6375	0.6325	0.6931	0.7275	0.0075	0.1375	0.3325	0.2000	0.2300	0.0250	0.1360	0.0206	0.0900	0.2200	0.0675
0.4138	0.6800	0.5825	0.6375	0.6847	0.7225	0.7225	0.0475	0.1900	0.2364	0.2425	0.0275	0.0780	0.1134	0.0200	0.3675	0.0875
0.4483	0.6650	0.5775	0.6000	0.6742	0.6775	0.7125	0.7325	0.1850	0.2273	0.3025	0.0300	0.0580	0.1649	0.0100	0.3325	0.1600
0.3448	0.6775	0.6550	0.6450	0.6749	0.6600	0.6825	0.7175	0.6775	0.2182	0.2225	0.0125	0.0360	0.1443	0.0400	0.2000	0.2650
0.4655	0.6500	0.5775	0.5150	0.6801	0.6175	0.6975	0.6950	0.6425	0.5682	0.0225	0.0200	0.1280	0.0825	0.2400	0.2050	0.1075
0.4483	0.6650	0.4850	0.5975	0.6778	0.5950	0.6825	0.6525	0.6225	0.5455	0.6375	0.0075	0.1020	0.0206	0.2600	0.2250	0.2475
0.3966	0.6725	0.5000	0.5625	0.6742	0.5550	0.6900	0.7225	0.6475	0.5136	0.5475	0.6975	0.0480	0.0722	0.1300	0.1700	0.2525
0.4138	0.6700	0.7725	0.7025	0.6579	0.6950	0.7250	0.7150	0.6750	0.5318	0.5875	0.6975	0.7100	0.1856	0.0800	0.0650	0.1450
0.4483	0.6775	0.7600	0.6925	0.6625	0.6850	0.7225	0.6950	0.6675	0.5273	0.5625	0.6750	0.7140	0.7010	0.0300	0.0400	0.2950
0.4138	0.6875	0.7600	0.6550	0.6608	0.6650	0.6375	0.6575	0.5850	0.5591	0.5900	0.5950	0.7500	0.7113	0.4400	0.0750	0.3100
0.4483	0.6975	0.6800	0.6350	0.6561	0.6975	0.6900	0.6525	0.5950	0.5341	0.5950	0.6400	0.7640	0.7010	0.4000	0.6975	0.2725
0.4138	0.6700	0.7450	0.6575	0.6509	0.6875	0.6900	0.6825	0.6925	0.4932	0.6025	0.6775	0.7020	0.7010	0.4000	0.7125	0.7300
