1.2237	2.1478	2.0421	2.5251	2.0595	2.3031	1.8490	2.1116	2.2643	2.2995	2.2600	2.3630	2.3186	2.0819	2.1432	2.0640	2.1081
2.1825	0.5447	1.9380	2.4598	2.2539	2.0597	1.9409	2.3743	2.2541	2.1933	2.0815	2.2216	2.1333	2.0750	2.0240	2.1567	2.1181
2.1668	1.9663	0.2587	2.5089	1.8116	2.1289	2.0717	2.2728	2.2517	2.0881	2.1026	2.3886	2.0235	2.0021	1.8971	2.0244	2.0703
2.3261	2.1162	1.9602	0.4855	1.9093	2.0027	1.9001	2.1416	2.1639	2.1872	2.1946	2.3241	2.4044	1.9290	1.9775	2.1748	1.9790
2.1979	2.1668	2.0797	2.2068	0.5762	2.0230	2.0369	2.0219	2.1481	2.1807	2.0058	2.0396	2.3175	2.0446	2.0215	2.0311	2.1596
2.1597	2.0307	1.9218	2.3867	1.7037	0.5848	2.0979	2.2107	1.9564	2.1373	2.0501	2.2894	2.5927	1.9215	2.0253	2.1411	2.0708
2.1170	2.0354	2.1978	2.1715	1.7436	2.0732	0.6825	2.2035	2.0946	2.2494	2.0865	2.2621	2.1569	1.8955	2.0685	2.0162	2.1800
2.1123	2.0631	2.0310	2.2635	1.9412	2.0762	1.9571	0.6529	2.1050	2.0968	2.0120	2.3319	2.2736	1.8958	2.1656	2.1507	2.0405
2.0989	2.3187	1.9413	2.3787	1.9658	1.8439	1.8213	2.1245	0.7266	2.3101	2.1467	2.3300	2.2060	2.0641	1.9859	2.0512	2.2272
2.2189	1.9843	2.2802	2.1523	1.9511	2.1835	1.8681	2.0698	2.1993	0.8111	2.3790	2.3202	2.2630	2.0371	1.9374	2.1691	2.0635
2.0569	2.1136	1.9815	2.1856	1.7829	2.0838	2.0204	2.0516	2.1212	2.2823	0.6378	2.2452	2.3273	2.0203	1.9288	2.1063	2.1823
2.1680	2.0318	2.1014	2.5745	1.8238	2.1373	1.9225	2.2474	2.3278	2.1002	2.0818	0.6098	2.2627	2.0181	2.0080	2.2077	2.0870
2.0477	2.0539	2.1885	2.2486	1.7280	2.1930	1.8710	1.9425	2.1584	2.1251	2.1398	2.2481	0.3393	2.2068	1.8726	1.9225	1.9117
2.1157	2.0067	2.0465	2.2110	1.8591	2.0304	1.9173	2.0193	2.0009	2.1748	2.1768	2.3330	2.2659	0.7392	1.9575	2.0781	2.1470
2.1808	2.0189	1.9811	2.3006	1.8773	2.1513	1.8476	2.1142	2.1856	2.2722	1.9463	2.1581	2.1371	1.9844	1.1531	2.1006	2.0583
2.0820	2.0914	1.9323	2.2876	1.9708	2.2406	1.9427	2.1376	2.3347	2.2382	2.0610	2.3672	2.0208	2.1171	2.0519	0.6712	2.1747
2.2560	1.9685	2.1084	2.2236	1.8763	2.0768	2.0327	2.0614	2.3502	2.2164	2.0385	2.1452	2.4704	2.0462	1.9721	2.1337	0.6775
