0.4828	0.0825	0.1950	0.0025	0.1042	0.0175	0.3775	0.0825	0.0100	0.1545	0.1325	0.0800	0.0200	0.1649	0.1200	0.0625	0.2400
0.1207	0.8150	0.3300	0.0125	0.0155	0.1550	0.2150	0.0200	0.0200	0.2159	0.1100	0.0275	0.2440	0.1237	0.1900	0.0625	0.0400
0.0862	0.2475	0.9175	0.0000	0.5000	0.2325	0.2825	0.0050	0.1550	0.1545	0.0600	0.0000	0.1320	0.1959	0.3800	0.1375	0.1475
0.1034	0.1675	0.2300	0.8225	0.3336	0.2725	0.2725	0.0750	0.0200	0.1591	0.0275	0.0050	0.0120	0.2165	0.3200	0.1000	0.2000
0.0517	0.0225	0.1225	0.1100	0.7078	0.1150	0.2325	0.2375	0.0675	0.1318	0.1550	0.0575	0.0300	0.1340	0.2000	0.2075	0.1175
0.1034	0.3100	0.2825	0.0025	0.2678	0.7675	0.1175	0.0225	0.1425	0.2227	0.1300	0.0100	0.0020	0.4021	0.1800	0.0850	0.2300
0.0517	0.3225	0.3200	0.0525	0.4938	0.1275	0.7625	0.0225	0.1800	0.1659	0.2350	0.0100	0.0340	0.3299	0.2300	0.1925	0.0775
0.1034	0.1100	0.0950	0.0600	0.0282	0.0275	0.2100	0.7450	0.0800	0.2182	0.1075	0.0250	0.0300	0.1649	0.0100	0.1925	0.1875
0.1034	0.0150	0.1925	0.0250	0.4938	0.2350	0.3525	0.0075	0.7075	0.1341	0.0575	0.0200	0.0200	0.1237	0.3500	0.0775	0.1300
0.0862	0.1625	0.2000	0.1750	0.4241	0.0825	0.3700	0.1475	0.0525	0.7318	0.0075	0.0125	0.0560	0.2474	0.2300	0.0025	0.1200
0.1552	0.2000	0.2700	0.1050	0.4954	0.0625	0.1350	0.1100	0.1750	0.0795	0.7775	0.0025	0.0640	0.0515	0.1800	0.0875	0.1675
0.0862	0.3100	0.0925	0.0000	0.3294	0.0725	0.2500	0.0100	0.0075	0.2091	0.1325	0.7725	0.0640	0.1959	0.1600	0.0175	0.2000
0.1034	0.1425	0.1625	0.0175	0.4321	0.0750	0.3025	0.2500	0.0450	0.1250	0.1650	0.0175	0.8720	0.0928	0.2500	0.3200	0.3625
0.0517	0.2825	0.2000	0.0400	0.4359	0.2000	0.3850	0.2125	0.3100	0.2227	0.2825	0.1350	0.0020	0.7216	0.2800	0.0400	0.0350
0.0345	0.2025	0.2625	0.0350	0.4976	0.2000	0.3750	0.1550	0.0550	0.1955	0.0975	0.0000	0.0700	0.1649	0.3500	0.2500	0.2000
0.0345	0.1075	0.2250	0.0125	0.1474	0.0075	0.2150	0.0150	0.0275	0.2250	0.1400	0.0600	0.2240	0.0103	0.3000	0.7275	0.0650
0.0517	0.2525	0.1550	0.0025	0.4953	0.1550	0.0550	0.0900	0.0025	0.1818	0.0600	0.2500	0.0000	0.1340	0.3000	0.0825	0.7300
