0.3540	0.0483	0.0999	0.0029	0.0568	0.0259	0.1141	0.0415	0.0085	0.0494	0.0494	0.0350	0.0147	0.0544	0.0656	0.0568	0.1290
0.0648	0.8058	0.1461	0.0126	0.0098	0.0619	0.1058	0.0126	0.0140	0.0549	0.0602	0.0214	0.1225	0.0701	0.1258	0.0541	0.0293
0.0530	0.1309	0.9118	0.0000	0.2222	0.1075	0.0840	0.0030	0.0660	0.0636	0.0431	0.0000	0.0807	0.0629	0.2021	0.0932	0.0530
0.0701	0.0735	0.0736	0.8132	0.1143	0.1035	0.1173	0.0377	0.0150	0.0655	0.0253	0.0036	0.0132	0.1245	0.1832	0.0761	0.0646
0.0426	0.0163	0.0688	0.0401	0.7069	0.0651	0.0954	0.0857	0.0362	0.0503	0.0912	0.0490	0.0254	0.0659	0.1116	0.0791	0.0510
0.0602	0.1387	0.1180	0.0029	0.1130	0.7598	0.0379	0.0176	0.0970	0.0703	0.0676	0.0103	0.0037	0.1057	0.0657	0.0532	0.0971
0.0234	0.1192	0.1646	0.0238	0.1107	0.0543	0.7510	0.0169	0.0648	0.0565	0.0783	0.0107	0.0196	0.1567	0.0632	0.1148	0.0454
0.0632	0.0641	0.0593	0.0259	0.0176	0.0234	0.1351	0.7303	0.0494	0.0676	0.0526	0.0223	0.0288	0.0868	0.0108	0.0777	0.1156
0.0895	0.0099	0.0825	0.0232	0.0950	0.1218	0.1319	0.0074	0.6911	0.0495	0.0413	0.0190	0.0122	0.0483	0.1058	0.0350	0.0557
0.0665	0.0729	0.0939	0.0891	0.0792	0.0414	0.0925	0.0677	0.0248	0.7369	0.0061	0.0112	0.0397	0.0820	0.1425	0.0026	0.0575
0.1214	0.0846	0.1329	0.0570	0.1330	0.0517	0.0416	0.0546	0.0658	0.0406	0.7688	0.0021	0.0380	0.0216	0.0948	0.0455	0.0642
0.0620	0.1596	0.0495	0.0000	0.0970	0.0340	0.0947	0.0083	0.0071	0.0798	0.0563	0.7671	0.0375	0.1080	0.0874	0.0207	0.0710
0.0534	0.0418	0.0625	0.0127	0.1236	0.0420	0.1261	0.0871	0.0284	0.0654	0.0647	0.0196	0.8250	0.0556	0.0990	0.1010	0.1553
0.0200	0.1226	0.1115	0.0276	0.0996	0.0985	0.0978	0.0621	0.1189	0.0618	0.0740	0.0516	0.0016	0.4593	0.1077	0.0412	0.0303
0.0302	0.1041	0.1096	0.0326	0.1663	0.0600	0.1233	0.0683	0.0294	0.0522	0.0539	0.0000	0.0292	0.1151	0.2819	0.0943	0.0837
0.0123	0.0662	0.0797	0.0091	0.0626	0.0064	0.0924	0.0097	0.0175	0.0616	0.0645	0.0238	0.0975	0.0286	0.1121	0.7212	0.0383
0.0197	0.1285	0.0728	0.0019	0.1330	0.0913	0.0413	0.0629	0.0029	0.0486	0.0454	0.1033	0.0000	0.0795	0.1301	0.0391	0.7069
