0.8952	0.0236	0.0031	0.1531	0.0950	0.1045	0.0291	0.0912	0.0522	0.4539	0.0320	0.1033	0.0000	0.0586	0.0210	0.0111	0.2170
0.4081	0.7325	0.0553	0.0304	0.0000	0.1404	0.0588	0.0169	0.1412	0.1871	0.1468	0.1393	0.0000	0.0975	0.0000	0.0158	0.0618
0.0744	0.2054	0.6847	0.0000	0.1844	0.0122	0.1333	0.0515	0.0000	0.0000	0.0000	0.1336	0.0615	0.0000	0.0114	0.0398	0.0000
0.1937	0.0085	0.7171	0.7846	0.0172	0.1290	0.1001	0.0515	0.0122	0.0148	0.1573	0.0000	0.0623	0.1388	0.0138	0.0891	0.2300
0.1259	0.0118	0.0964	0.6614	0.7173	0.1290	0.0447	0.0421	0.0278	0.0431	0.0376	0.0000	0.0000	0.0591	0.0449	0.0135	0.1294
0.0350	0.1114	0.1588	0.3445	0.6096	0.7952	0.0152	0.0233	0.0182	0.0000	0.0000	0.0340	0.1067	0.0428	0.0897	0.0000	0.1872
0.0000	0.3339	0.1827	0.1827	0.1290	0.1290	0.0732	0.0000	0.1844	0.1290	0.1290	0.0000	0.0000	0.0000	0.0000	0.0000	0.1844
0.0000	0.0000	0.1827	0.1844	0.1293	0.1290	0.1026	0.0800	0.1827	0.0000	0.0000	0.0000	0.0000	0.0000	0.0000	0.0000	0.1844
0.0000	0.0000	0.0000	0.0972	0.1827	0.1290	0.0732	0.0800	0.1809	0.0000	0.1290	0.0000	0.0000	0.0000	0.0000	0.0000	0.0000
0.1932	0.3333	0.0000	0.1290	0.1290	0.1290	0.1026	0.0800	0.1290	0.1844	0.0000	0.0000	0.0000	0.0000	0.0000	0.0000	0.0000
0.0000	0.3333	0.0000	0.0000	0.1029	0.1700	0.1026	0.0655	0.1290	0.1290	0.4459	0.0000	0.0000	0.1236	0.0000	0.0000	0.0000
0.0286	0.3333	0.1827	0.0918	0.0000	0.0000	0.0686	0.0672	0.1415	0.0943	0.2092	0.3255	0.0000	0.1144	0.0449	0.0000	0.0000
0.0000	0.3333	0.1827	0.0000	0.0000	0.0000	0.0000	0.0000	0.0000	0.1317	0.1844	0.1844	0.3524	0.0000	0.0449	0.1827	0.0000
0.0000	0.3333	0.0000	0.1827	0.1457	0.0000	0.0197	0.0000	0.0901	0.1290	0.1844	0.1844	0.1538	0.3404	0.0000	0.3369	0.0000
0.0000	0.0000	0.0000	0.0000	0.0000	0.0000	0.0000	0.0000	0.0000	0.0000	0.0000	0.1827	0.1202	0.1827	0.2747	0.1827	0.0000
0.0000	0.0000	0.0000	0.1827	0.1433	0.0688	0.0000	0.0000	0.0000	0.0758	0.1364	0.1827	0.1202	0.1827	0.2747	0.3090	0.0000
0.0023	0.3333	0.1827	0.1830	0.1378	0.0939	0.0000	0.0425	0.0000	0.0000	0.1373	0.0000	0.0000	0.1827	0.2747	0.2046	0.1987
