0.2769	2.0915	2.3545	2.2391	2.0169	2.0535	2.1991	2.1444	2.0643	1.7359	2.0876	2.1226	2.1881	2.0960	2.1497	2.0820	1.9504
1.6828	0.5310	2.4259	2.0565	2.3772	2.2413	2.0090	2.2262	2.0332	1.8668	2.0831	1.9406	2.0772	2.2443	2.2174	2.0664	2.0874
2.1130	1.8738	0.7633	2.2727	2.2212	2.1497	1.9681	1.9933	2.2417	2.5004	2.1737	1.9147	2.1539	2.2359	2.0618	2.1934	1.9354
2.2338	2.4203	1.3318	0.5292	2.1952	1.8505	2.0799	2.1213	2.1892	2.3403	2.0193	2.2424	2.1666	1.9487	2.1543	1.9899	2.1274
2.0266	3.0890	1.9114	1.4078	0.7562	1.8872	2.1051	2.2284	1.8796	2.2241	2.1697	2.3040	2.2835	2.0061	2.3006	2.2226	2.0623
2.1626	2.7138	1.7876	1.5137	1.1067	0.6658	2.3024	2.2108	1.9755	2.3036	2.2031	2.1965	2.0175	2.2098	2.0763	2.0901	1.9551
2.3505	1.9137	1.6017	1.6627	1.4686	1.6652	1.5297	2.1656	1.8673	2.0800	2.1046	2.1429	2.2567	2.0636	2.2466	2.3003	2.0709
2.1254	2.6780	1.7411	1.7452	1.7446	1.6786	1.5839	1.5852	1.7157	2.3359	2.2184	2.2099	2.4620	2.1942	2.4951	2.3503	1.9681
2.0603	2.7565	2.1168	2.1435	1.5977	1.6516	1.7543	1.6115	1.0815	2.2501	2.4299	2.3990	2.2090	2.2098	2.6225	2.1752	2.1854
1.9648	1.4358	2.2352	1.9539	1.9367	1.7575	1.7379	1.7505	1.2886	1.0813	2.4181	2.2664	2.3318	2.0627	2.5134	2.0628	2.2859
2.3525	1.4774	2.2621	1.9635	1.9968	1.9497	1.7206	1.9363	1.5917	1.2795	1.0573	2.2616	2.0869	1.9787	2.0732	2.0442	2.3139
2.2802	1.3790	1.9981	2.2167	2.1660	2.3128	1.9609	2.0701	2.0950	1.6601	1.2267	1.0810	2.2460	2.0591	2.3435	2.2605	2.4541
2.3113	1.4603	1.9617	2.2100	2.8099	2.7255	2.4913	2.7826	2.8809	2.4973	1.6422	1.1153	1.0827	2.0927	1.9505	2.0620	2.4610
2.3436	1.5825	2.2808	1.9124	2.1449	2.8254	2.0609	2.5050	2.3504	2.0160	1.4986	1.4473	1.3829	1.0260	1.9431	1.9428	2.3233
2.2524	2.1773	2.2226	2.0800	2.1934	2.6863	2.5110	3.1404	3.4586	2.8374	2.1473	1.7667	1.6273	1.1886	0.8438	1.9974	2.3468
2.2927	2.0419	2.0664	1.8313	2.0064	2.2601	2.1024	2.1153	2.1344	1.9354	1.5508	1.9182	1.6555	1.4171	0.9639	1.1008	2.4047
2.0697	1.9532	1.9976	1.8927	1.9637	1.9134	2.2203	1.9892	2.1552	2.2518	2.0617	3.0132	2.2615	1.5192	1.2954	1.2401	1.0751
