0.9180	0.0635	0.0025	0.2450	0.2550	0.3475	0.0517	0.1977	0.0850	0.5150	0.0600	0.1800	0.0000	0.1050	0.0309	0.0175	0.4150
0.4040	0.7325	0.0800	0.0425	0.0000	0.1600	0.1724	0.0159	0.3750	0.2725	0.3625	0.3725	0.0000	0.1150	0.0000	0.0175	0.0850
0.0960	0.2122	0.6850	0.0000	0.3825	0.0175	0.2931	0.1477	0.0000	0.0000	0.0000	0.2425	0.0800	0.0000	0.0206	0.0325	0.0000
0.2960	0.0109	0.7375	0.8100	0.0175	0.2400	0.1897	0.1477	0.0225	0.0300	0.2725	0.0000	0.1700	0.3175	0.0103	0.1075	0.3475
0.2480	0.0091	0.1175	0.6800	0.7250	0.2400	0.0862	0.1205	0.0375	0.0700	0.0600	0.0000	0.0000	0.0725	0.0722	0.0150	0.1625
0.0480	0.1670	0.3375	0.5950	0.6100	0.8050	0.0172	0.0341	0.0300	0.0000	0.0000	0.0500	0.1600	0.0625	0.2165	0.0000	0.2650
0.0000	0.5000	0.3775	0.3775	0.2400	0.2400	0.2241	0.0000	0.3825	0.2400	0.2400	0.0000	0.0000	0.0000	0.0000	0.0000	0.3825
0.0000	0.0000	0.3775	0.3825	0.2400	0.2400	0.3448	0.2500	0.3775	0.0000	0.0000	0.0000	0.0000	0.0000	0.0000	0.0000	0.3825
0.0000	0.0000	0.0000	0.2400	0.3775	0.2400	0.2241	0.2500	0.3725	0.0000	0.2400	0.0000	0.0000	0.0000	0.0000	0.0000	0.0000
0.4080	0.5000	0.0000	0.2400	0.2400	0.2400	0.3448	0.2500	0.2400	0.3825	0.0000	0.0000	0.0000	0.0000	0.0000	0.0000	0.0000
0.0000	0.5000	0.0000	0.0000	0.1950	0.2125	0.3448	0.1477	0.2400	0.2400	0.4850	0.0000	0.0000	0.3200	0.0000	0.0000	0.0000
0.0140	0.5000	0.3775	0.2250	0.0000	0.0000	0.2069	0.2432	0.3475	0.2325	0.3600	0.4275	0.0000	0.3525	0.0722	0.0000	0.0000
0.0000	0.5000	0.3775	0.0000	0.0000	0.0000	0.0000	0.0000	0.0000	0.1850	0.3825	0.3825	0.4900	0.0000	0.0722	0.3775	0.0000
0.0000	0.5000	0.0000	0.3775	0.2375	0.0000	0.0517	0.0000	0.1325	0.2400	0.3825	0.3825	0.2300	0.4650	0.0000	0.4050	0.0000
0.0000	0.0000	0.0000	0.0000	0.0000	0.0000	0.0000	0.0000	0.0000	0.0000	0.0000	0.3775	0.2200	0.3775	0.7010	0.3775	0.0000
0.0000	0.0000	0.0000	0.3775	0.3575	0.1500	0.0000	0.0000	0.0000	0.1625	0.3375	0.3775	0.2200	0.3775	0.7010	0.4225	0.0000
0.0020	0.5000	0.3775	0.3775	0.3775	0.2300	0.0000	0.1455	0.0000	0.0000	0.3775	0.0000	0.0000	0.3775	0.7010	0.3875	0.3875
