0.3966	0.3425	0.0000	0.0000	0.0022	0.0000	0.1750	0.1725	0.0000	0.1386
0.2069	0.7125	0.0325	0.0150	0.0000	0.0000	0.0200	0.0000	0.0025	0.1773
0.2414	0.5975	0.6775	0.0275	0.0506	0.0450	0.0225	0.0000	0.0400	0.0000
0.1207	0.3825	0.4625	0.6800	0.2421	0.3875	0.1000	0.0000	0.3625	0.0000
0.0000	0.3775	0.3750	0.3775	0.5000	0.2400	0.0000	0.0000	0.0000	0.0000
0.0862	0.0500	0.3775	0.4050	0.4726	0.6925	0.2400	0.0000	0.1000	0.0000
0.0862	0.0375	0.0875	0.4250	0.3878	0.6900	0.7050	0.0825	0.4750	0.0068
0.0000	0.0000	0.0000	0.3775	0.4314	0.3775	0.3800	0.6900	0.1075	0.0091
0.0000	0.0000	0.2875	0.3775	0.5000	0.3775	0.3775	0.3825	0.4950	0.0000
0.0000	0.0000	0.0000	0.3400	0.4658	0.3550	0.3675	0.2950	0.4400	0.1068
