0.0345	0.0250	0.0025	0.2275	0.3110	0.0100	0.3225	0.2050	0.3775	0.1682	0.0600	0.0275	0.2380	0.3505	0.1800	0.0000	0.1025
0.0345	0.0250	0.0025	0.2275	0.3110	0.0100	0.3225	0.2050	0.3775	0.1682	0.0600	0.0275	0.2380	0.3505	0.1800	0.0000	0.1025
0.0345	0.0250	0.0025	0.2275	0.3110	0.0100	0.3225	0.2050	0.3775	0.1682	0.0600	0.0275	0.2380	0.3505	0.1800	0.0000	0.1025
0.0345	0.0250	0.0025	0.2275	0.3110	0.0100	0.3225	0.2050	0.3775	0.1682	0.0600	0.0275	0.2380	0.3505	0.1800	0.0000	0.1025
0.0345	0.0250	0.0025	0.2275	0.3110	0.0100	0.3225	0.2050	0.3775	0.1682	0.0600	0.0275	0.2380	0.3505	0.1800	0.0000	0.1025
0.0345	0.0250	0.0025	0.2275	0.3110	0.0100	0.3225	0.2050	0.3775	0.1682	0.0600	0.0275	0.2380	0.3505	0.1800	0.0000	0.1025
0.0345	0.0250	0.0025	0.2275	0.3110	0.0100	0.3225	0.2050	0.3775	0.1682	0.0600	0.0275	0.2380	0.3505	0.1800	0.0000	0.1025
0.0345	0.0250	0.0025	0.2275	0.3110	0.0100	0.3225	0.2050	0.3775	0.1682	0.0600	0.0275	0.2380	0.3505	0.1800	0.0000	0.1025
0.0345	0.0250	0.0025	0.2275	0.3110	0.0100	0.3225	0.2050	0.3775	0.1682	0.0600	0.0275	0.2380	0.3505	0.1800	0.0000	0.1025
0.0345	0.0250	0.0025	0.2275	0.3110	0.0100	0.3225	0.2050	0.3775	0.1682	0.0600	0.0275	0.2380	0.3505	0.1800	0.0000	0.1025
0.0345	0.0250	0.0025	0.2275	0.3110	0.0100	0.3225	0.2050	0.3775	0.1682	0.0600	0.0275	0.2380	0.3505	0.1800	0.0000	0.1025
0.0345	0.0250	0.0025	0.2275	0.3110	0.0100	0.3225	0.2050	0.3775	0.1682	0.0600	0.0275	0.2380	0.3505	0.1800	0.0000	0.1025
0.0345	0.0250	0.0025	0.2275	0.3110	0.0100	0.3225	0.2050	0.3775	0.1682	0.0600	0.0275	0.2380	0.3505	0.1800	0.0000	0.1025
0.0345	0.0250	0.0025	0.2275	0.3110	0.0100	0.3225	0.2050	0.3775	0.1682	0.0600	0.0275	0.2380	0.3505	0.1800	0.0000	0.1025
0.0345	0.0250	0.0025	0.2275	0.3110	0.0100	0.3225	0.2050	0.3775	0.1682	0.0600	0.0275	0.2380	0.3505	0.1800	0.0000	0.1025
0.0345	0.0250	0.0025	0.2275	0.3110	0.0100	0.3225	0.2050	0.3775	0.1682	0.0600	0.0275	0.2380	0.3505	0.1800	0.0000	0.1025
0.0345	0.0250	0.0025	0.2275	0.3110	0.0100	0.3225	0.2050	0.3775	0.1682	0.0600	0.0275	0.2380	0.3505	0.1800	0.0000	0.1025
