0.7709	2.2625	2.1803	2.1016	2.1686	2.2150	1.9810	2.1169	2.0155	2.3536	2.1856	2.2412	2.5453	2.3675	2.3877	2.4490	2.0682
2.2071	1.2435	1.8527	1.9893	2.1883	2.4920	2.2199	2.1441	1.8710	2.1860	1.8951	2.3048	2.5117	2.2783	2.2291	2.3270	1.8955
2.4535	1.5242	0.6019	2.2684	2.2641	2.4253	2.0117	2.2858	1.9793	2.0145	1.8527	2.2643	2.4435	2.5889	2.3078	2.2071	2.0332
1.9229	1.5773	1.5793	0.6835	2.1934	2.3749	2.1660	2.0185	1.9987	2.0794	1.9931	2.0366	2.3317	2.6018	2.0744	2.2937	2.0826
2.3859	1.7700	2.3709	1.1784	0.7201	2.5340	2.6032	2.0133	1.9861	2.2468	2.0447	1.9931	2.2887	2.1980	2.0041	2.3750	1.9670
1.4855	3.1262	6.4667	2.5656	2.2506	1.5309	2.1829	2.1880	2.1698	2.5931	2.4341	1.9719	2.1791	2.0040	2.0386	2.0746	2.1811
1.9884	3.8498	5.1828	3.6883	4.0575	2.1193	0.8751	2.1850	1.9703	2.3348	2.3449	1.7728	1.9617	2.0547	2.4390	2.1360	2.3064
3.4255	3.6188	3.5407	4.3920	4.4440	3.0334	1.0103	1.0833	2.0344	2.0289	2.1197	1.9800	1.7304	1.9388	2.3894	2.0255	2.2658
2.9820	3.8639	4.2147	4.1576	4.6427	2.6566	0.9580	1.0933	1.1244	2.0855	2.2728	1.9230	1.7348	1.9721	2.4197	1.9664	2.2879
4.0407	3.2466	2.4156	4.3820	5.4507	3.9641	1.2566	1.1076	1.2502	1.0901	2.0918	2.1514	1.9390	2.2094	2.3308	1.8866	2.3195
3.8183	2.5961	1.5048	3.9410	4.4903	4.5189	1.5244	1.1576	1.3602	1.1162	1.0815	2.1396	2.0721	2.2906	2.4421	1.9895	2.2087
4.1084	2.7609	2.1663	3.6246	3.4768	3.0828	1.2399	1.1753	1.1993	1.1401	1.1850	1.0812	1.8263	2.2725	2.4031	2.0281	2.2317
3.4734	3.1534	3.3055	3.0483	3.5876	2.4688	1.9964	1.4524	1.7327	1.3449	1.5781	1.5946	0.6932	1.9016	1.9503	1.9253	2.2522
4.8428	5.0055	5.1022	4.1820	4.1798	2.7319	1.4437	1.1658	1.3350	1.1696	1.4146	1.2742	0.7015	1.1001	1.8597	2.0986	2.2802
4.2135	4.5423	5.5388	3.6903	2.8783	2.1164	1.5911	1.3662	1.4143	1.5446	1.9129	1.2558	0.6935	1.1332	1.0957	2.2102	2.3555
3.2899	4.7304	6.3451	3.8025	3.3940	1.8941	1.4041	1.3943	1.4968	1.6280	2.4197	1.5577	0.6994	1.1167	1.1088	1.0884	2.3990
5.1168	3.9937	3.9831	3.6319	2.8461	2.3228	1.6815	1.3027	1.3910	1.4489	1.5200	1.1319	0.6953	1.1443	1.1079	1.1434	1.0871
