0.8917	2.0901	2.0782	2.0221	2.0910	2.0829	2.0739	2.0457	2.0507	2.0899	2.0741	2.0207	2.0588	2.0753	2.0414	2.0737	2.0202
0.9361	1.3706	2.1155	2.0486	2.1314	2.0943	2.0978	2.0640	2.0316	2.1019	2.0663	2.0354	2.0606	2.0902	2.0558	2.0552	2.0365
0.8903	1.4918	0.8582	2.0463	2.0940	2.1270	2.0455	2.0933	1.9881	2.1354	2.0598	2.0533	2.1027	2.0875	2.0050	2.0870	2.0259
0.9057	1.4922	1.0098	0.7250	2.1208	2.1383	2.0643	2.0994	1.9791	2.1497	2.0583	2.0462	2.1203	2.0880	1.9883	2.0940	2.0124
0.9551	1.5256	1.0321	0.7622	0.7386	2.1413	2.0837	2.0782	1.9815	2.1392	2.0578	2.0292	2.1018	2.0834	1.9738	2.0990	1.9930
0.9384	1.5041	1.3612	0.7666	0.7653	1.3911	2.0784	2.0789	1.9856	2.1503	2.0375	2.0338	2.1093	2.0903	1.9805	2.0984	1.9963
0.9346	1.5352	1.6104	0.7913	0.8019	1.3928	0.7951	2.0724	1.9810	2.1556	2.0302	2.0233	2.1138	2.0925	1.9778	2.0916	1.9908
0.9566	1.6128	1.0416	0.8158	0.8865	1.4194	0.7906	0.8294	1.9960	2.1196	2.0622	2.0273	2.1206	2.1135	1.9628	2.0940	1.9919
1.0033	1.7008	1.1080	0.8401	0.7924	1.4459	0.7994	0.8473	0.8049	2.1244	2.0776	2.0493	2.1304	2.1228	1.9663	2.1082	1.9849
1.0076	2.0162	1.3223	1.0291	0.8655	1.5938	0.8023	0.9507	0.8451	1.0871	2.0651	2.0586	2.1237	2.1401	1.9604	2.1089	1.9678
1.0606	1.7694	1.1933	0.8347	0.8423	1.5094	0.8032	0.8445	0.8226	1.0699	0.8372	2.0248	2.1303	2.1329	1.9383	2.0828	1.9676
0.9784	1.5907	1.2689	0.7606	0.7372	1.4036	0.7931	0.8528	0.8221	1.0899	0.8444	0.7308	2.1177	2.1185	1.9438	2.0911	1.9825
0.9941	1.5220	1.1160	0.7816	0.8385	1.4561	0.7845	0.8957	0.8553	1.0417	0.8931	0.8618	0.6038	2.1173	1.9894	2.0828	2.0475
0.9773	1.6397	1.1550	0.7904	0.7772	1.4713	0.7877	0.8482	0.8376	1.0708	0.8576	0.7807	0.6794	0.6673	1.9809	2.1076	2.0321
1.2574	1.7513	1.0373	0.9348	0.8367	1.4736	0.7934	0.9668	0.8922	1.1057	0.8748	0.9044	0.8802	0.7892	0.8070	2.1183	2.0225
1.1556	1.8097	1.1507	0.9782	0.9220	1.5011	0.7911	0.9225	0.9017	1.1348	0.8720	0.9111	0.8565	0.8438	0.8486	0.8145	2.0273
0.9608	1.8330	1.5293	0.9517	0.8155	1.5293	0.7913	0.8692	0.8494	1.0686	0.8486	0.8519	1.0473	0.7818	0.8512	0.8417	0.8017
