0.4310	0.0000	0.0000	0.0000	0.0000	0.0000	0.0000	0.0000	0.0000	0.0000	0.0000	0.0000	0.0000	0.0000	0.0000	0.0000	0.0000
0.4138	0.6950	0.0000	0.0000	0.0000	0.0000	0.0000	0.0000	0.0000	0.0000	0.0000	0.0000	0.0000	0.0000	0.0000	0.0000	0.0000
0.3448	0.7250	0.6400	0.0000	0.0000	0.0000	0.0000	0.0000	0.0000	0.0000	0.0000	0.0000	0.0000	0.0000	0.0000	0.0000	0.0000
0.3448	0.7150	0.6150	0.7100	0.0000	0.0000	0.0000	0.0000	0.0000	0.0000	0.0000	0.0000	0.0000	0.0000	0.0000	0.0000	0.0000
0.3793	0.6650	0.4050	0.5900	0.6901	0.0000	0.0000	0.0000	0.0000	0.0000	0.0000	0.0000	0.0000	0.0000	0.0000	0.0000	0.0000
0.3621	0.6275	0.2975	0.5950	0.6840	0.6900	0.0000	0.0000	0.0000	0.0000	0.0000	0.0000	0.0000	0.0000	0.0000	0.0000	0.0000
0.3793	0.6200	0.3225	0.6200	0.6842	0.6025	0.7275	0.0000	0.0000	0.0000	0.0000	0.0000	0.0000	0.0000	0.0000	0.0000	0.0000
0.4310	0.6150	0.3400	0.5975	0.6769	0.6825	0.6550	0.7175	0.0000	0.0000	0.0000	0.0000	0.0000	0.0000	0.0000	0.0000	0.0000
0.4310	0.6750	0.3725	0.6400	0.6822	0.6850	0.7000	0.7175	0.6450	0.0000	0.0000	0.0000	0.0000	0.0000	0.0000	0.0000	0.0000
0.4655	0.6900	0.5425	0.6100	0.6826	0.6300	0.6825	0.7000	0.5775	0.5864	0.0000	0.0000	0.0000	0.0000	0.0000	0.0000	0.0000
0.4310	0.6875	0.5100	0.6600	0.6639	0.7000	0.7050	0.7075	0.6375	0.5136	0.6950	0.0000	0.0000	0.0000	0.0000	0.0000	0.0000
0.4138	0.6950	0.5850	0.6600	0.6717	0.6375	0.6850	0.6850	0.6350	0.4795	0.6825	0.7150	0.0000	0.0000	0.0000	0.0000	0.0000
0.4483	0.7125	0.6725	0.7200	0.6739	0.6050	0.7250	0.6775	0.5775	0.5114	0.7075	0.6825	0.7040	0.0000	0.0000	0.0000	0.0000
0.4138	0.6300	0.6300	0.7150	0.6431	0.6325	0.7250	0.5875	0.5550	0.5068	0.6600	0.7075	0.7000	0.7010	0.0000	0.0000	0.0000
0.3966	0.5975	0.6325	0.7225	0.6553	0.5900	0.6750	0.6000	0.5875	0.5023	0.6825	0.6625	0.7260	0.7010	0.3400	0.0000	0.0000
0.4310	0.6250	0.6600	0.7250	0.6555	0.6400	0.6225	0.6225	0.6225	0.4977	0.6650	0.6200	0.6560	0.7010	0.3700	0.7100	0.0000
0.4483	0.6750	0.6750	0.6850	0.6734	0.6175	0.6200	0.6725	0.5725	0.4795	0.6725	0.6125	0.7140	0.7010	0.4500	0.6800	0.7000
