0.7883	0.0000	0.0000	0.0000	0.0000	0.0000	0.0000	0.0000	0.0000	0.0000	0.0000	0.0000	0.0000	0.0000	0.0000	0.0000	0.0000
1.0887	1.2474	0.0000	0.0000	0.0000	0.0000	0.0000	0.0000	0.0000	0.0000	0.0000	0.0000	0.0000	0.0000	0.0000	0.0000	0.0000
1.0765	1.9143	0.7603	0.0000	0.0000	0.0000	0.0000	0.0000	0.0000	0.0000	0.0000	0.0000	0.0000	0.0000	0.0000	0.0000	0.0000
4.0975	5.0007	2.3637	0.6100	0.0000	0.0000	0.0000	0.0000	0.0000	0.0000	0.0000	0.0000	0.0000	0.0000	0.0000	0.0000	0.0000
5.3283	4.0165	2.7892	0.7770	0.8734	0.0000	0.0000	0.0000	0.0000	0.0000	0.0000	0.0000	0.0000	0.0000	0.0000	0.0000	0.0000
1.6013	1.9933	1.2454	2.0494	2.2271	1.5303	0.0000	0.0000	0.0000	0.0000	0.0000	0.0000	0.0000	0.0000	0.0000	0.0000	0.0000
2.7255	2.2952	3.1222	1.3072	2.5401	1.5817	0.8251	0.0000	0.0000	0.0000	0.0000	0.0000	0.0000	0.0000	0.0000	0.0000	0.0000
2.2097	1.9431	3.2742	2.4314	2.6971	1.6004	0.8697	0.8008	0.0000	0.0000	0.0000	0.0000	0.0000	0.0000	0.0000	0.0000	0.0000
1.8707	1.9590	2.3929	3.6537	3.7196	1.7248	1.6575	1.3047	0.8914	0.0000	0.0000	0.0000	0.0000	0.0000	0.0000	0.0000	0.0000
1.7292	2.1440	3.4410	3.7288	3.3767	1.7947	1.8292	1.3229	1.0414	1.0952	0.0000	0.0000	0.0000	0.0000	0.0000	0.0000	0.0000
3.4217	2.7960	4.7847	2.7795	2.1654	1.9844	1.5922	1.4119	1.4102	1.1823	0.9844	0.0000	0.0000	0.0000	0.0000	0.0000	0.0000
3.1245	2.8130	4.7404	2.6825	2.3408	2.0787	1.6202	1.7224	1.5874	1.2519	0.9476	0.9548	0.0000	0.0000	0.0000	0.0000	0.0000
0.0000	0.0000	0.0000	0.0000	0.0000	0.0000	0.0000	0.0000	0.0000	0.0000	0.0000	0.0000	0.0000	0.0000	0.0000	0.0000	0.0000
0.0000	0.0000	0.0000	0.0000	0.0000	0.0000	0.0000	0.0000	0.0000	0.0000	0.0000	0.0000	0.0000	0.0000	0.0000	0.0000	0.0000
0.0000	0.0000	0.0000	0.0000	0.0000	0.0000	0.0000	0.0000	0.0000	0.0000	0.0000	0.0000	0.0000	0.0000	0.0000	0.0000	0.0000
0.0000	0.0000	0.0000	0.0000	0.0000	0.0000	0.0000	0.0000	0.0000	0.0000	0.0000	0.0000	0.0000	0.0000	0.0000	0.0000	0.0000
0.0000	0.0000	0.0000	0.0000	0.0000	0.0000	0.0000	0.0000	0.0000	0.0000	0.0000	0.0000	0.0000	0.0000	0.0000	0.0000	0.0000
