0.1874	0.0648	0.1071	0.0648	0.0002	0.0913	0.0872	0.0890	0.0691	0.0826	0.1389	0.0041	0.1088	0.0984	0.0000	0.1335	0.1382
0.1947	0.7478	0.0955	0.0538	0.0054	0.0891	0.0722	0.1028	0.0782	0.0835	0.1358	0.0145	0.0412	0.1502	0.0204	0.0810	0.1144
0.1883	0.7487	0.7791	0.0646	0.0075	0.1138	0.0849	0.0645	0.0615	0.1202	0.1339	0.0180	0.1099	0.1396	0.0541	0.0153	0.1058
0.2128	0.7525	0.7904	0.7709	0.0076	0.0974	0.0921	0.0607	0.0809	0.1067	0.1136	0.0196	0.1373	0.1441	0.0538	0.0097	0.0932
0.2034	0.7477	0.7861	0.7731	0.7355	0.1132	0.0838	0.0827	0.0936	0.1049	0.1146	0.0179	0.1455	0.0990	0.0437	0.0238	0.0758
0.1860	0.7479	0.7672	0.7609	0.7289	0.7697	0.0755	0.0569	0.1120	0.0866	0.1218	0.0241	0.1346	0.0946	0.0544	0.0114	0.0773
0.2103	0.7228	0.7447	0.7136	0.7325	0.7378	0.2239	0.1397	0.0539	0.0939	0.1001	0.0103	0.1321	0.0634	0.0518	0.0717	0.0966
0.2214	0.7430	0.7523	0.7498	0.7288	0.7675	0.2662	0.6714	0.0613	0.0825	0.1040	0.0090	0.1203	0.0883	0.0000	0.0121	0.1292
0.1992	0.7421	0.7530	0.7739	0.7283	0.7721	0.3077	0.6737	0.7219	0.1121	0.1496	0.0000	0.1366	0.0704	0.0247	0.0067	0.1065
0.2225	0.7476	0.7469	0.7543	0.7297	0.7374	0.4874	0.6400	0.7155	0.6056	0.1383	0.0000	0.1265	0.0892	0.0147	0.0149	0.0820
0.1957	0.7559	0.7644	0.7665	0.7272	0.7237	0.4376	0.6657	0.7271	0.5780	0.7204	0.0042	0.1029	0.0529	0.0220	0.0047	0.0861
0.1766	0.7313	0.7494	0.7561	0.7297	0.6930	0.4032	0.6674	0.7208	0.5858	0.7235	0.7289	0.1172	0.0320	0.0426	0.0132	0.0821
0.2006	0.7478	0.7556	0.7351	0.7279	0.6859	0.4284	0.6713	0.7220	0.6124	0.7245	0.7262	0.7124	0.0347	0.0426	0.0076	0.0651
0.1961	0.7761	0.7577	0.7645	0.7209	0.7008	0.5130	0.6841	0.7198	0.5760	0.7327	0.7256	0.7024	0.3481	0.0381	0.0034	0.1104
0.2580	0.7654	0.7607	0.7522	0.7300	0.7260	0.4818	0.6675	0.7336	0.5893	0.7093	0.7214	0.6935	0.3481	0.2687	0.0000	0.0952
0.1982	0.7464	0.7378	0.7209	0.7238	0.6953	0.4337	0.6375	0.7071	0.5881	0.7104	0.6971	0.7269	0.3481	0.2015	0.7171	0.0987
0.1953	0.7275	0.7447	0.7357	0.7189	0.7110	0.4285	0.6381	0.7040	0.5711	0.6999	0.7113	0.7327	0.3481	0.2343	0.7278	0.7289
