2.0591	2.1042	2.0763	2.0574	2.0878	2.0407	2.0542	2.0874	2.0963	2.0591	2.1210	2.1220	2.0797	2.0595	2.0702	2.1195	2.0439
2.0591	2.1042	2.0763	2.0574	2.0878	2.0407	2.0542	2.0874	2.0963	2.0591	2.1210	2.1220	2.0797	2.0595	2.0702	2.1195	2.0439
2.0591	2.1042	2.0763	2.0574	2.0878	2.0407	2.0542	2.0874	2.0963	2.0591	2.1210	2.1220	2.0797	2.0595	2.0702	2.1195	2.0439
2.0591	2.1042	2.0763	2.0574	2.0878	2.0407	2.0542	2.0874	2.0963	2.0591	2.1210	2.1220	2.0797	2.0595	2.0702	2.1195	2.0439
2.0591	2.1042	2.0763	2.0574	2.0878	2.0407	2.0542	2.0874	2.0963	2.0591	2.1210	2.1220	2.0797	2.0595	2.0702	2.1195	2.0439
2.0591	2.1042	2.0763	2.0574	2.0878	2.0407	2.0542	2.0874	2.0963	2.0591	2.1210	2.1220	2.0797	2.0595	2.0702	2.1195	2.0439
2.0591	2.1042	2.0763	2.0574	2.0878	2.0407	2.0542	2.0874	2.0963	2.0591	2.1210	2.1220	2.0797	2.0595	2.0702	2.1195	2.0439
2.0591	2.1042	2.0763	2.0574	2.0878	2.0407	2.0542	2.0874	2.0963	2.0591	2.1210	2.1220	2.0797	2.0595	2.0702	2.1195	2.0439
2.0591	2.1042	2.0763	2.0574	2.0878	2.0407	2.0542	2.0874	2.0963	2.0591	2.1210	2.1220	2.0797	2.0595	2.0702	2.1195	2.0439
2.0591	2.1042	2.0763	2.0574	2.0878	2.0407	2.0542	2.0874	2.0963	2.0591	2.1210	2.1220	2.0797	2.0595	2.0702	2.1195	2.0439
2.0591	2.1042	2.0763	2.0574	2.0878	2.0407	2.0542	2.0874	2.0963	2.0591	2.1210	2.1220	2.0797	2.0595	2.0702	2.1195	2.0439
2.0591	2.1042	2.0763	2.0574	2.0878	2.0407	2.0542	2.0874	2.0963	2.0591	2.1210	2.1220	2.0797	2.0595	2.0702	2.1195	2.0439
2.0591	2.1042	2.0763	2.0574	2.0878	2.0407	2.0542	2.0874	2.0963	2.0591	2.1210	2.1220	2.0797	2.0595	2.0702	2.1195	2.0439
2.0591	2.1042	2.0763	2.0574	2.0878	2.0407	2.0542	2.0874	2.0963	2.0591	2.1210	2.1220	2.0797	2.0595	2.0702	2.1195	2.0439
2.0591	2.1042	2.0763	2.0574	2.0878	2.0407	2.0542	2.0874	2.0963	2.0591	2.1210	2.1220	2.0797	2.0595	2.0702	2.1195	2.0439
2.0591	2.1042	2.0763	2.0574	2.0878	2.0407	2.0542	2.0874	2.0963	2.0591	2.1210	2.1220	2.0797	2.0595	2.0702	2.1195	2.0439
2.0591	2.1042	2.0763	2.0574	2.0878	2.0407	2.0542	2.0874	2.0963	2.0591	2.1210	2.1220	2.0797	2.0595	2.0702	2.1195	2.0439
