0.5910	0.0836	0.0514	0.1464	0.0721	0.0758	0.0048	0.0916	0.0739	0.0000	0.0245	0.0950	0.0826	0.1026	0.1390	0.0366	0.1844
0.5347	0.4039	0.0185	0.1111	0.0026	0.0646	0.0000	0.0595	0.1821	0.0000	0.0415	0.1425	0.0889	0.1010	0.1204	0.0424	0.1106
0.6364	0.3284	0.5569	0.0147	0.0475	0.0317	0.0433	0.0637	0.1429	0.0000	0.0601	0.1125	0.0057	0.0672	0.1430	0.0797	0.1114
0.6220	0.3280	0.5560	0.6742	0.0419	0.0306	0.0048	0.0599	0.2172	0.0000	0.0550	0.0941	0.0032	0.1177	0.2041	0.0897	0.1357
0.5985	0.3202	0.5253	0.6663	0.6378	0.0343	0.0000	0.0791	0.1804	0.0000	0.0539	0.1039	0.0046	0.1065	0.1633	0.0578	0.1404
0.5751	0.3240	0.4344	0.6367	0.6307	0.2169	0.0000	0.0683	0.1278	0.0000	0.0934	0.0891	0.0016	0.1108	0.1826	0.0703	0.1372
0.5789	0.3168	0.3716	0.6059	0.6187	0.2557	0.2747	0.0699	0.1359	0.0000	0.0962	0.1011	0.0005	0.0845	0.1910	0.0928	0.1376
0.6053	0.3305	0.5550	0.6360	0.5917	0.1891	0.2747	0.6350	0.1146	0.0000	0.0526	0.0787	0.0002	0.0740	0.1778	0.1267	0.1367
0.5718	0.3105	0.5287	0.6374	0.6262	0.2018	0.2747	0.6041	0.6258	0.0000	0.0233	0.0855	0.0002	0.0685	0.1562	0.0779	0.1362
0.5511	0.2722	0.4501	0.5145	0.5953	0.1657	0.2747	0.5251	0.5713	0.3184	0.0475	0.0685	0.0001	0.0459	0.0938	0.0581	0.1355
0.5757	0.2977	0.4736	0.6209	0.6122	0.1656	0.2747	0.5943	0.6206	0.2511	0.6225	0.0841	0.0001	0.0855	0.1603	0.0896	0.1359
0.6260	0.3190	0.4982	0.6637	0.6495	0.2067	0.2747	0.6362	0.5959	0.2274	0.6062	0.6777	0.0001	0.0903	0.1456	0.0729	0.1350
0.5657	0.3493	0.5125	0.6446	0.6076	0.1828	0.2747	0.5999	0.6346	0.3031	0.6068	0.6366	0.6806	0.0900	0.1106	0.0349	0.0842
0.5885	0.3170	0.5049	0.6775	0.6697	0.1506	0.2747	0.6197	0.5970	0.2609	0.6298	0.6667	0.6353	0.7266	0.1470	0.0282	0.1183
0.5138	0.2687	0.5527	0.5971	0.6349	0.1998	0.2747	0.5455	0.5985	0.2508	0.6165	0.6060	0.5049	0.6917	0.6473	0.0509	0.1221
0.5411	0.2688	0.5238	0.6091	0.6338	0.1803	0.2747	0.5796	0.6114	0.2653	0.6072	0.6251	0.5162	0.6911	0.6439	0.6422	0.1141
0.6053	0.2890	0.4494	0.6011	0.6222	0.2120	0.2747	0.6083	0.5865	0.2741	0.6068	0.6039	0.4045	0.6632	0.6108	0.5822	0.6653
