1.3612	0.0000	0.0000	0.0000	0.0000	0.0000	0.0000	0.0000	0.0000	0.0000	0.0000	0.0000	0.0000	0.0000	0.0000	0.0000	0.0000
1.4521	0.6920	0.0000	0.0000	0.0000	0.0000	0.0000	0.0000	0.0000	0.0000	0.0000	0.0000	0.0000	0.0000	0.0000	0.0000	0.0000
1.6329	0.7061	0.8229	0.0000	0.0000	0.0000	0.0000	0.0000	0.0000	0.0000	0.0000	0.0000	0.0000	0.0000	0.0000	0.0000	0.0000
1.6057	0.7293	0.9099	0.7097	0.0000	0.0000	0.0000	0.0000	0.0000	0.0000	0.0000	0.0000	0.0000	0.0000	0.0000	0.0000	0.0000
1.5271	1.1121	1.6572	1.2399	0.5918	0.0000	0.0000	0.0000	0.0000	0.0000	0.0000	0.0000	0.0000	0.0000	0.0000	0.0000	0.0000
1.5078	0.8927	1.4740	0.9494	0.6479	0.7681	0.0000	0.0000	0.0000	0.0000	0.0000	0.0000	0.0000	0.0000	0.0000	0.0000	0.0000
1.4808	0.8832	1.4760	0.8775	0.6534	0.8054	0.7032	0.0000	0.0000	0.0000	0.0000	0.0000	0.0000	0.0000	0.0000	0.0000	0.0000
1.4604	0.8591	1.4068	0.9066	0.6635	0.7997	0.8224	0.6790	0.0000	0.0000	0.0000	0.0000	0.0000	0.0000	0.0000	0.0000	0.0000
1.4572	0.7784	1.3437	0.8426	0.6588	0.7872	0.7656	0.7031	0.8272	0.0000	0.0000	0.0000	0.0000	0.0000	0.0000	0.0000	0.0000
1.3779	0.8666	1.4047	1.0080	0.6372	1.1254	0.8574	0.7559	1.0626	1.1518	0.0000	0.0000	0.0000	0.0000	0.0000	0.0000	0.0000
1.3977	0.7864	1.2573	0.8287	0.7120	0.9508	0.7277	0.7157	0.9002	1.3328	0.7265	0.0000	0.0000	0.0000	0.0000	0.0000	0.0000
1.4354	0.8019	1.2135	0.8363	0.6730	0.9937	0.7750	0.7382	0.9039	1.3840	0.7561	0.7304	0.0000	0.0000	0.0000	0.0000	0.0000
1.4350	1.0152	1.2609	0.9231	0.6223	1.3496	0.9514	1.0478	1.1914	1.2440	0.7865	0.7453	0.7340	0.0000	0.0000	0.0000	0.0000
1.4114	1.0218	1.1644	0.8532	0.7202	1.2680	0.8685	1.0149	1.0875	1.2997	0.7600	0.6994	0.7589	0.7889	0.0000	0.0000	0.0000
1.4304	1.0692	1.2191	0.8505	0.6988	1.2554	0.8974	1.0356	1.1124	1.3093	0.7463	0.7623	0.6903	0.7869	1.1508	0.0000	0.0000
1.4096	0.9731	1.2005	0.8178	0.7027	1.1812	0.9139	0.9940	1.0776	1.3685	0.8004	0.8207	1.0228	0.7668	1.1978	0.7337	0.0000
1.4013	0.8246	1.1006	0.7996	0.6439	1.0930	0.8545	0.8932	1.0625	1.3753	0.7663	0.8375	0.8349	0.7598	1.2269	0.7511	0.7292
