0.0000	0.0031	0.0605	0.0685	0.0582	0.1883	0.1418	0.0641	0.0921	0.0928	0.0000	0.0339	0.0971	0.0941	0.0540	0.0114	0.1386
0.0000	0.0031	0.0605	0.0685	0.0582	0.1883	0.1418	0.0641	0.0921	0.0928	0.0000	0.0339	0.0971	0.0941	0.0540	0.0114	0.1386
0.0000	0.0031	0.0605	0.0685	0.0582	0.1883	0.1418	0.0641	0.0921	0.0928	0.0000	0.0339	0.0971	0.0941	0.0540	0.0114	0.1386
0.0000	0.0031	0.0605	0.0685	0.0582	0.1883	0.1418	0.0641	0.0921	0.0928	0.0000	0.0339	0.0971	0.0941	0.0540	0.0114	0.1386
0.0000	0.0031	0.0605	0.0685	0.0582	0.1883	0.1418	0.0641	0.0921	0.0928	0.0000	0.0339	0.0971	0.0941	0.0540	0.0114	0.1386
0.0000	0.0031	0.0605	0.0685	0.0582	0.1883	0.1418	0.0641	0.0921	0.0928	0.0000	0.0339	0.0971	0.0941	0.0540	0.0114	0.1386
0.0000	0.0031	0.0605	0.0685	0.0582	0.1883	0.1418	0.0641	0.0921	0.0928	0.0000	0.0339	0.0971	0.0941	0.0540	0.0114	0.1386
0.0000	0.0031	0.0605	0.0685	0.0582	0.1883	0.1418	0.0641	0.0921	0.0928	0.0000	0.0339	0.0971	0.0941	0.0540	0.0114	0.1386
0.0000	0.0031	0.0605	0.0685	0.0582	0.1883	0.1418	0.0641	0.0921	0.0928	0.0000	0.0339	0.0971	0.0941	0.0540	0.0114	0.1386
0.0000	0.0031	0.0605	0.0685	0.0582	0.1883	0.1418	0.0641	0.0921	0.0928	0.0000	0.0339	0.0971	0.0941	0.0540	0.0114	0.1386
0.0000	0.0031	0.0605	0.0685	0.0582	0.1883	0.1418	0.0641	0.0921	0.0928	0.0000	0.0339	0.0971	0.0941	0.0540	0.0114	0.1386
0.0000	0.0031	0.0605	0.0685	0.0582	0.1883	0.1418	0.0641	0.0921	0.0928	0.0000	0.0339	0.0971	0.0941	0.0540	0.0114	0.1386
0.0000	0.0031	0.0605	0.0685	0.0582	0.1883	0.1418	0.0641	0.0921	0.0928	0.0000	0.0339	0.0971	0.0941	0.0540	0.0114	0.1386
0.0000	0.0031	0.0605	0.0685	0.0582	0.1883	0.1418	0.0641	0.0921	0.0928	0.0000	0.0339	0.0971	0.0941	0.0540	0.0114	0.1386
0.0000	0.0031	0.0605	0.0685	0.0582	0.1883	0.1418	0.0641	0.0921	0.0928	0.0000	0.0339	0.0971	0.0941	0.0540	0.0114	0.1386
0.0000	0.0031	0.0605	0.0685	0.0582	0.1883	0.1418	0.0641	0.0921	0.0928	0.0000	0.0339	0.0971	0.0941	0.0540	0.0114	0.1386
0.0000	0.0031	0.0605	0.0685	0.0582	0.1883	0.1418	0.0641	0.0921	0.0928	0.0000	0.0339	0.0971	0.0941	0.0540	0.0114	0.1386
