1.4022	2.0382	1.9741	2.1114	2.2692	2.0759	2.1764	2.0084	1.9943	2.1054	2.0806	2.0047	2.2060	2.1145	2.1325	1.9997	1.9477
2.1541	0.6706	1.9906	2.1918	2.4656	2.0967	2.2527	2.0254	2.1611	2.0706	2.0822	2.0955	2.2144	2.0554	2.0982	1.9758	2.0360
2.2270	2.0333	0.7319	2.0356	2.3764	2.1311	2.3606	2.1274	2.2662	2.0170	2.0330	1.9666	2.3185	1.9705	2.1628	2.2339	1.8653
2.2223	2.2755	1.9937	0.7245	2.4153	2.1678	2.1712	2.1445	2.0436	2.0173	2.1145	2.0855	2.2657	1.9448	2.1702	2.1403	2.0744
2.1064	2.0216	2.0670	2.1175	0.5762	2.0431	2.1241	2.0789	2.0713	2.0886	2.0224	2.0503	2.1374	2.1332	2.0540	2.0768	1.9731
2.1075	2.1080	2.0303	2.1553	2.2804	0.7566	2.1339	2.0872	2.0230	2.0438	2.0187	2.0179	2.2490	2.0169	2.2326	2.1854	1.9586
2.0667	2.1056	2.1157	2.1092	2.4079	2.1663	0.6864	2.1085	2.0357	2.0730	2.1630	1.9948	2.2305	1.9638	2.2285	2.1701	1.9941
2.2705	2.0422	2.0972	2.0747	2.3005	2.1184	2.1228	0.6993	2.0973	2.0723	2.1405	2.1099	2.0752	2.0794	2.1001	2.1283	2.0677
2.2035	2.0804	2.0995	2.1163	2.2888	2.0381	2.1772	2.1400	0.7710	2.0787	2.1870	1.9482	2.3190	2.0289	2.0243	2.0674	1.7984
2.1163	2.0452	1.9968	2.0676	2.1407	2.0650	2.1369	2.1477	2.0918	1.1245	2.1556	1.9099	2.0838	2.1024	2.1310	2.0172	1.8850
2.2341	2.1366	2.0048	2.1588	2.3742	2.0445	2.2790	2.1667	2.0554	2.1402	0.7636	1.9085	2.2808	2.0968	2.2297	2.0344	1.9695
2.1678	2.1868	1.9462	2.1986	2.4095	2.0637	2.0813	2.1921	1.9683	2.0120	2.1552	0.7019	2.2512	2.1492	2.1540	2.0374	1.8247
2.1390	1.9951	2.0534	2.2410	2.3730	2.0050	2.1169	2.0664	1.9983	2.0514	2.1157	2.0405	0.7365	2.1496	2.0668	2.0836	1.9272
2.2883	2.1215	1.9976	2.1572	2.2755	2.1241	2.1288	2.1046	2.1824	1.9985	2.2512	1.9284	2.2097	0.7627	2.1984	2.1024	1.9052
2.2266	2.1197	1.9992	2.1549	2.2971	2.1574	2.2263	2.1434	2.1006	2.0653	2.0970	2.0512	2.1718	2.0956	1.0961	2.0015	1.8859
2.0886	2.1657	2.0121	2.1649	2.3739	2.1754	2.2420	2.3058	2.1127	2.0381	2.1200	1.9758	2.2700	2.0604	2.0755	0.6446	1.8763
2.1302	2.0919	2.0084	2.2408	2.2237	2.0561	2.2109	2.1713	1.9449	2.0210	2.1754	1.9176	2.1803	2.0423	2.1070	2.1281	0.7678
