0.7240	0.0000	0.0225	0.0200	0.1825	0.4875	0.2931	0.0955	0.0000	0.1025	0.0300	0.1050	0.0200	0.1475	0.0000	0.1125	0.2200
0.2720	0.7211	0.3500	0.4000	0.3775	0.0000	0.0172	0.1477	0.0000	0.0125	0.2100	0.0375	0.0000	0.3775	0.0000	0.0050	0.3700
0.1680	0.6518	0.6700	0.1625	0.0000	0.0200	0.1552	0.1591	0.1950	0.1900	0.1550	0.1625	0.1000	0.0000	0.0000	0.0425	0.0000
0.1180	0.6030	0.5275	0.7275	0.2700	0.0275	0.0172	0.1273	0.0850	0.1150	0.1550	0.0175	0.3100	0.0300	0.0000	0.1075	0.1025
0.0420	0.5081	0.4550	0.5925	0.6775	0.0050	0.0172	0.1477	0.0000	0.0000	0.0950	0.0000	0.0000	0.1800	0.0000	0.5300	0.3425
0.2480	0.5450	0.4750	0.5700	0.5050	0.7125	0.1034	0.1182	0.0150	0.0000	0.2250	0.0300	0.0000	0.2875	0.0206	0.1175	0.3825
0.1760	0.5000	0.2400	0.4550	0.4675	0.4675	0.3448	0.1477	0.0000	0.0000	0.2400	0.0000	0.0000	0.3825	0.0000	0.3725	0.3825
0.1420	0.4985	0.0925	0.3125	0.3500	0.3175	0.3276	0.4364	0.2150	0.2775	0.2400	0.0000	0.0000	0.4050	0.0103	0.3800	0.3225
0.0320	0.3607	0.2400	0.2600	0.3825	0.2400	0.2241	0.2886	0.6825	0.0275	0.2300	0.2900	0.0000	0.3575	0.0103	0.0725	0.5275
0.0040	0.5000	0.2325	0.3500	0.3525	0.0700	0.1724	0.2477	0.2800	0.6300	0.2300	0.0000	0.0900	0.1675	0.0000	0.1625	0.0775
0.0000	0.0000	0.2400	0.2400	0.2400	0.0000	0.1724	0.2295	0.2400	0.2400	0.3825	0.0000	0.0000	0.0000	0.0000	0.0000	0.0000
0.0000	0.0038	0.3075	0.2175	0.1600	0.0875	0.1207	0.0727	0.5625	0.2950	0.3525	0.6825	0.1300	0.2050	0.0000	0.0850	0.0000
0.0000	0.5000	0.2400	0.2400	0.3825	0.3825	0.0517	0.2295	0.2525	0.2400	0.3775	0.2475	0.3400	0.0000	0.0000	0.3825	0.0000
0.1540	0.5000	0.2400	0.3325	0.3825	0.3825	0.2759	0.2205	0.3225	0.3825	0.4700	0.0275	0.3400	0.5250	0.0000	0.3825	0.3000
0.1760	0.5000	0.2400	0.3825	0.3825	0.3825	0.2241	0.2500	0.3825	0.3775	0.0000	0.0000	0.2200	0.3775	0.7010	0.3775	0.3825
0.1760	0.5000	0.0900	0.3825	0.3825	0.3825	0.3103	0.2500	0.3825	0.3775	0.0000	0.0000	0.2300	0.5025	0.7010	0.5150	0.3825
0.1760	0.5000	0.0450	0.3825	0.3725	0.3825	0.3448	0.2500	0.3825	0.3775	0.0550	0.1650	0.3400	0.3775	0.7010	0.4625	0.5225
