0.2898	0.0000	0.0000	0.0000	0.0000	0.0000	0.0000	0.0000	0.0000	0.0000	0.0000	0.0000	0.0000	0.0000	0.0000	0.0000	0.0000
0.2188	0.6867	0.0000	0.0000	0.0000	0.0000	0.0000	0.0000	0.0000	0.0000	0.0000	0.0000	0.0000	0.0000	0.0000	0.0000	0.0000
0.1039	0.7090	0.6336	0.0000	0.0000	0.0000	0.0000	0.0000	0.0000	0.0000	0.0000	0.0000	0.0000	0.0000	0.0000	0.0000	0.0000
0.1039	0.7054	0.6161	0.6929	0.0000	0.0000	0.0000	0.0000	0.0000	0.0000	0.0000	0.0000	0.0000	0.0000	0.0000	0.0000	0.0000
0.2133	0.6570	0.3978	0.5851	0.6881	0.0000	0.0000	0.0000	0.0000	0.0000	0.0000	0.0000	0.0000	0.0000	0.0000	0.0000	0.0000
0.1338	0.6027	0.2281	0.5806	0.6790	0.6785	0.0000	0.0000	0.0000	0.0000	0.0000	0.0000	0.0000	0.0000	0.0000	0.0000	0.0000
0.1641	0.6087	0.2741	0.6173	0.6815	0.5982	0.7179	0.0000	0.0000	0.0000	0.0000	0.0000	0.0000	0.0000	0.0000	0.0000	0.0000
0.2251	0.6003	0.3015	0.5932	0.6737	0.6816	0.6419	0.7157	0.0000	0.0000	0.0000	0.0000	0.0000	0.0000	0.0000	0.0000	0.0000
0.2186	0.6730	0.3466	0.6401	0.6807	0.6781	0.6962	0.7128	0.6306	0.0000	0.0000	0.0000	0.0000	0.0000	0.0000	0.0000	0.0000
0.2708	0.6770	0.5431	0.6017	0.6825	0.6312	0.6728	0.6749	0.5788	0.6008	0.0000	0.0000	0.0000	0.0000	0.0000	0.0000	0.0000
0.2541	0.6719	0.5137	0.6456	0.6555	0.6931	0.7010	0.6922	0.6353	0.5032	0.6879	0.0000	0.0000	0.0000	0.0000	0.0000	0.0000
0.2017	0.6838	0.5845	0.6529	0.6690	0.6211	0.6824	0.6716	0.6269	0.4550	0.6771	0.7093	0.0000	0.0000	0.0000	0.0000	0.0000
0.2776	0.7000	0.6521	0.6852	0.6739	0.4322	0.7239	0.6700	0.5704	0.5101	0.7019	0.6747	0.6204	0.0000	0.0000	0.0000	0.0000
0.2341	0.5939	0.5791	0.6874	0.6221	0.4685	0.7203	0.5731	0.5482	0.5021	0.6579	0.6993	0.6379	0.2747	0.0000	0.0000	0.0000
0.1897	0.5419	0.5659	0.7121	0.6411	0.5742	0.6636	0.5689	0.5930	0.4801	0.6701	0.6417	0.6752	0.2747	0.2894	0.0000	0.0000
0.2570	0.5832	0.6387	0.7081	0.6422	0.4672	0.5965	0.5969	0.6145	0.4683	0.6510	0.6005	0.5661	0.2747	0.2502	0.6952	0.0000
0.2791	0.6599	0.6604	0.6499	0.6729	0.6167	0.5893	0.6722	0.5649	0.4401	0.6581	0.5866	0.6568	0.2747	0.2713	0.6738	0.6820
