0.6338	0.0000	0.0161	0.0106	0.0847	0.2411	0.1000	0.0444	0.0000	0.0409	0.0199	0.0627	0.0157	0.0695	0.0000	0.0693	0.0804
0.2353	0.7210	0.1535	0.2260	0.1827	0.0000	0.0159	0.0515	0.0000	0.0084	0.0939	0.0335	0.0000	0.2009	0.0000	0.0065	0.1368
0.1018	0.6452	0.6529	0.1156	0.0000	0.0142	0.0508	0.1074	0.1356	0.1450	0.0852	0.0785	0.0602	0.0000	0.0000	0.0342	0.0000
0.0924	0.5743	0.4408	0.7178	0.1138	0.0200	0.0222	0.0468	0.0877	0.0999	0.1157	0.0156	0.2029	0.0274	0.0000	0.0626	0.0493
0.0239	0.3527	0.3944	0.4580	0.6669	0.0033	0.0072	0.0515	0.0000	0.0000	0.0751	0.0000	0.0000	0.0809	0.0000	0.3087	0.1107
0.2029	0.4694	0.4063	0.4286	0.4529	0.7090	0.0628	0.0345	0.0109	0.0000	0.1184	0.0243	0.0000	0.1546	0.0571	0.0433	0.1844
0.0998	0.3333	0.0978	0.3146	0.3287	0.3238	0.1026	0.0515	0.0000	0.0000	0.0972	0.0000	0.0000	0.1844	0.0000	0.1357	0.1844
0.0627	0.3334	0.0532	0.1679	0.2004	0.2645	0.1615	0.3376	0.0934	0.1196	0.1290	0.0000	0.0000	0.2953	0.0069	0.1966	0.1065
0.0225	0.2067	0.1290	0.1436	0.1844	0.1290	0.0732	0.2111	0.6690	0.0186	0.1085	0.1953	0.0000	0.1544	0.0071	0.0537	0.3466
0.0066	0.3333	0.1186	0.2894	0.2919	0.0360	0.0645	0.1315	0.2091	0.6241	0.1432	0.0000	0.0411	0.1266	0.0000	0.1530	0.0453
0.0000	0.0000	0.1290	0.1290	0.1290	0.0000	0.0588	0.0747	0.1290	0.1290	0.1844	0.0000	0.0000	0.0000	0.0000	0.0000	0.0000
0.0000	0.0038	0.1919	0.1347	0.1244	0.0482	0.0867	0.0556	0.4803	0.2246	0.2203	0.6588	0.0476	0.1167	0.0000	0.0517	0.0000
0.0000	0.3333	0.1290	0.1290	0.1844	0.1844	0.0197	0.0747	0.1517	0.1290	0.1827	0.1433	0.1692	0.0000	0.0000	0.1844	0.0000
0.0861	0.3333	0.1290	0.2085	0.1844	0.1844	0.0985	0.1108	0.2243	0.1844	0.3938	0.0205	0.1692	0.3969	0.0000	0.1844	0.1402
0.0998	0.3333	0.1290	0.1844	0.1844	0.1844	0.0732	0.0800	0.1844	0.1827	0.0000	0.0000	0.1202	0.1827	0.2747	0.1827	0.1844
0.0998	0.3333	0.0475	0.1844	0.1844	0.1844	0.1289	0.0800	0.1844	0.1827	0.0000	0.0000	0.1537	0.3784	0.2747	0.3873	0.1844
0.0998	0.3333	0.0298	0.1844	0.1888	0.1844	0.1026	0.0800	0.1844	0.1827	0.0263	0.1336	0.1692	0.1827	0.2747	0.3274	0.3934
