0.3621	0.2375	0.3600	0.2425	0.0004	0.1800	0.1575	0.2575	0.2200	0.1523	0.3675	0.0025	0.2020	0.2165	0.0000	0.2875	0.3800
0.3793	0.7550	0.2125	0.1025	0.0098	0.3000	0.1775	0.1800	0.1425	0.1727	0.3975	0.0125	0.0580	0.2887	0.0200	0.1150	0.3625
0.3621	0.7525	0.7900	0.1500	0.0138	0.3550	0.1850	0.1475	0.1875	0.1886	0.2950	0.0400	0.2100	0.3196	0.0500	0.0125	0.2725
0.3621	0.7575	0.8000	0.7800	0.0141	0.3675	0.3200	0.1125	0.2675	0.1977	0.2400	0.0375	0.2660	0.3299	0.1000	0.0100	0.1700
0.3448	0.7525	0.7950	0.7800	0.7355	0.3475	0.3150	0.2050	0.2450	0.1727	0.2825	0.0400	0.3160	0.1649	0.0800	0.0250	0.1275
0.3621	0.7550	0.7750	0.7675	0.7294	0.7775	0.2675	0.1025	0.3000	0.1750	0.3075	0.0625	0.2700	0.2062	0.0800	0.0100	0.1775
0.4138	0.7425	0.7550	0.7225	0.7326	0.7500	0.3925	0.3450	0.0975	0.1795	0.3600	0.0200	0.3260	0.0825	0.0700	0.1025	0.1975
0.4310	0.7525	0.7600	0.7550	0.7289	0.7750	0.4100	0.6800	0.1325	0.1432	0.3575	0.0175	0.2440	0.1443	0.0000	0.0100	0.3075
0.3276	0.7500	0.7600	0.7800	0.7284	0.7825	0.4300	0.6825	0.7300	0.2205	0.3725	0.0000	0.2960	0.1237	0.0200	0.0050	0.2175
0.3448	0.7575	0.7550	0.7600	0.7298	0.7450	0.5375	0.6550	0.7250	0.5977	0.3250	0.0000	0.3100	0.1959	0.0200	0.0175	0.2725
0.3276	0.7675	0.7725	0.7725	0.7278	0.7325	0.5025	0.6725	0.7325	0.5818	0.7325	0.0050	0.2500	0.1134	0.0200	0.0050	0.2525
0.3276	0.7400	0.7575	0.7600	0.7298	0.7050	0.4850	0.6750	0.7275	0.5909	0.7325	0.7350	0.2660	0.0515	0.0500	0.0125	0.2050
0.3276	0.7575	0.7625	0.7425	0.7280	0.7000	0.5025	0.6800	0.7300	0.6136	0.7325	0.7325	0.7520	0.0515	0.0600	0.0075	0.1625
0.3276	0.7825	0.7650	0.7675	0.7229	0.7125	0.5500	0.6950	0.7275	0.5909	0.7400	0.7325	0.7520	0.7010	0.0400	0.0025	0.2725
0.3793	0.7725	0.7675	0.7575	0.7301	0.7350	0.5325	0.6900	0.7400	0.5886	0.7150	0.7275	0.7580	0.7010	0.3400	0.0000	0.3150
0.3276	0.7550	0.7450	0.7275	0.7254	0.7075	0.5075	0.6475	0.7175	0.5841	0.7175	0.7075	0.7640	0.7010	0.3100	0.7275	0.2900
0.3276	0.7375	0.7525	0.7425	0.7214	0.7225	0.5075	0.6500	0.7175	0.5773	0.7050	0.7200	0.7600	0.7010	0.3400	0.7350	0.7350
