0.6349	0.0547	0.0000	0.1406	0.0056	0.0638	0.0849	0.1888	0.1213	0.0312	0.0893	0.1327	0.0000	0.0000	0.0000	0.0987	0.1520
0.1385	0.5461	0.1420	0.0558	0.0601	0.0476	0.0541	0.0725	0.1671	0.0072	0.1661	0.0376	0.0005	0.0676	0.0026	0.0202	0.0999
0.1137	0.2847	0.7962	0.0169	0.0161	0.0486	0.1246	0.0181	0.0794	0.0536	0.1520	0.0123	0.0000	0.0038	0.0278	0.1159	0.0994
0.1572	0.1997	0.2327	0.7619	0.0000	0.0906	0.0000	0.0631	0.1678	0.0649	0.0736	0.1889	0.0000	0.0229	0.1069	0.0143	0.1611
0.0392	0.1252	0.1595	0.2550	0.6928	0.0444	0.0000	0.1290	0.1706	0.0000	0.0791	0.1483	0.0000	0.1076	0.0817	0.0141	0.1844
0.3210	0.0245	0.0335	0.0341	0.0627	0.2026	0.0954	0.1409	0.0110	0.0000	0.0000	0.1827	0.0376	0.0524	0.0707	0.0128	0.0820
0.1827	0.0000	0.0000	0.0000	0.0000	0.1026	0.2747	0.0000	0.1290	0.1202	0.0000	0.1862	0.0000	0.0000	0.0987	0.0000	0.0000
0.0000	0.0000	0.0000	0.0000	0.0000	0.0000	0.2747	0.1844	0.0000	0.1202	0.0000	0.1844	0.0000	0.1827	0.0000	0.1844	0.0000
0.0000	0.0000	0.0000	0.0000	0.0000	0.0000	0.2747	0.1844	0.1827	0.1202	0.0000	0.1844	0.2222	0.0284	0.0000	0.1844	0.0000
0.0000	0.0515	0.1932	0.0000	0.0000	0.0000	0.2747	0.1827	0.1844	0.1692	0.0000	0.1290	0.0000	0.0000	0.0000	0.1844	0.1827
0.0000	0.0508	0.1932	0.0000	0.0000	0.0000	0.2747	0.1844	0.1844	0.1692	0.1844	0.1290	0.0000	0.0000	0.0000	0.1844	0.1827
0.0000	0.0508	0.1932	0.0000	0.0000	0.0000	0.2747	0.1827	0.1844	0.2037	0.1290	0.1827	0.3333	0.0000	0.0000	0.1844	0.1827
0.0000	0.0000	0.0000	0.0000	0.0000	0.0000	0.0000	0.1827	0.1844	0.2037	0.1827	0.1844	0.3333	0.1827	0.0000	0.1844	0.0000
0.0000	0.0000	0.0000	0.0000	0.0000	0.0000	0.2747	0.1827	0.1844	0.2037	0.1827	0.1844	0.3333	0.1827	0.0000	0.1844	0.0000
0.0000	0.0000	0.0000	0.0000	0.0000	0.1026	0.0449	0.1827	0.1844	0.2037	0.1827	0.1844	0.3333	0.1844	0.1827	0.1844	0.0000
0.0000	0.0000	0.0000	0.0000	0.0000	0.1026	0.0449	0.1827	0.1844	0.2037	0.0000	0.1844	0.3333	0.1844	0.1844	0.1827	0.0000
0.0000	0.0000	0.0000	0.0000	0.1290	0.1026	0.0449	0.1827	0.1844	0.2037	0.1827	0.1827	0.3333	0.1844	0.1827	0.1844	0.1827
