1.5188	2.0575	2.0562	2.1293	2.2284	2.0475	2.0519	1.9568	2.0994	2.0784	1.9436	2.3294	1.9885	1.9664	2.2169	1.9087	2.0086
1.4851	0.5934	2.0290	2.0500	2.1766	2.0664	2.0584	1.9784	2.1340	2.0297	1.8947	2.2864	2.0776	1.8763	2.1893	1.9288	2.0907
1.4370	0.5907	0.5479	2.0487	2.1815	2.0153	2.0256	2.0482	2.1256	2.0406	1.8899	2.3311	2.0014	1.8791	2.2074	1.9729	2.0896
1.4499	0.5903	0.5780	0.5674	2.1730	2.0798	2.0014	2.0647	2.0681	2.0432	1.9397	2.3189	1.9669	1.8748	2.1596	2.0208	2.1205
1.4626	0.5842	0.5775	0.5590	0.5307	2.0677	2.0207	2.0071	2.0593	2.0247	1.9458	2.3176	1.9338	1.8898	2.1677	1.9995	2.1356
1.4575	0.5999	0.6033	0.5841	0.5388	0.6327	2.0177	2.0545	2.0192	2.0404	1.9327	2.3551	1.9704	1.8899	2.2479	2.0614	2.1043
1.4336	0.6736	0.6834	0.7476	0.5362	0.7059	1.4088	1.9136	2.1328	2.0554	1.9047	2.4353	1.9087	2.0020	2.1429	2.0431	2.0385
1.4357	0.6302	0.6420	0.6521	0.5377	0.6801	1.2160	0.7382	2.1464	2.0816	1.8898	2.3172	1.9779	1.9347	2.2242	2.1363	1.9539
1.4326	0.6062	0.6378	0.5852	0.5374	0.6593	1.1479	0.7520	0.6640	2.0871	1.8426	2.4254	1.9529	1.9698	2.1628	2.2016	2.0389
1.4684	0.6623	0.7035	0.6698	0.5402	0.7665	1.0573	0.8227	0.7558	0.9931	1.9286	2.3588	1.9503	1.9593	2.1611	2.1821	2.0617
1.4302	0.6247	0.6397	0.6501	0.5444	0.7737	1.0552	0.7773	0.7222	1.1196	0.7028	2.3823	1.9749	1.9820	2.2334	2.1688	2.0471
1.4386	0.6331	0.6543	0.6902	0.5398	0.8872	1.1067	0.7794	0.7185	1.0584	0.7015	0.6659	1.9523	2.0031	2.2826	2.1883	2.0656
1.4530	0.6233	0.6276	0.6957	0.5408	0.8625	1.0962	0.7906	0.7315	1.0354	0.7045	0.6676	0.5979	2.0044	2.2262	2.1706	2.0759
1.4301	0.6013	0.6401	0.6567	0.5551	0.8539	0.9841	0.7474	0.7145	1.0524	0.6881	0.6642	0.6013	0.7864	2.2901	2.2276	2.0329
1.4878	0.6062	0.6424	0.6678	0.5416	0.7776	1.0210	0.7668	0.7336	1.0609	0.7025	0.6819	0.5963	0.7961	1.2101	2.2475	2.0261
1.4571	0.6371	0.7315	0.7462	0.5513	0.8855	1.0837	0.8329	0.7508	1.0483	0.7305	0.7029	0.5537	0.8310	1.1980	0.6815	2.0300
1.5084	0.6424	0.6835	0.6857	0.5578	0.8226	1.1055	0.7892	0.7357	1.0760	0.7249	0.6861	0.5788	0.8339	1.2127	0.6795	0.6495
