0.2053	0.0000	0.0000	0.0000	0.0000	0.0000	0.0000	0.0000	0.0000	0.0000	0.0000	0.0000	0.0000	0.0000	0.0000	0.0000	0.0000
0.0238	0.6972	0.0000	0.0000	0.0000	0.0000	0.0000	0.0000	0.0000	0.0000	0.0000	0.0000	0.0000	0.0000	0.0000	0.0000	0.0000
0.0179	0.0833	0.7339	0.0000	0.0000	0.0000	0.0000	0.0000	0.0000	0.0000	0.0000	0.0000	0.0000	0.0000	0.0000	0.0000	0.0000
0.0000	0.1475	0.1006	0.6685	0.0000	0.0000	0.0000	0.0000	0.0000	0.0000	0.0000	0.0000	0.0000	0.0000	0.0000	0.0000	0.0000
0.0000	0.0500	0.0000	0.1977	0.7199	0.0000	0.0000	0.0000	0.0000	0.0000	0.0000	0.0000	0.0000	0.0000	0.0000	0.0000	0.0000
0.0538	0.1721	0.0000	0.0000	0.0000	0.7164	0.0000	0.0000	0.0000	0.0000	0.0000	0.0000	0.0000	0.0000	0.0000	0.0000	0.0000
0.0536	0.1090	0.0000	0.0000	0.1575	0.0868	0.6350	0.0000	0.0000	0.0000	0.0000	0.0000	0.0000	0.0000	0.0000	0.0000	0.0000
0.0000	0.1248	0.0000	0.1216	0.1122	0.1021	0.1119	0.6834	0.0000	0.0000	0.0000	0.0000	0.0000	0.0000	0.0000	0.0000	0.0000
0.0597	0.2205	0.0000	0.0848	0.0000	0.0342	0.0026	0.0028	0.7025	0.0000	0.0000	0.0000	0.0000	0.0000	0.0000	0.0000	0.0000
0.0667	0.0928	0.0073	0.0495	0.0000	0.1032	0.0903	0.1089	0.0803	0.6184	0.0000	0.0000	0.0000	0.0000	0.0000	0.0000	0.0000
0.0732	0.0000	0.0000	0.2102	0.0087	0.0207	0.0970	0.1497	0.0544	0.0423	0.6859	0.0000	0.0000	0.0000	0.0000	0.0000	0.0000
0.0521	0.1029	0.0191	0.0295	0.0000	0.0273	0.0000	0.0000	0.0039	0.0763	0.0263	0.7740	0.0000	0.0000	0.0000	0.0000	0.0000
0.1225	0.0067	0.0043	0.0028	0.0321	0.1061	0.0863	0.1213	0.0388	0.0496	0.1307	0.0000	0.8078	0.0000	0.0000	0.0000	0.0000
0.0526	0.1844	0.0000	0.1059	0.0000	0.0000	0.0000	0.0133	0.1844	0.0000	0.0000	0.1332	0.0000	0.2747	0.0000	0.0000	0.0000
0.0569	0.1844	0.0000	0.1157	0.0000	0.1827	0.0032	0.0000	0.1691	0.0741	0.0000	0.0000	0.0000	0.2747	0.3363	0.0000	0.0000
0.0000	0.0025	0.1115	0.0070	0.0022	0.1660	0.1157	0.1494	0.0000	0.0516	0.0050	0.1317	0.0927	0.0000	0.1031	0.6722	0.0000
0.0430	0.0795	0.0040	0.0020	0.0788	0.2424	0.1083	0.1186	0.0878	0.0470	0.0164	0.0207	0.0325	0.0000	0.0000	0.0000	0.7091
