0.5968	0.0000	0.0000	0.0000	0.0000	0.0000	0.0000	0.0000	0.0000	0.0000	0.0000	0.0000	0.0000	0.0000	0.0000	0.0000	0.0000
0.2333	0.5928	0.0000	0.0000	0.0000	0.0000	0.0000	0.0000	0.0000	0.0000	0.0000	0.0000	0.0000	0.0000	0.0000	0.0000	0.0000
0.0959	0.1214	0.6840	0.0000	0.0000	0.0000	0.0000	0.0000	0.0000	0.0000	0.0000	0.0000	0.0000	0.0000	0.0000	0.0000	0.0000
0.1609	0.1667	0.4477	0.7339	0.0000	0.0000	0.0000	0.0000	0.0000	0.0000	0.0000	0.0000	0.0000	0.0000	0.0000	0.0000	0.0000
0.1990	0.1205	0.4821	0.7399	0.7190	0.0000	0.0000	0.0000	0.0000	0.0000	0.0000	0.0000	0.0000	0.0000	0.0000	0.0000	0.0000
0.1290	0.2225	0.1567	0.1844	0.2249	0.1467	0.0000	0.0000	0.0000	0.0000	0.0000	0.0000	0.0000	0.0000	0.0000	0.0000	0.0000
0.1290	0.0924	0.1959	0.1844	0.1839	0.1422	0.2747	0.0000	0.0000	0.0000	0.0000	0.0000	0.0000	0.0000	0.0000	0.0000	0.0000
0.1290	0.1623	0.0964	0.1844	0.4282	0.0547	0.2747	0.6444	0.0000	0.0000	0.0000	0.0000	0.0000	0.0000	0.0000	0.0000	0.0000
0.1290	0.1368	0.1180	0.1507	0.6224	0.0375	0.2747	0.2841	0.6325	0.0000	0.0000	0.0000	0.0000	0.0000	0.0000	0.0000	0.0000
0.1302	0.0515	0.0000	0.1127	0.1108	0.0686	0.3598	0.2012	0.1953	0.1692	0.0000	0.0000	0.0000	0.0000	0.0000	0.0000	0.0000
0.1358	0.1044	0.0000	0.2576	0.2592	0.1417	0.2747	0.2850	0.3173	0.2242	0.6048	0.0000	0.0000	0.0000	0.0000	0.0000	0.0000
0.1264	0.1231	0.0911	0.3101	0.3982	0.0690	0.2747	0.3580	0.5985	0.1641	0.6144	0.7034	0.0000	0.0000	0.0000	0.0000	0.0000
0.1969	0.0694	0.1959	0.1844	0.1982	0.1039	0.2747	0.1792	0.3004	0.2037	0.2207	0.2984	0.7166	0.0000	0.0000	0.0000	0.0000
0.2344	0.0747	0.0552	0.3020	0.1844	0.1073	0.2747	0.1542	0.3550	0.2706	0.1844	0.3008	0.5282	0.7456	0.0000	0.0000	0.0000
0.0942	0.1208	0.0000	0.3351	0.1370	0.0844	0.3179	0.3794	0.1903	0.1692	0.6145	0.3853	0.5390	0.2092	0.6581	0.0000	0.0000
0.1290	0.0740	0.0000	0.1311	0.0050	0.0197	0.2747	0.3356	0.1844	0.1692	0.4227	0.1844	0.3366	0.1827	0.6348	0.6812	0.0000
0.1290	0.0403	0.0386	0.1317	0.1361	0.0375	0.2747	0.2392	0.1844	0.2839	0.3651	0.2006	0.3413	0.2194	0.4988	0.4785	0.6639
