0.8656	0.0000	0.0000	0.0000	0.0000	0.0000	0.0000	0.0000	0.0000	0.0000	0.0000	0.0000	0.0000	0.0000	0.0000	0.0000	0.0000
1.3261	1.1810	0.0000	0.0000	0.0000	0.0000	0.0000	0.0000	0.0000	0.0000	0.0000	0.0000	0.0000	0.0000	0.0000	0.0000	0.0000
2.1811	1.8173	0.6786	0.0000	0.0000	0.0000	0.0000	0.0000	0.0000	0.0000	0.0000	0.0000	0.0000	0.0000	0.0000	0.0000	0.0000
1.6340	1.8129	1.1681	0.7223	0.0000	0.0000	0.0000	0.0000	0.0000	0.0000	0.0000	0.0000	0.0000	0.0000	0.0000	0.0000	0.0000
1.5353	1.7626	1.1114	0.7169	0.7275	0.0000	0.0000	0.0000	0.0000	0.0000	0.0000	0.0000	0.0000	0.0000	0.0000	0.0000	0.0000
1.4026	1.4802	1.6302	1.2846	1.2415	1.6094	0.0000	0.0000	0.0000	0.0000	0.0000	0.0000	0.0000	0.0000	0.0000	0.0000	0.0000
1.3254	1.9140	2.1811	1.7451	1.3524	1.5447	0.8098	0.0000	0.0000	0.0000	0.0000	0.0000	0.0000	0.0000	0.0000	0.0000	0.0000
1.5353	2.0313	3.7158	1.7622	1.5559	1.6982	0.9579	0.7927	0.0000	0.0000	0.0000	0.0000	0.0000	0.0000	0.0000	0.0000	0.0000
1.8669	2.1562	3.3259	1.7756	1.6870	1.7180	0.8676	1.0287	0.8688	0.0000	0.0000	0.0000	0.0000	0.0000	0.0000	0.0000	0.0000
1.3267	2.1844	3.6824	2.1496	2.0024	1.5749	1.1084	1.2627	1.3450	1.0995	0.0000	0.0000	0.0000	0.0000	0.0000	0.0000	0.0000
1.6378	2.0706	3.9872	2.0820	1.7303	1.6595	0.9725	1.1903	1.0220	1.1053	0.8689	0.0000	0.0000	0.0000	0.0000	0.0000	0.0000
1.9206	2.3559	4.3033	1.9332	1.5227	1.9377	1.0680	1.1771	1.0075	1.2337	1.0164	0.8678	0.0000	0.0000	0.0000	0.0000	0.0000
1.2613	1.8211	1.8025	1.4087	1.2891	1.5353	0.9797	1.2753	1.1798	1.2405	1.1674	1.4434	0.5671	0.0000	0.0000	0.0000	0.0000
1.3959	1.9166	2.0464	1.6109	1.5312	1.6446	0.9912	1.3529	1.2547	1.2995	1.0513	1.3029	0.7657	0.7437	0.0000	0.0000	0.0000
1.6789	2.2486	4.3044	2.3237	2.1259	1.7003	1.1064	1.1444	1.0907	1.1975	0.9089	1.1780	0.8144	1.0063	0.8237	0.0000	0.0000
1.8319	2.4278	4.5894	2.7987	2.3907	1.8105	0.9623	1.1517	1.0799	1.2346	1.0959	1.4917	0.7858	1.5421	0.8432	0.7916	0.0000
1.5397	2.3633	4.3795	3.2498	2.9064	1.7149	0.9007	1.5569	1.2193	1.1478	1.0235	1.7374	0.9947	1.4949	0.9715	1.0542	0.9335
