0.2898	0.0000	0.0000	0.0000	0.0000	0.0000	0.0000	0.0000	0.0000	0.0000	0.0000	0.0000	0.0000	0.0000	0.0000	0.0000	0.0000
0.2763	0.7212	0.0000	0.0000	0.0000	0.0000	0.0000	0.0000	0.0000	0.0000	0.0000	0.0000	0.0000	0.0000	0.0000	0.0000	0.0000
0.2864	0.7184	0.3589	0.0000	0.0000	0.0000	0.0000	0.0000	0.0000	0.0000	0.0000	0.0000	0.0000	0.0000	0.0000	0.0000	0.0000
0.2433	0.7203	0.4124	0.7360	0.0000	0.0000	0.0000	0.0000	0.0000	0.0000	0.0000	0.0000	0.0000	0.0000	0.0000	0.0000	0.0000
0.2349	0.7263	0.4153	0.7479	0.6961	0.0000	0.0000	0.0000	0.0000	0.0000	0.0000	0.0000	0.0000	0.0000	0.0000	0.0000	0.0000
0.1263	0.6344	0.3565	0.5606	0.5685	0.6717	0.0000	0.0000	0.0000	0.0000	0.0000	0.0000	0.0000	0.0000	0.0000	0.0000	0.0000
0.1263	0.6344	0.3560	0.5589	0.5678	0.6775	0.6360	0.0000	0.0000	0.0000	0.0000	0.0000	0.0000	0.0000	0.0000	0.0000	0.0000
0.1263	0.6309	0.3475	0.5611	0.5657	0.6664	0.6352	0.6070	0.0000	0.0000	0.0000	0.0000	0.0000	0.0000	0.0000	0.0000	0.0000
0.1498	0.6260	0.2853	0.5599	0.5669	0.6770	0.6443	0.6116	0.5811	0.0000	0.0000	0.0000	0.0000	0.0000	0.0000	0.0000	0.0000
0.1586	0.6307	0.2854	0.5723	0.5684	0.6857	0.6438	0.6097	0.5672	0.2570	0.0000	0.0000	0.0000	0.0000	0.0000	0.0000	0.0000
0.1586	0.6411	0.2909	0.5770	0.5683	0.6914	0.6438	0.5872	0.5672	0.2523	0.6192	0.0000	0.0000	0.0000	0.0000	0.0000	0.0000
0.1586	0.6413	0.2930	0.5786	0.5702	0.6936	0.6434	0.5918	0.5701	0.2624	0.6190	0.5861	0.0000	0.0000	0.0000	0.0000	0.0000
0.1581	0.6503	0.2946	0.5768	0.5688	0.6853	0.6438	0.5941	0.5711	0.2530	0.6169	0.5925	0.4891	0.0000	0.0000	0.0000	0.0000
0.1778	0.6249	0.2520	0.5772	0.5702	0.6812	0.6375	0.5637	0.5602	0.2521	0.5952	0.5735	0.4951	0.3424	0.0000	0.0000	0.0000
0.1778	0.6230	0.2545	0.4336	0.5692	0.6824	0.6279	0.5577	0.5342	0.2479	0.5959	0.5733	0.4954	0.3424	0.3062	0.0000	0.0000
0.1582	0.6264	0.2511	0.4381	0.5670	0.6657	0.6284	0.5008	0.5521	0.2360	0.5799	0.5496	0.4873	0.3219	0.3078	0.6087	0.0000
0.1793	0.6213	0.2427	0.4357	0.5644	0.6655	0.6395	0.4901	0.5490	0.2268	0.5740	0.5467	0.4914	0.3219	0.2991	0.6123	0.5612
