0.3276	0.2000	0.2250	0.1125	0.0048	0.0000	0.3375	0.4175	0.0400	0.0591	0.1825	0.2400	0.0000	0.0000	0.0000	0.3775	0.0025
0.3621	0.6200	0.2625	0.0000	0.3320	0.0275	0.1650	0.2100	0.0300	0.2159	0.0000	0.2400	0.0140	0.0309	0.0000	0.2150	0.0050
0.3103	0.5975	0.6125	0.0250	0.3861	0.0800	0.2300	0.0750	0.0000	0.1864	0.0125	0.2400	0.1580	0.1856	0.0000	0.2600	0.0075
0.3103	0.5975	0.5975	0.6400	0.3262	0.0550	0.1975	0.0725	0.0625	0.2091	0.0075	0.2250	0.0020	0.1856	0.0000	0.3100	0.0450
0.3276	0.5875	0.6325	0.5750	0.7014	0.0050	0.2625	0.3575	0.0475	0.2114	0.0650	0.2250	0.0000	0.0000	0.0000	0.3325	0.0725
0.3276	0.5825	0.6350	0.6275	0.6912	0.6800	0.3025	0.3425	0.0600	0.1568	0.1325	0.2375	0.0000	0.1134	0.0000	0.3650	0.0500
0.3103	0.5875	0.6350	0.6400	0.6848	0.6600	0.6225	0.3000	0.0125	0.1227	0.1950	0.2400	0.0000	0.1134	0.0000	0.3800	0.0150
0.3276	0.5850	0.6550	0.6300	0.6646	0.6500	0.6075	0.6025	0.2275	0.1091	0.1525	0.2400	0.0000	0.1649	0.0000	0.3775	0.0050
0.3276	0.6300	0.6350	0.6175	0.6964	0.6675	0.5975	0.6200	0.6400	0.1477	0.1775	0.2400	0.0040	0.1546	0.0000	0.3825	0.0025
0.3448	0.6175	0.5725	0.5875	0.6072	0.5800	0.4900	0.4850	0.5275	0.4136	0.0800	0.1750	0.0000	0.0103	0.0000	0.3350	0.0050
0.3276	0.6300	0.5450	0.5600	0.5389	0.6425	0.4950	0.4975	0.5500	0.3795	0.6650	0.1475	0.0000	0.0103	0.0000	0.2800	0.0050
0.2931	0.6125	0.6100	0.6325	0.5402	0.6525	0.5925	0.5800	0.6425	0.3841	0.5425	0.5950	0.0180	0.1443	0.0000	0.2875	0.0025
0.2931	0.6250	0.5525	0.5750	0.5014	0.5100	0.5950	0.5175	0.5875	0.2750	0.4700	0.5675	0.5680	0.0000	0.0000	0.3650	0.0025
0.2931	0.6125	0.5550	0.5900	0.5009	0.4600	0.5650	0.4925	0.5300	0.2773	0.4275	0.5825	0.4740	0.7010	0.0000	0.3575	0.0000
0.2586	0.5900	0.6250	0.5475	0.5005	0.4525	0.6075	0.4575	0.4275	0.2955	0.3000	0.5050	0.4620	0.7010	0.4300	0.3775	0.0000
0.3276	0.6025	0.5775	0.6025	0.5014	0.5175	0.5800	0.5850	0.5850	0.3045	0.4575	0.6025	0.5060	0.7010	0.5200	0.5800	0.0025
0.3448	0.6000	0.5800	0.5750	0.5009	0.4250	0.5200	0.5525	0.5225	0.3045	0.4175	0.5700	0.4640	0.7010	0.4200	0.6000	0.4350
