0.1684	0.0993	0.0896	0.0480	0.0047	0.0000	0.2782	0.2335	0.0210	0.0462	0.0692	0.1290	0.0000	0.0000	0.0000	0.1827	0.0051
0.0112	0.5086	0.0088	-0.0480	0.1090	0.0250	-0.1268	-0.0971	-0.0058	0.0478	-0.0692	0.0000	0.0103	0.0333	0.0000	-0.0900	0.0045
-0.0201	-0.0297	0.5087	0.0328	0.0367	0.0534	0.0317	-0.0726	-0.0152	-0.0040	0.0185	-0.0290	0.0446	0.0334	0.0000	0.0387	0.0046
0.0024	-0.0042	-0.0229	0.6007	-0.0089	-0.0197	0.0041	-0.0212	0.0446	0.0148	-0.0091	0.0289	-0.0533	-0.0042	0.0000	0.1001	0.0525
0.0476	0.0021	0.0405	-0.0618	0.5597	-0.0519	-0.0279	0.0655	-0.0182	-0.0107	0.0539	0.0035	-0.0016	-0.0625	0.0000	-0.0500	0.0191
-0.0349	-0.0082	0.0088	0.0595	-0.0144	0.6623	0.0207	0.0244	0.0026	-0.0198	0.0208	-0.0193	0.0000	0.0539	0.0000	0.0455	-0.0154
-0.0127	-0.0025	0.0029	0.0103	-0.0083	-0.0268	0.4248	-0.0367	-0.0198	-0.0073	0.0098	-0.0135	0.0000	-0.0050	0.0000	-0.0360	-0.0450
0.0094	-0.0015	0.0213	-0.0073	-0.0295	-0.0089	-0.0158	0.5056	0.0823	-0.0063	0.0033	0.0294	0.0000	0.0097	0.0000	-0.0509	-0.0157
0.0007	0.0555	-0.0281	-0.0128	0.0471	0.0171	-0.0143	0.0135	0.5389	0.0150	0.0145	-0.0320	0.0038	0.0002	0.0000	0.0145	-0.0046
0.0316	-0.0121	-0.0930	-0.0667	-0.1417	-0.1353	-0.1518	-0.1919	-0.1632	0.2675	-0.0391	0.0572	-0.0038	-0.0480	0.0000	0.0073	0.0049
-0.0095	0.0157	-0.0224	-0.0316	-0.1349	0.0564	0.0143	0.0051	0.0132	-0.0422	0.5838	-0.0021	0.0000	-0.0007	0.0000	-0.0161	-0.0019
-0.0433	-0.0148	0.0885	0.1047	0.0034	0.0697	0.1335	0.1540	0.1506	-0.0093	-0.1155	0.4373	0.0126	0.0490	0.0000	-0.0236	-0.0030
-0.0032	0.0010	-0.0966	-0.1026	-0.0866	-0.1909	0.0051	-0.0835	-0.1147	-0.1666	-0.1233	-0.0589	0.4989	-0.0591	0.0000	-0.0145	0.0000
-0.0033	-0.0254	-0.0125	-0.0131	-0.0010	-0.0880	-0.0436	-0.0587	-0.0888	0.0032	-0.0418	0.0047	-0.1704	0.2747	0.0000	0.0001	-0.0051
-0.0326	-0.0230	0.0900	-0.0313	-0.0009	-0.0052	0.0696	-0.0783	-0.1479	0.0253	-0.1413	-0.0804	0.0071	0.0000	0.3223	0.0749	0.0000
0.0921	0.0047	-0.0477	0.0726	0.0019	0.1070	-0.0401	0.2080	0.2175	0.0095	0.2001	0.1331	0.0643	0.0000	0.0663	0.3977	0.0052
0.0173	-0.0124	-0.0102	-0.0542	-0.0010	-0.1656	-0.0886	-0.0655	-0.0837	-0.0001	-0.0716	-0.0581	-0.0950	0.0000	-0.1385	0.0247	0.2939
