1.6851	2.0067	2.1978	2.6965	2.1211	2.6443	2.0831	2.1043	2.2449	2.2323	2.5708	2.2991	2.4433	2.3348	2.4242	2.1896	2.3784
1.5581	0.9014	2.1492	2.7148	1.8207	2.5092	2.0839	1.9591	2.0391	1.9947	2.4090	2.4349	2.3058	2.2627	2.3563	2.1054	2.2660
1.5205	0.8961	0.8625	2.6105	1.8244	2.4344	1.9617	1.9667	2.0786	2.0165	2.4153	2.2792	2.2660	2.1928	2.2631	2.1044	2.2413
1.5367	0.8870	0.8685	0.8503	1.8174	2.4478	1.9536	2.0474	2.0634	1.9859	2.4557	2.2792	2.2615	2.1506	2.2300	2.0562	2.2240
1.5069	0.8805	0.8652	0.8854	0.5815	2.5035	1.9291	2.0184	2.0295	1.9219	2.4475	2.2567	2.2863	2.1311	2.2521	2.0450	2.2232
1.5133	0.8923	0.8458	0.8503	0.6240	0.7744	1.9115	1.9788	2.1052	2.0168	2.4117	2.1820	2.3665	2.1142	2.2825	2.0946	2.2284
1.5378	0.8786	0.8485	0.8500	0.6193	0.8094	0.8502	1.9891	2.1134	2.0183	2.4549	2.1842	2.3213	2.1431	2.3373	2.1297	2.2424
1.5248	0.8787	0.8559	0.8737	0.6475	0.8145	0.8535	0.8686	2.1268	2.0672	2.4175	2.1952	2.3075	2.1578	2.3756	2.1564	2.2455
1.5317	0.8642	0.8595	0.8624	0.5863	0.8085	0.8657	0.8805	0.8594	2.0110	2.4237	2.2859	2.3004	2.1612	2.3219	2.1080	2.2553
1.5107	0.8516	0.9632	0.9197	0.8561	1.0663	1.0939	1.0389	1.0346	1.4160	2.3547	2.5114	2.2803	2.1719	2.2809	2.0417	2.2549
1.5036	0.8466	0.9703	0.9513	1.2837	0.9781	1.0538	1.0231	1.0034	1.4672	0.7815	2.5423	2.2439	2.1822	2.2239	2.0935	2.2615
1.5355	0.8847	0.8744	0.8504	1.2949	0.8287	0.8599	0.8983	0.8717	1.5236	0.9815	0.8400	2.3167	2.1603	2.2402	2.1477	2.2608
1.5182	0.8364	0.9248	0.9094	1.6378	0.9762	0.8520	0.9206	0.9662	1.7708	1.0168	0.8888	0.9531	2.1934	2.2092	2.1132	2.2557
1.5381	0.8443	0.9222	0.9138	1.5248	1.0031	0.8972	0.9411	0.9945	1.7524	1.0841	0.8943	1.1623	0.8290	2.2272	2.0994	2.2707
1.5433	0.8820	0.8788	0.9001	1.3077	1.0795	0.8643	0.9765	0.9916	1.7438	1.5067	0.8975	1.1920	0.8301	1.0653	2.1101	2.2692
1.5323	0.8460	0.9036	0.8801	1.5442	0.9490	0.8650	0.9065	0.9863	1.6377	1.0390	0.8493	1.0710	0.8293	1.0544	0.8663	2.2567
1.5373	0.8673	0.8987	0.8909	1.4987	1.0369	0.9172	0.9437	1.0038	1.6636	1.1318	0.8800	1.2037	0.8376	1.0650	0.8587	1.0558
