0.7111	2.2325	2.4542	2.1082	1.9317	2.0083	2.5770	2.0521	2.0716	2.5645	2.2683	1.7488	2.0982	1.9515	2.3296	2.1006	2.4005
1.2201	0.5648	1.9691	2.0435	1.7369	2.0140	2.5101	2.0283	1.9587	2.2601	2.2665	2.0469	2.1081	1.8300	1.9272	2.0392	2.1215
2.5867	1.4158	0.7527	2.0390	1.8477	2.0241	2.1063	2.0849	2.0884	1.9135	1.9728	2.0897	2.1288	1.9945	1.9109	2.0642	1.9038
2.3811	1.8482	1.6369	0.7110	2.1637	2.1720	2.0333	2.0892	2.0629	2.0780	1.8302	2.2675	2.3297	2.1246	2.0766	2.0864	2.0448
1.4656	1.4506	2.1620	1.5866	0.7622	2.2224	2.2132	2.0456	2.1741	2.2154	1.9476	2.1774	2.0581	2.0432	1.9081	2.0046	2.0617
1.9181	1.5403	2.1046	2.1287	1.9406	0.6055	2.2927	2.0759	2.0894	2.1765	2.0931	2.2007	2.2122	1.9862	2.2149	2.0225	2.1777
2.7342	3.7530	1.6494	2.1102	2.5872	1.7482	1.6931	2.0746	1.9521	2.0549	2.1454	2.1970	2.4060	2.2259	2.1200	2.1640	1.9696
1.6290	1.2631	1.7820	2.0089	1.9947	1.7106	2.1029	1.1996	2.1491	2.2247	2.0470	2.0513	2.2605	1.8795	2.0901	1.9389	2.2088
2.2399	1.8075	1.8181	2.0688	1.9276	1.8555	2.2557	2.0101	0.8085	2.1611	2.1745	2.1703	2.1381	2.1176	1.8653	2.0490	2.0037
4.0053	3.9925	1.8824	1.9353	2.0236	2.2420	1.8806	2.5012	1.7679	0.8498	1.9512	2.3982	2.4807	2.1183	1.9183	2.2337	1.9706
3.2804	2.7775	1.9001	1.6937	1.9518	2.2489	1.7919	2.1241	2.0483	1.5817	0.8801	2.4351	2.3305	2.1726	1.9516	2.0638	2.1533
1.6084	1.2015	1.9935	2.1470	1.9483	2.0360	2.2863	1.8964	2.2131	2.4522	2.1870	0.8708	1.9258	2.0498	2.1051	2.0449	2.1746
1.6683	1.4155	1.8763	2.1181	1.6325	2.3274	2.5990	2.1043	2.1302	2.3873	2.1593	1.2800	1.2251	2.3379	2.0344	2.0233	2.0650
1.4777	1.3859	1.8832	1.9928	1.9121	1.8914	2.2468	1.8878	2.0323	2.1292	2.0737	1.9667	1.9421	0.8283	1.9193	1.8146	2.0194
1.7505	1.0956	1.9544	2.0025	1.8481	2.0272	2.4141	1.8780	1.9194	2.1677	2.0624	1.6870	1.6395	1.3896	0.8515	1.8206	2.1329
1.7094	1.5001	2.2847	1.9216	1.8528	1.8663	2.2397	1.8146	2.0481	2.2806	1.9216	1.9812	2.1952	1.6031	1.5574	0.8578	2.1610
2.3470	2.1043	1.8091	2.0092	1.8236	2.1621	1.9448	2.1401	1.9093	1.9033	2.1082	2.1809	1.7636	1.9045	1.7994	1.6101	0.8737
