0.7312	0.0011	0.0556	0.1296	0.1107	0.0127	0.0000	0.0700	0.1166	0.0000	0.0000	0.0915	0.1157	0.0651	0.0267	0.0383	0.0039
0.3963	0.7254	0.1995	0.1827	0.1981	0.0000	0.0000	0.1099	0.1290	0.0000	0.0000	0.0101	0.0905	0.1877	0.0826	0.1848	0.0000
0.0561	0.3742	0.7600	0.1529	0.2242	0.0389	0.1134	0.0796	0.0406	0.0465	0.1096	0.0246	0.0000	0.0852	0.1025	0.1205	0.1528
0.1243	0.1477	0.4949	0.7851	0.0417	0.0022	0.0533	0.0873	0.0523	0.0996	0.2428	0.0210	0.0273	0.1612	0.1127	0.0659	0.1063
0.2373	0.2862	0.1247	0.4437	0.7302	0.0267	0.0490	0.0791	0.1052	0.0000	0.0151	0.0028	0.0316	0.0611	0.1975	0.1391	0.0348
0.2002	0.3229	0.0586	0.1324	0.1767	0.8338	0.0000	0.0833	0.0354	0.0000	0.0205	0.0022	0.0312	0.1272	0.1204	0.0695	0.0130
0.1094	0.0598	0.2020	0.1064	0.0828	0.2566	0.2344	0.0899	0.1141	0.1317	0.0631	0.0287	0.0133	0.0805	0.0217	0.0783	0.0921
0.1159	0.1129	0.1035	0.0567	0.0706	0.2603	0.1604	0.6007	0.0657	0.0380	0.0163	0.0385	0.0506	0.1153	0.0346	0.1318	0.0269
0.1221	0.1545	0.1125	0.1138	0.0793	0.1446	0.0852	0.0985	0.7303	0.1033	0.1000	0.0345	0.0847	0.0299	0.1415	0.1228	0.0923
0.0030	0.0115	0.1557	0.1778	0.0403	0.0210	0.1301	0.0300	0.2862	0.7340	0.1175	0.0000	0.0000	0.1048	0.1038	0.0288	0.0878
0.1102	0.0000	0.1915	0.1290	0.0509	0.0000	0.1320	0.0628	0.1371	0.7077	0.7483	0.0000	0.0000	0.0598	0.0057	0.1226	0.0713
0.1278	0.3333	0.1275	0.1414	0.0925	0.0318	0.0000	0.0892	0.0941	0.0167	0.1229	0.7234	0.1129	0.1095	0.0600	0.0715	0.0941
0.1291	0.3333	0.0229	0.1827	0.1041	0.0077	0.0000	0.0536	0.1074	0.0000	0.1328	0.3227	0.2099	0.0032	0.0000	0.1189	0.1386
0.1637	0.1362	0.0875	0.2038	0.1434	0.0785	0.0417	0.1904	0.1188	0.1173	0.0666	0.1260	0.0641	0.7443	0.1469	0.2446	0.0976
0.1175	0.4763	0.1291	0.1827	0.1028	0.2018	0.0190	0.1231	0.0552	0.1168	0.0458	0.4158	0.2309	0.4838	0.3751	0.4537	0.0190
0.1912	0.1648	0.0487	0.2510	0.1410	0.1987	0.0743	0.2511	0.1489	0.0286	0.1267	0.0416	0.0743	0.2685	0.2644	0.7428	0.0057
0.1319	0.0605	0.3624	0.0928	0.1138	0.1392	0.1519	0.1139	0.1240	0.0512	0.0416	0.0937	0.1009	0.1352	0.2305	0.4100	0.7458
