0.6707	0.0000	0.0000	0.0000	0.0000	0.0000	0.0000	0.0000	0.0000	0.0000	0.0000	0.0000	0.0000	0.0000	0.0000	0.0000	0.0000
0.6672	0.6081	0.0000	0.0000	0.0000	0.0000	0.0000	0.0000	0.0000	0.0000	0.0000	0.0000	0.0000	0.0000	0.0000	0.0000	0.0000
0.6688	0.5803	0.5931	0.0000	0.0000	0.0000	0.0000	0.0000	0.0000	0.0000	0.0000	0.0000	0.0000	0.0000	0.0000	0.0000	0.0000
0.6858	0.5638	0.6140	0.7350	0.0000	0.0000	0.0000	0.0000	0.0000	0.0000	0.0000	0.0000	0.0000	0.0000	0.0000	0.0000	0.0000
0.6442	0.5764	0.5904	0.6973	0.7097	0.0000	0.0000	0.0000	0.0000	0.0000	0.0000	0.0000	0.0000	0.0000	0.0000	0.0000	0.0000
0.6120	0.5939	0.5594	0.6710	0.6451	0.3098	0.0000	0.0000	0.0000	0.0000	0.0000	0.0000	0.0000	0.0000	0.0000	0.0000	0.0000
0.6433	0.5893	0.5054	0.6277	0.5869	0.2881	0.2724	0.0000	0.0000	0.0000	0.0000	0.0000	0.0000	0.0000	0.0000	0.0000	0.0000
0.5889	0.5559	0.4071	0.6681	0.5650	0.3097	0.2724	0.6193	0.0000	0.0000	0.0000	0.0000	0.0000	0.0000	0.0000	0.0000	0.0000
0.6644	0.5184	0.4453	0.6987	0.6782	0.2822	0.2724	0.6840	0.6090	0.0000	0.0000	0.0000	0.0000	0.0000	0.0000	0.0000	0.0000
0.6597	0.5198	0.4395	0.6630	0.6929	0.2082	0.2747	0.6839	0.6294	0.3226	0.0000	0.0000	0.0000	0.0000	0.0000	0.0000	0.0000
0.6660	0.4557	0.4839	0.6697	0.6904	0.2106	0.2724	0.6802	0.6180	0.3499	0.6343	0.0000	0.0000	0.0000	0.0000	0.0000	0.0000
0.6649	0.4743	0.4803	0.6848	0.6945	0.1993	0.2724	0.6904	0.6198	0.2855	0.6206	0.6716	0.0000	0.0000	0.0000	0.0000	0.0000
0.6623	0.4736	0.4864	0.6912	0.6983	0.2085	0.2724	0.6911	0.6367	0.3302	0.6286	0.6778	0.6330	0.0000	0.0000	0.0000	0.0000
0.6924	0.4888	0.5182	0.6749	0.6851	0.2254	0.2724	0.7024	0.5990	0.2854	0.6322	0.6444	0.6164	0.6937	0.0000	0.0000	0.0000
0.6829	0.4942	0.5050	0.6900	0.6907	0.2123	0.2724	0.6914	0.6035	0.2751	0.6213	0.6551	0.6198	0.6821	0.6445	0.0000	0.0000
0.6735	0.5231	0.5003	0.6717	0.6969	0.2169	0.2747	0.6899	0.6363	0.2644	0.6135	0.6604	0.6389	0.6946	0.6542	0.6531	0.0000
0.6699	0.4967	0.5170	0.6983	0.6849	0.2178	0.2747	0.7026	0.6143	0.2865	0.6308	0.6483	0.6068	0.7111	0.6441	0.6669	0.6554
