0.7585	0.0000	0.0000	0.0000	0.0000	0.0000	0.0000	0.0000	0.0000	0.0000	0.0000	0.0000	0.0000	0.0000	0.0000	0.0000	0.0000
0.8025	1.1124	0.0000	0.0000	0.0000	0.0000	0.0000	0.0000	0.0000	0.0000	0.0000	0.0000	0.0000	0.0000	0.0000	0.0000	0.0000
0.8313	1.1016	0.7911	0.0000	0.0000	0.0000	0.0000	0.0000	0.0000	0.0000	0.0000	0.0000	0.0000	0.0000	0.0000	0.0000	0.0000
0.8012	1.9573	0.9048	0.7091	0.0000	0.0000	0.0000	0.0000	0.0000	0.0000	0.0000	0.0000	0.0000	0.0000	0.0000	0.0000	0.0000
0.7943	1.9553	1.1095	0.7482	0.7032	0.0000	0.0000	0.0000	0.0000	0.0000	0.0000	0.0000	0.0000	0.0000	0.0000	0.0000	0.0000
0.8452	1.1291	1.0779	0.8133	0.7870	1.4461	0.0000	0.0000	0.0000	0.0000	0.0000	0.0000	0.0000	0.0000	0.0000	0.0000	0.0000
0.8218	1.1402	1.3504	0.8952	0.8622	1.4647	0.8144	0.0000	0.0000	0.0000	0.0000	0.0000	0.0000	0.0000	0.0000	0.0000	0.0000
1.1024	1.3582	2.2744	0.9057	0.9833	1.5854	1.1912	10.6903	0.0000	0.0000	0.0000	0.0000	0.0000	0.0000	0.0000	0.0000	0.0000
0.9544	1.4544	2.2100	0.8567	0.8282	1.6007	1.2407	9.9467	0.8379	0.0000	0.0000	0.0000	0.0000	0.0000	0.0000	0.0000	0.0000
0.9525	1.5757	2.0998	0.9206	0.8139	1.4962	0.9339	9.8011	0.8392	1.1625	0.0000	0.0000	0.0000	0.0000	0.0000	0.0000	0.0000
0.9513	1.6766	1.9670	0.9219	0.8173	1.5758	0.9372	9.7583	0.8387	1.0840	0.8101	0.0000	0.0000	0.0000	0.0000	0.0000	0.0000
0.9512	1.6820	2.0640	0.9160	0.7813	1.5485	0.8691	9.7329	0.8386	1.0770	0.8093	0.7569	0.0000	0.0000	0.0000	0.0000	0.0000
0.9508	1.6989	1.9976	0.8844	0.7886	1.5497	0.8929	9.7060	0.8388	1.0747	0.8103	0.7565	0.6346	0.0000	0.0000	0.0000	0.0000
0.8894	1.6569	1.9245	0.9170	0.7791	1.5021	0.8535	9.6395	0.8557	1.0817	0.8284	0.7724	0.6417	0.7217	0.0000	0.0000	0.0000
0.9144	1.6299	1.9072	0.8954	0.7779	1.5010	0.8734	9.7085	0.8582	1.0902	0.8303	0.7824	0.6407	0.7299	0.8438	0.0000	0.0000
0.9194	1.5610	1.9287	0.9113	0.7759	1.4992	0.9333	9.7049	0.8513	1.0860	0.8362	0.7940	0.6354	0.7307	0.8447	0.7348	0.0000
0.9349	1.6645	1.8219	0.8782	0.7553	1.5176	0.9053	9.6539	0.8582	1.0812	0.8390	0.7993	0.6453	0.7341	0.8445	0.7376	0.7781
