0.3966	0.3000	0.0450	0.0975	0.4970	0.2775	0.1925	0.0225	0.0000	0.2000	0.0000	0.0775	0.1060	0.0000	0.1100	0.0050	0.1300
0.0172	0.7200	0.1950	0.0225	0.4754	0.0025	0.2525	0.3775	0.2975	0.1341	0.0000	0.0200	0.0660	0.0000	0.0000	0.0000	0.0700
0.0517	0.2400	0.7050	0.0075	0.4978	0.3150	0.1675	0.0725	0.3375	0.1591	0.0025	0.1400	0.0140	0.0103	0.2400	0.0375	0.0000
0.2241	0.1425	0.0225	0.7050	0.4894	0.0125	0.3925	0.3625	0.2875	0.1318	0.0000	0.1775	0.2360	0.0000	0.0700	0.0225	0.0400
0.0172	0.0075	0.1475	0.1950	0.7058	0.0000	0.0775	0.0100	0.1275	0.1977	0.0000	0.2550	0.0540	0.0412	0.0800	0.0925	0.0025
0.1724	0.1600	0.2100	0.2750	0.2641	0.6775	0.2325	0.2450	0.0700	0.2295	0.0000	0.0450	0.0120	0.1031	0.2000	0.0150	0.0050
0.0345	0.0850	0.3200	0.0425	0.4999	0.0950	0.7475	0.1225	0.0575	0.0682	0.0050	0.2425	0.0120	0.6082	0.0000	0.0125	0.0075
0.0000	0.2400	0.0025	0.0650	0.4996	0.0000	0.1850	0.7475	0.0450	0.1909	0.0000	0.1600	0.3100	0.0000	0.0400	0.0000	0.0525
0.0172	0.2000	0.0825	0.0275	0.4882	0.0500	0.1650	0.2400	0.6925	0.2114	0.1525	0.2825	0.1520	0.0619	0.2000	0.0225	0.0275
0.1034	0.0425	0.2925	0.0050	0.4042	0.2200	0.2400	0.0125	0.1675	0.5727	0.0100	0.0700	0.1220	0.3608	0.2800	0.0100	0.0425
0.0517	0.3300	0.1625	0.1975	0.4805	0.0725	0.2875	0.0100	0.1700	0.1795	0.6725	0.3425	0.0760	0.2784	0.0100	0.0125	0.0375
0.0000	0.1525	0.3175	0.0075	0.4966	0.0325	0.3125	0.0325	0.0475	0.2114	0.0000	0.7300	0.0080	0.0000	0.2900	0.0950	0.0000
0.0862	0.2625	0.1525	0.1100	0.2090	0.0050	0.1625	0.1875	0.0125	0.1364	0.0825	0.1650	0.6960	0.1753	0.1700	0.0875	0.2775
0.0517	0.0550	0.2700	0.0175	0.4622	0.0000	0.2400	0.0000	0.3400	0.1477	0.3775	0.3825	0.0440	0.7010	0.0000	0.0600	0.0000
0.0517	0.1975	0.0900	0.0050	0.5000	0.0000	0.0350	0.2600	0.3500	0.1455	0.0300	0.2450	0.1320	0.0309	0.4600	0.0000	0.0000
0.0517	0.2675	0.0450	0.0000	0.3884	0.1275	0.1300	0.0075	0.0525	0.1568	0.0625	0.1700	0.1840	0.0206	0.1300	0.7450	0.1875
0.0000	0.2150	0.3425	0.0575	0.4979	0.0300	0.0000	0.0000	0.2175	0.1932	0.0450	0.0250	0.1020	0.0000	0.0800	0.0175	0.7050
