0.2909	0.1438	0.0289	0.0761	0.1664	0.0774	0.1464	0.0223	0.0000	0.1321	0.0000	0.0548	0.0617	0.0000	0.0705	0.0068	0.0461
-0.2759	0.5589	0.0516	-0.0578	-0.0014	-0.0748	-0.0268	0.1152	0.1122	-0.0743	0.0000	-0.0368	-0.0256	0.0000	-0.0705	-0.0068	0.0003
0.0039	-0.6031	0.6096	-0.0109	-0.0319	0.1173	-0.0436	-0.1090	-0.0092	0.0048	0.0016	0.0323	-0.0253	0.0048	0.0873	0.0282	-0.0464
0.0365	-0.0287	-0.6780	0.6852	0.0006	-0.1108	0.1045	0.0811	0.0274	-0.0151	-0.0016	0.0253	0.0649	-0.0048	-0.0382	-0.0126	0.0240
-0.0364	-0.0656	0.0772	-0.6390	0.5717	-0.0091	-0.1292	-0.1025	-0.0592	0.0511	0.0000	0.0266	-0.0337	0.0341	-0.0145	0.0372	-0.0219
0.0439	0.0808	-0.0058	0.0615	-0.6061	0.6672	0.0490	0.0737	-0.0338	-0.0235	0.0000	-0.0726	-0.0283	0.0284	0.0501	-0.0384	0.0046
-0.0386	-0.0381	0.0690	-0.0834	0.1229	-0.6144	0.6370	-0.0210	-0.0031	-0.0133	0.0031	0.0568	-0.0047	0.1291	-0.0847	-0.0045	-0.0003
-0.0243	0.0945	-0.1509	0.0054	-0.0889	-0.0528	-0.6249	0.6813	-0.0059	0.0126	-0.0031	-0.0154	0.0943	-0.1916	0.0296	-0.0099	0.0277
0.0222	-0.0319	0.0521	-0.0087	-0.0229	0.0287	-0.0307	-0.6283	0.6507	0.0813	0.0864	0.1027	-0.0134	0.0385	0.0425	0.0222	-0.0157
0.0652	-0.0877	0.0179	-0.0233	-0.0017	0.0638	0.0163	-0.1055	-0.6001	0.4354	-0.0801	-0.1320	-0.0362	0.0571	0.0217	-0.0151	0.0135
-0.0692	0.0763	-0.0189	0.0899	0.0225	-0.0321	0.0178	0.0016	0.0050	-0.4771	0.6559	0.0603	-0.0085	0.0260	-0.0778	0.0041	-0.0111
-0.0182	-0.0129	0.0321	-0.0862	0.0027	-0.0293	0.1121	0.0110	-0.0332	-0.0221	-0.6622	0.6217	-0.0390	-0.1216	0.1008	0.0763	-0.0208
0.0421	0.0029	-0.0350	0.0536	-0.0667	-0.0279	-0.1634	0.0410	-0.0403	-0.0217	0.0406	-0.6577	0.6448	0.0517	-0.0202	-0.0344	0.0617
-0.0254	-0.0548	0.0423	-0.0391	0.1651	-0.0032	0.0645	-0.0609	0.1022	-0.0065	0.1421	0.1184	-0.6265	0.2230	-0.0966	-0.0098	-0.0617
0.0015	0.0357	-0.0474	-0.0134	0.1010	0.0000	-0.0906	0.0954	0.0007	-0.0129	-0.1548	-0.0679	0.0400	-0.2630	0.2968	-0.0433	0.0000
0.0000	0.0511	-0.0189	-0.0099	-0.1310	0.0623	0.0711	-0.0900	-0.0828	0.0208	0.0033	-0.0055	0.0146	-0.0006	-0.2019	0.7247	0.0696
-0.0182	0.0052	0.0840	0.0380	0.0198	-0.0350	-0.1095	-0.0054	0.0567	0.0219	-0.0083	-0.0942	0.0116	-0.0111	-0.0343	-0.7072	0.6269
