0.2909	0.1438	0.0289	0.0761	0.1664	0.0774	0.1464	0.0223	0.0000	0.1321	0.0000	0.0548	0.0617	0.0000	0.0705	0.0068	0.0461
0.0150	0.7027	0.0805	0.0183	0.1650	0.0026	0.1196	0.1375	0.1122	0.0578	0.0000	0.0180	0.0361	0.0000	0.0000	0.0000	0.0464
0.0189	0.0996	0.6901	0.0074	0.1331	0.1199	0.0760	0.0285	0.1030	0.0626	0.0016	0.0503	0.0108	0.0048	0.0873	0.0282	0.0000
0.0554	0.0709	0.0121	0.6926	0.1337	0.0091	0.1805	0.1096	0.1304	0.0475	0.0000	0.0756	0.0757	0.0000	0.0491	0.0156	0.0240
0.0190	0.0053	0.0893	0.0536	0.7054	0.0000	0.0513	0.0071	0.0712	0.0986	0.0000	0.1022	0.0420	0.0341	0.0346	0.0528	0.0021
0.0629	0.0861	0.0835	0.1151	0.0993	0.6672	0.1003	0.0808	0.0374	0.0751	0.0000	0.0296	0.0137	0.0625	0.0847	0.0144	0.0067
0.0243	0.0480	0.1525	0.0317	0.2222	0.0528	0.7373	0.0598	0.0343	0.0618	0.0031	0.0864	0.0090	0.1916	0.0000	0.0099	0.0064
0.0000	0.1425	0.0016	0.0371	0.1333	0.0000	0.1124	0.7411	0.0284	0.0744	0.0000	0.0710	0.1033	0.0000	0.0296	0.0000	0.0341
0.0222	0.1106	0.0537	0.0284	0.1104	0.0287	0.0817	0.1128	0.6791	0.1557	0.0864	0.1737	0.0899	0.0385	0.0721	0.0222	0.0184
0.0874	0.0229	0.0716	0.0051	0.1087	0.0925	0.0980	0.0073	0.0790	0.5911	0.0063	0.0417	0.0537	0.0956	0.0938	0.0071	0.0319
0.0182	0.0992	0.0527	0.0950	0.1312	0.0604	0.1158	0.0089	0.0840	0.1140	0.6622	0.1020	0.0452	0.1216	0.0160	0.0112	0.0208
0.0000	0.0863	0.0848	0.0088	0.1339	0.0311	0.2279	0.0199	0.0508	0.0919	0.0000	0.7237	0.0062	0.0000	0.1168	0.0875	0.0000
0.0421	0.0892	0.0498	0.0624	0.0672	0.0032	0.0645	0.0609	0.0105	0.0702	0.0406	0.0660	0.6510	0.0517	0.0966	0.0531	0.0617
0.0167	0.0344	0.0921	0.0233	0.2323	0.0000	0.1290	0.0000	0.1127	0.0637	0.1827	0.1844	0.0245	0.2747	0.0000	0.0433	0.0000
0.0182	0.0701	0.0447	0.0099	0.3333	0.0000	0.0384	0.0954	0.1134	0.0508	0.0279	0.1165	0.0645	0.0117	0.2968	0.0000	0.0000
0.0182	0.1212	0.0258	0.0000	0.2023	0.0623	0.1095	0.0054	0.0306	0.0716	0.0312	0.1110	0.0791	0.0111	0.0949	0.7247	0.0696
0.0000	0.1264	0.1098	0.0380	0.2221	0.0273	0.0000	0.0000	0.0873	0.0935	0.0229	0.0168	0.0907	0.0000	0.0606	0.0175	0.6965
