1.4154	1.9530	2.1557	2.0863	1.8614	2.0106	2.0020	2.1016	2.1524	1.9862	2.2431	2.1103	2.0185	2.2508	2.0563	2.2298	2.1395
2.2108	0.7103	2.0752	2.0556	1.8481	2.1677	1.9988	1.9503	1.9549	2.0704	2.3600	2.0964	2.0714	2.3282	2.1025	2.2449	2.1704
2.1322	2.0611	0.7019	2.2332	1.9076	2.0454	1.9932	2.2101	1.9962	2.0497	2.2101	2.1881	2.2285	2.1046	2.0451	2.2249	2.0838
2.1016	2.1368	2.2554	0.7080	1.8714	2.1762	1.9964	1.9832	1.9483	2.2057	2.2196	1.9790	2.0083	2.0636	2.0599	2.0692	2.2499
2.1865	2.1434	2.1681	2.1383	0.5753	2.1869	2.0892	2.1249	2.0847	2.0359	2.1781	2.0212	2.0895	2.1402	2.0935	2.1028	2.1645
2.0451	2.1047	2.1115	2.1482	1.9353	0.7720	1.9615	2.1137	2.0760	2.0164	2.1569	2.0909	2.1665	2.0484	2.0178	2.1548	2.1966
2.1721	2.0683	2.1226	2.1929	1.7815	2.1356	0.7086	2.0663	2.0734	2.0901	2.1456	1.9866	2.1862	1.8471	2.0888	2.1879	2.1723
2.2180	1.9581	2.2811	2.0635	1.8346	2.1247	1.9895	0.6737	2.0813	2.1438	2.2692	2.0609	1.9763	2.1460	2.2625	2.2091	2.1134
2.0961	2.0211	2.1842	2.1090	1.8168	2.1549	2.0101	2.0143	0.7523	1.9918	2.0757	1.9640	2.0985	1.9832	2.1184	2.1934	2.1738
2.2022	2.1324	2.0457	2.2170	1.8389	2.0313	1.9789	2.1777	2.0405	1.1686	2.2313	2.1120	2.0884	1.9795	2.0701	2.1604	2.1722
2.1094	1.9687	2.0906	2.1424	1.9041	2.1139	1.8536	2.2567	2.0259	2.0496	0.7181	2.0153	2.0360	1.9523	2.0860	2.1676	2.1310
2.1763	1.9958	2.1598	2.1920	1.7931	2.0883	1.8939	2.1830	2.0448	1.9937	2.2530	0.7032	2.0997	2.1665	1.9365	2.0992	2.2157
2.1160	1.9792	2.2721	2.0591	1.9503	2.2144	2.0911	2.1767	2.2448	2.0749	2.1841	2.0289	0.7508	2.0050	1.9804	2.1761	2.0836
2.1006	2.1675	2.2217	2.1937	1.7968	2.2252	1.8728	2.3239	2.0357	2.0435	1.9398	1.8915	2.0910	0.7917	2.0781	2.1439	2.2662
2.1445	2.0524	2.1787	2.2540	1.8486	2.0479	2.0222	2.2216	1.9971	2.0875	2.0893	1.9495	2.0804	2.1252	1.0671	2.1858	2.1336
2.1669	2.0339	2.1152	2.1105	1.8338	2.0330	1.9772	2.1563	2.1280	2.1150	2.1436	2.0738	2.0369	2.0086	2.0028	0.6741	2.1695
2.1942	1.9484	2.1323	2.1929	1.8231	2.1200	2.0729	2.2262	2.0712	2.0501	2.1111	2.1673	1.9996	2.1319	2.0517	2.1794	0.7576
