0.6975	0.1455	0.0000	0.0325	0.0000	0.0000	0.0000	0.2225	0.0000	0.0000	0.3650	0.0350	0.0000	0.3275	0.2400	0.3825	0.3375
0.4200	0.5773	0.0080	0.3500	0.0100	0.1207	0.1856	0.3600	0.1050	0.0000	0.0025	0.1075	0.4022	0.0725	0.2275	0.3800	0.3675
0.6175	0.2886	0.7560	0.1850	0.0275	0.2414	0.2268	0.7275	0.1150	0.0000	0.0000	0.1950	0.0581	0.4000	0.0875	0.0175	0.3800
0.5650	0.0773	0.4120	0.7700	0.0000	0.3448	0.0515	0.3675	0.2725	0.0500	0.0000	0.0000	0.0842	0.0050	0.0200	0.0000	0.5625
0.3650	0.1205	0.4140	0.7100	0.7500	0.3448	0.0000	0.3500	0.3250	0.0000	0.0000	0.0000	0.0118	0.0125	0.0200	0.0000	0.3525
0.3575	0.1409	0.4220	0.5275	0.5200	0.4828	0.1649	0.1650	0.2925	0.0000	0.0375	0.0125	0.2814	0.1775	0.0050	0.2225	0.2050
0.3775	0.1455	0.4160	0.3650	0.3775	0.2241	0.7010	0.0150	0.3825	0.0000	0.0000	0.0000	0.5000	0.3775	0.2400	0.3825	0.3775
0.4950	0.2045	0.5280	0.3825	0.3675	0.2241	0.7010	0.6750	0.2350	0.0000	0.0300	0.1400	0.3939	0.0150	0.2200	0.1850	0.4025
0.3725	0.1182	0.3360	0.5575	0.4275	0.2241	0.7010	0.3550	0.5875	0.0000	0.0200	0.2400	0.0000	0.0000	0.2125	0.2250	0.3950
0.4775	0.2023	0.3860	0.5450	0.4050	0.2069	0.7010	0.3775	0.4800	0.5300	0.0000	0.1300	0.3870	0.0000	0.1050	0.1750	0.3950
0.3825	0.2227	0.2060	0.4625	0.4075	0.2241	0.7010	0.2875	0.3475	0.4000	0.6450	0.0350	0.0750	0.0325	0.1450	0.3825	0.4850
0.3100	0.2273	0.1760	0.4375	0.0800	0.2069	0.7010	0.1875	0.4175	0.3100	0.4500	0.6750	0.0000	0.0350	0.3775	0.3775	0.3275
0.0000	0.0000	0.0000	0.0000	0.0000	0.0000	0.0000	0.0000	0.0000	0.0000	0.0000	0.0000	0.0000	0.0000	0.0000	0.0000	0.0000
0.0000	0.0000	0.0000	0.0000	0.0000	0.0000	0.0000	0.0000	0.0000	0.0000	0.0000	0.0000	0.0000	0.0000	0.0000	0.0000	0.0000
0.0000	0.0000	0.0000	0.0000	0.0000	0.0000	0.0000	0.0000	0.0000	0.0000	0.0000	0.0000	0.0000	0.0000	0.0000	0.0000	0.0000
0.0000	0.0000	0.0000	0.0000	0.0000	0.0000	0.0000	0.0000	0.0000	0.0000	0.0000	0.0000	0.0000	0.0000	0.0000	0.0000	0.0000
0.0000	0.0000	0.0000	0.0000	0.0000	0.0000	0.0000	0.0000	0.0000	0.0000	0.0000	0.0000	0.0000	0.0000	0.0000	0.0000	0.0000
