0.1901	0.1827	0.1827	0.1290	0.0000	0.0000	0.0000	0.1827	0.0274	0.0741	0.0000	0.1827	0.0998	0.0000	0.0000	0.1827	0.0000
0.1208	0.4867	0.1312	0.1290	0.0000	0.1234	0.0000	0.0000	0.0869	0.0421	0.0000	0.1464	0.2122	0.0000	0.0000	0.1673	0.0000
0.1754	0.3750	0.4247	0.1290	0.0000	0.1750	0.0000	0.0000	0.0000	0.0741	0.0000	0.3310	0.1034	0.0449	0.0000	0.2032	0.0000
0.1026	0.4571	0.4021	0.4394	0.0000	0.1356	0.0000	0.0000	0.0000	0.0747	0.0000	0.0584	0.1959	0.0449	0.0000	0.1827	0.0000
0.1229	0.1844	0.4132	0.1827	0.4502	0.1290	0.0526	0.0000	0.1096	0.0515	0.0000	0.0000	0.0000	0.0000	0.0000	0.1827	0.0000
0.0732	0.1827	0.1827	0.1827	0.3720	0.2323	0.0000	0.0000	0.0281	0.0741	0.0000	0.1796	0.0000	0.0000	0.0000	0.1844	0.0000
0.1249	0.1375	0.0939	0.1827	0.3333	0.1827	0.4578	0.0000	0.0000	0.0291	0.0000	0.1844	0.0000	0.0000	0.0217	0.1427	0.0000
0.1026	0.2219	0.1290	0.4276	0.3333	0.1827	0.4477	0.4047	0.0000	0.0000	0.0000	0.0870	0.1287	0.0000	0.0000	0.0767	0.0000
0.1026	0.1290	0.2760	0.4248	0.3333	0.1827	0.1844	0.4061	0.3819	0.0000	0.0000	0.1844	0.0998	0.0000	0.0000	0.1524	0.0000
0.0732	0.1290	0.1827	0.1827	0.3333	0.1827	0.1844	0.1827	0.1827	0.0800	0.0000	0.1827	0.0998	0.0000	0.0000	0.1844	0.0000
0.0732	0.1827	0.1827	0.1827	0.0000	0.1827	0.1290	0.1290	0.1827	0.0800	0.1844	0.1827	0.0000	0.0449	0.0000	0.1844	0.0000
0.0732	0.1827	0.1827	0.1827	0.3333	0.1827	0.1290	0.1290	0.1827	0.0747	0.1827	0.1827	0.0000	0.0449	0.0000	0.1844	0.0000
0.1446	0.1844	0.1844	0.4319	0.3333	0.1827	0.1290	0.1844	0.1827	0.0747	0.1844	0.4092	0.2870	0.0000	0.0000	0.1827	0.0000
0.1026	0.1844	0.1844	0.1844	0.3333	0.1827	0.1290	0.1671	0.1827	0.0747	0.1290	0.1844	0.1959	0.2747	0.0000	0.1827	0.0000
0.0686	0.0000	0.1290	0.1827	0.3333	0.1827	0.1827	0.1827	0.1827	0.0741	0.0000	0.1844	0.1932	0.2747	0.1692	0.0000	0.0000
0.1026	0.3161	0.1844	0.1844	0.3333	0.1827	0.2192	0.1844	0.3739	0.1108	0.2972	0.1844	0.2909	0.2747	0.2614	0.3876	0.0000
0.1026	0.3921	0.4177	0.1844	0.3333	0.1827	0.0742	0.1844	0.1844	0.1283	0.1595	0.3683	0.1959	0.2747	0.2037	0.1844	0.3811
