0.3621	0.3775	0.3775	0.2400	0.0000	0.0000	0.0000	0.3775	0.0225	0.2273	0.0000	0.3775	0.1760	0.0000	0.0000	0.3775	0.0000
0.3276	0.6350	0.3425	0.2400	0.0000	0.1475	0.0000	0.0000	0.2575	0.0477	0.0000	0.2350	0.2540	0.0000	0.0000	0.2825	0.0000
0.3448	0.5150	0.5250	0.2400	0.0000	0.3150	0.0000	0.0000	0.0000	0.2273	0.0000	0.4600	0.1720	0.0722	0.0000	0.2725	0.0000
0.3448	0.6000	0.4825	0.5725	0.0000	0.1600	0.0000	0.0000	0.0000	0.2295	0.0000	0.0850	0.4160	0.0722	0.0000	0.3775	0.0000
0.3276	0.3825	0.4975	0.3775	0.5046	0.2400	0.1075	0.0000	0.2175	0.1477	0.0000	0.0000	0.0000	0.0000	0.0000	0.3775	0.0000
0.2241	0.3775	0.3775	0.3775	0.4990	0.4075	0.0000	0.0000	0.0225	0.2273	0.0000	0.3100	0.0000	0.0000	0.0000	0.3825	0.0000
0.2931	0.2000	0.1200	0.3775	0.5000	0.3775	0.5975	0.0000	0.0000	0.0500	0.0000	0.3825	0.0000	0.0000	0.0100	0.3125	0.0000
0.3448	0.2800	0.2400	0.5600	0.5000	0.3775	0.5875	0.5300	0.0000	0.0000	0.0000	0.1475	0.2780	0.0000	0.0000	0.1600	0.0000
0.3448	0.2400	0.3325	0.5575	0.5000	0.3775	0.3825	0.5325	0.5000	0.0000	0.0000	0.3825	0.1760	0.0000	0.0000	0.2225	0.0000
0.2241	0.2400	0.3775	0.3775	0.5000	0.3775	0.3825	0.3775	0.3775	0.2500	0.0000	0.3775	0.1760	0.0000	0.0000	0.3825	0.0000
0.2241	0.3775	0.3775	0.3775	0.0000	0.3775	0.2400	0.2400	0.3775	0.2500	0.3825	0.3775	0.0000	0.0722	0.0000	0.3825	0.0000
0.2241	0.3775	0.3775	0.3775	0.5000	0.3775	0.2400	0.2400	0.3775	0.2295	0.3775	0.3775	0.0000	0.0722	0.0000	0.3825	0.0000
0.3276	0.3825	0.3825	0.5650	0.5000	0.3775	0.2400	0.3825	0.3775	0.2295	0.3825	0.5350	0.4060	0.0000	0.0000	0.3775	0.0000
0.3448	0.3825	0.3825	0.3825	0.5000	0.3775	0.2400	0.2175	0.3775	0.2295	0.2400	0.3825	0.4160	0.7010	0.0000	0.3775	0.0000
0.2069	0.0000	0.2400	0.3775	0.5000	0.3775	0.3775	0.3775	0.3775	0.2273	0.0000	0.3825	0.4080	0.7010	0.3400	0.0000	0.0000
0.3448	0.3700	0.3825	0.3825	0.5000	0.3775	0.2675	0.3825	0.4925	0.2159	0.3575	0.3825	0.3980	0.7010	0.4600	0.4750	0.0000
0.3448	0.5325	0.5150	0.3825	0.4999	0.3775	0.0900	0.3825	0.3825	0.2659	0.2775	0.4950	0.4160	0.7010	0.4400	0.3825	0.5025
