1.5207	1.9397	1.8012	2.2289	2.4164	1.9679	2.2350	2.2360	2.1554	2.0500	2.0979	1.8979	1.8588	2.2757	2.5290	1.7794	2.5426
1.5657	0.8310	1.8426	2.1626	2.3950	2.0519	2.3250	2.2027	2.0431	2.0827	2.0565	1.9826	1.7889	2.0783	2.6659	1.9190	2.3033
1.5307	1.0072	0.9272	2.0851	2.3681	2.0438	2.4802	2.4522	2.3055	2.0391	2.0198	1.8822	1.8430	2.1655	2.8341	1.8003	2.2590
1.5504	0.9513	1.0199	0.9307	2.4139	2.1450	2.3093	2.2087	2.2443	2.0949	2.1043	2.0298	1.8020	2.0281	2.7972	2.0042	2.2727
1.9185	1.9698	1.9457	1.6254	0.6932	2.1045	1.9907	2.0373	2.1105	2.2025	2.1846	2.2066	2.2175	2.0464	2.1817	2.0884	2.2095
1.6703	1.3221	1.2595	1.4497	0.6944	1.0668	2.2240	2.4310	2.3561	2.0440	2.2529	1.9656	2.0874	2.2062	2.3161	1.9344	2.2027
1.6082	1.6555	1.6641	1.3242	0.6954	1.2540	0.8810	2.4880	2.3032	2.2240	2.5721	1.9606	1.9090	2.3483	2.2875	2.0490	2.3194
1.5935	1.3563	1.3673	1.1593	0.6966	1.3216	0.9756	0.9761	2.1683	2.1210	2.3683	1.9422	1.9576	2.1139	2.3799	2.0808	2.3258
1.7005	1.3258	1.3803	1.1811	0.7019	1.4201	1.2297	1.0364	0.9995	2.1517	2.5125	1.8853	1.9223	2.1003	2.3283	2.0324	2.3361
1.6391	1.3009	1.2086	1.2410	0.7130	1.3262	1.3295	1.1989	1.2128	1.5856	2.2465	1.9397	2.1771	2.1887	2.2245	1.8871	2.2374
1.7061	1.2540	1.2369	1.1987	3.1908	1.2657	2.4945	2.1440	2.0194	1.6202	1.0818	2.0450	2.2716	2.4141	2.2027	1.7106	2.4496
1.7302	1.2127	1.1036	1.2614	1.2857	1.3489	2.0274	1.5908	1.5249	1.6019	1.0855	1.0805	2.2842	2.2545	2.2799	1.8525	2.3067
1.5747	1.0779	1.1374	1.0230	0.7575	1.2687	1.7427	1.2885	1.1574	1.6528	1.1996	1.1021	1.2247	2.1240	2.4142	1.8098	2.2744
1.5660	1.1762	1.3247	1.1033	0.7417	1.4448	1.5696	1.1844	1.1706	1.6558	1.2333	1.1216	1.2694	0.8247	2.8424	1.9508	2.2099
1.8292	1.9514	2.0317	1.6035	0.6941	1.4884	1.1948	1.1900	1.1479	1.7022	3.4444	1.6553	1.3596	1.1914	1.0904	2.2298	2.3084
1.5373	1.3168	1.2976	1.3337	0.7003	1.3046	1.3066	1.1649	1.0706	1.6255	1.5154	1.1586	1.1773	1.0495	1.0900	0.9941	2.3697
1.5854	1.2082	1.0542	1.2391	0.7148	1.2700	1.3724	1.2749	1.0921	1.6066	1.5912	1.1224	1.1534	1.0649	1.1088	1.0528	0.9860
