1.4388	2.1774	2.3028	1.9695	2.3715	2.1931	2.0205	2.1204	1.9315	2.0490	2.1160	1.9010	1.7074	1.6602	2.0629	2.0705	2.3241
1.6854	0.7294	2.6631	2.1592	2.3244	2.4687	1.9748	2.1841	1.8491	2.0031	2.5432	2.1010	1.9346	1.9206	2.0650	2.0949	2.3433
2.2628	1.6247	0.8806	2.2727	2.3190	2.1929	1.9480	2.3554	1.7303	2.0599	2.2703	2.2157	2.2776	2.2495	2.5983	2.4317	2.1478
2.3771	1.6366	1.2651	0.8749	2.1608	2.3625	2.1352	2.0838	1.8934	1.9983	2.1975	2.0778	2.1616	2.2094	2.4154	2.2517	2.1437
2.2137	1.4051	1.9797	1.4068	0.6933	2.1652	1.9314	2.0685	2.0585	1.9939	2.1712	1.9637	2.1416	2.1034	2.0359	2.0800	2.1673
2.4556	1.9468	2.1943	1.3513	0.6954	1.0826	2.1168	1.9768	1.9962	2.0671	1.9770	2.0557	2.5150	2.1306	1.8834	2.4101	2.1022
2.3266	1.1664	1.9949	1.4683	0.7129	1.1466	1.0807	2.1840	2.1630	2.1036	2.2281	1.8876	2.3413	2.3794	1.9348	2.1909	2.2359
2.5233	1.3399	1.7948	1.2543	0.7037	1.1179	1.0865	1.1899	2.0269	2.0512	2.1168	1.9297	2.4395	2.5266	1.9504	2.1755	2.2091
1.8844	1.1785	1.6834	1.4580	0.6931	1.2027	1.0926	1.3741	1.0842	2.0278	2.2955	1.8427	2.3701	2.3013	1.9771	2.0622	2.3826
1.6996	1.2081	1.3061	1.2581	0.6970	1.3767	1.2018	1.5028	1.1316	1.6131	2.2908	1.9515	2.0503	1.9806	2.1101	2.2264	2.3633
1.5764	1.6713	2.0162	1.5789	2.0854	1.5321	2.0876	2.1482	1.3843	1.6035	1.1406	1.9263	1.8252	1.6940	2.0165	2.2155	2.3249
1.5765	1.4107	1.7765	1.6939	1.1454	1.9959	1.7020	2.0918	1.5373	1.6266	1.3425	1.1119	1.9441	1.9054	2.0566	2.1761	2.2504
1.9897	2.5193	4.1973	5.9795	7.6636	4.8889	2.7477	3.1957	5.1339	2.2788	2.2006	1.5217	1.0832	2.0475	2.0318	1.9939	2.2832
1.8210	2.0424	4.3606	5.0250	5.0304	3.4422	2.1316	2.8113	4.2138	1.8931	2.1275	1.3962	1.1186	1.4611	1.9148	1.9932	2.2409
1.7926	2.3817	5.0510	5.4937	6.9845	3.2586	2.8383	3.1544	5.0406	1.9142	1.9499	1.3684	1.0691	1.3771	1.1220	2.1644	2.1948
1.9587	1.7071	3.8858	4.4728	2.0435	3.1576	1.6729	2.5040	3.5440	2.0645	2.6878	1.7727	1.0833	1.8108	1.1986	1.0827	2.2919
1.8124	2.2874	4.6837	5.2983	6.2436	3.2861	2.5655	3.0400	4.7423	1.9846	2.0385	1.3950	1.0642	1.5263	1.1340	1.1018	1.1575
