0.6160	0.0000	0.0000	0.0000	0.0000	0.0000	0.0000	0.0000	0.0000	0.0000	0.0000	0.0000	0.0000	0.0000	0.0000	0.0000	0.0000
0.6120	0.6965	0.0000	0.0000	0.0000	0.0000	0.0000	0.0000	0.0000	0.0000	0.0000	0.0000	0.0000	0.0000	0.0000	0.0000	0.0000
0.6140	0.6936	0.6600	0.0000	0.0000	0.0000	0.0000	0.0000	0.0000	0.0000	0.0000	0.0000	0.0000	0.0000	0.0000	0.0000	0.0000
0.6140	0.6949	0.6550	0.6950	0.0000	0.0000	0.0000	0.0000	0.0000	0.0000	0.0000	0.0000	0.0000	0.0000	0.0000	0.0000	0.0000
0.6140	0.6959	0.6750	0.7075	0.6600	0.0000	0.0000	0.0000	0.0000	0.0000	0.0000	0.0000	0.0000	0.0000	0.0000	0.0000	0.0000
0.6080	0.6942	0.6550	0.7050	0.6800	0.7200	0.0000	0.0000	0.0000	0.0000	0.0000	0.0000	0.0000	0.0000	0.0000	0.0000	0.0000
0.6180	0.6943	0.6700	0.7100	0.6725	0.7375	0.3103	0.0000	0.0000	0.0000	0.0000	0.0000	0.0000	0.0000	0.0000	0.0000	0.0000
0.6140	0.6920	0.6450	0.6925	0.6800	0.7200	0.3621	0.4523	0.0000	0.0000	0.0000	0.0000	0.0000	0.0000	0.0000	0.0000	0.0000
0.6140	0.6968	0.6600	0.7000	0.6725	0.7300	0.3621	0.4659	0.6200	0.0000	0.0000	0.0000	0.0000	0.0000	0.0000	0.0000	0.0000
0.6160	0.6926	0.6525	0.6950	0.6675	0.7175	0.3621	0.4659	0.6325	0.6750	0.0000	0.0000	0.0000	0.0000	0.0000	0.0000	0.0000
0.6120	0.6930	0.6500	0.7025	0.6775	0.7275	0.3276	0.4682	0.6500	0.6750	0.6975	0.0000	0.0000	0.0000	0.0000	0.0000	0.0000
0.6080	0.6930	0.6525	0.6850	0.6600	0.7350	0.3621	0.4795	0.6375	0.6850	0.6900	0.6200	0.0000	0.0000	0.0000	0.0000	0.0000
0.6120	0.6986	0.6525	0.7025	0.6850	0.7275	0.3966	0.4591	0.6400	0.6800	0.6875	0.6100	0.3900	0.0000	0.0000	0.0000	0.0000
0.6160	0.6958	0.6375	0.6775	0.6675	0.7150	0.3276	0.4705	0.6050	0.6800	0.6950	0.6400	0.4000	0.6675	0.0000	0.0000	0.0000
0.6020	0.6943	0.6575	0.6975	0.6675	0.7125	0.3276	0.4727	0.6275	0.6800	0.6900	0.6275	0.4100	0.6575	0.7010	0.0000	0.0000
0.6000	0.6950	0.6425	0.6800	0.6600	0.7225	0.3448	0.4682	0.6325	0.6850	0.6800	0.6175	0.3800	0.6675	0.7010	0.6925	0.0000
0.6140	0.6949	0.6475	0.6875	0.6625	0.7225	0.3103	0.4500	0.6375	0.6750	0.6925	0.6225	0.4000	0.6650	0.7010	0.6825	0.6675
