0.5370	0.0000	0.0000	0.0000	0.0000	0.0000	0.0000	0.0000	0.0000	0.0000	0.0000	0.0000	0.0000	0.0000	0.0000	0.0000	0.0000
0.5230	0.6964	0.0000	0.0000	0.0000	0.0000	0.0000	0.0000	0.0000	0.0000	0.0000	0.0000	0.0000	0.0000	0.0000	0.0000	0.0000
0.5419	0.6936	0.6507	0.0000	0.0000	0.0000	0.0000	0.0000	0.0000	0.0000	0.0000	0.0000	0.0000	0.0000	0.0000	0.0000	0.0000
0.5276	0.6948	0.6426	0.6723	0.0000	0.0000	0.0000	0.0000	0.0000	0.0000	0.0000	0.0000	0.0000	0.0000	0.0000	0.0000	0.0000
0.5299	0.6959	0.6652	0.6912	0.6409	0.0000	0.0000	0.0000	0.0000	0.0000	0.0000	0.0000	0.0000	0.0000	0.0000	0.0000	0.0000
0.5255	0.6941	0.6450	0.6828	0.6638	0.7010	0.0000	0.0000	0.0000	0.0000	0.0000	0.0000	0.0000	0.0000	0.0000	0.0000	0.0000
0.5371	0.6943	0.6592	0.6906	0.6568	0.7225	0.1578	0.0000	0.0000	0.0000	0.0000	0.0000	0.0000	0.0000	0.0000	0.0000	0.0000
0.5380	0.6919	0.6335	0.6737	0.6661	0.7015	0.1837	0.4445	0.0000	0.0000	0.0000	0.0000	0.0000	0.0000	0.0000	0.0000	0.0000
0.5342	0.6967	0.6503	0.6781	0.6556	0.7147	0.1834	0.4624	0.5766	0.0000	0.0000	0.0000	0.0000	0.0000	0.0000	0.0000	0.0000
0.5349	0.6925	0.6448	0.6708	0.6498	0.7008	0.1828	0.4627	0.5950	0.6573	0.0000	0.0000	0.0000	0.0000	0.0000	0.0000	0.0000
0.5429	0.6929	0.6386	0.6799	0.6639	0.7096	0.1668	0.4581	0.6236	0.6538	0.6858	0.0000	0.0000	0.0000	0.0000	0.0000	0.0000
0.5316	0.6929	0.6417	0.6601	0.6453	0.7190	0.1851	0.4805	0.6033	0.6640	0.6726	0.5986	0.0000	0.0000	0.0000	0.0000	0.0000
0.5318	0.6984	0.6414	0.6808	0.6692	0.7102	0.2036	0.4674	0.6055	0.6645	0.6725	0.5814	0.2842	0.0000	0.0000	0.0000	0.0000
0.5488	0.6958	0.6282	0.6522	0.6518	0.6986	0.1675	0.4646	0.5736	0.6613	0.6811	0.6191	0.2891	0.6578	0.0000	0.0000	0.0000
0.5251	0.6943	0.6438	0.6742	0.6506	0.6933	0.1658	0.4839	0.5899	0.6630	0.6761	0.6061	0.3002	0.6494	0.2747	0.0000	0.0000
0.5285	0.6950	0.6269	0.6555	0.6456	0.7030	0.1789	0.4615	0.6029	0.6653	0.6661	0.5937	0.2738	0.6582	0.2747	0.6734	0.0000
0.5334	0.6949	0.6311	0.6552	0.6471	0.7036	0.1605	0.4332	0.6099	0.6583	0.6769	0.5996	0.3246	0.6548	0.2747	0.6643	0.6492
