0.8669	0.0000	0.0000	0.0000	0.0000	0.0000	0.0000	0.0000	0.0000	0.0000	0.0000	0.0000	0.0000	0.0000	0.0000	0.0000	0.0000
0.8588	0.5745	0.0000	0.0000	0.0000	0.0000	0.0000	0.0000	0.0000	0.0000	0.0000	0.0000	0.0000	0.0000	0.0000	0.0000	0.0000
0.8535	0.5746	0.8003	0.0000	0.0000	0.0000	0.0000	0.0000	0.0000	0.0000	0.0000	0.0000	0.0000	0.0000	0.0000	0.0000	0.0000
0.8491	0.5740	0.7993	0.7432	0.0000	0.0000	0.0000	0.0000	0.0000	0.0000	0.0000	0.0000	0.0000	0.0000	0.0000	0.0000	0.0000
0.8631	0.5744	0.8003	0.7454	0.7987	0.0000	0.0000	0.0000	0.0000	0.0000	0.0000	0.0000	0.0000	0.0000	0.0000	0.0000	0.0000
0.8659	0.5745	0.8021	0.7514	0.7990	0.6927	0.0000	0.0000	0.0000	0.0000	0.0000	0.0000	0.0000	0.0000	0.0000	0.0000	0.0000
0.8625	0.5742	0.7981	0.7448	0.7959	0.7020	1.4681	0.0000	0.0000	0.0000	0.0000	0.0000	0.0000	0.0000	0.0000	0.0000	0.0000
0.8436	0.5771	0.8258	0.7595	0.7994	0.7101	1.4581	1.3003	0.0000	0.0000	0.0000	0.0000	0.0000	0.0000	0.0000	0.0000	0.0000
0.8576	0.5744	0.8192	0.7501	0.7996	0.7097	1.4577	1.2919	0.8499	0.0000	0.0000	0.0000	0.0000	0.0000	0.0000	0.0000	0.0000
0.8409	0.5771	0.8159	0.7537	0.8127	0.7044	1.4743	1.2847	0.8372	0.7929	0.0000	0.0000	0.0000	0.0000	0.0000	0.0000	0.0000
0.8485	0.5762	0.8106	0.7563	0.8056	0.7086	1.4796	1.2965	0.8275	0.7808	0.8019	0.0000	0.0000	0.0000	0.0000	0.0000	0.0000
0.8620	0.5775	0.8186	0.7504	0.8166	0.6993	1.4677	1.2801	0.8295	0.7848	0.8074	0.8256	0.0000	0.0000	0.0000	0.0000	0.0000
0.8632	0.5741	0.8086	0.7579	0.8047	0.7061	1.4727	1.2826	0.8288	0.7829	0.7997	0.8350	1.0816	0.0000	0.0000	0.0000	0.0000
0.8439	0.5762	0.8210	0.7542	0.8134	0.7159	1.4844	1.3009	0.8385	0.7857	0.8092	0.8289	1.0740	0.7957	0.0000	0.0000	0.0000
0.8585	0.5762	0.8135	0.7546	0.8143	0.7083	1.4808	1.2832	0.8308	0.7904	0.8147	0.8365	1.0818	0.8013	0.7772	0.0000	0.0000
0.8597	0.5744	0.8154	0.7627	0.8088	0.7070	1.4710	1.3000	0.8339	0.7904	0.7922	0.8317	1.0788	0.7820	0.7834	0.7706	0.0000
0.8573	0.5760	0.8120	0.7601	0.8023	0.7173	1.4830	1.3165	0.8236	0.7911	0.7948	0.8251	1.0860	0.8036	0.7811	0.7718	0.7895
