0.4483	0.0000	0.0000	0.0000	0.0000	0.0000	0.0000	0.0000	0.0000	0.0000	0.0000	0.0000	0.0000	0.0000	0.0000	0.0000	0.0000
0.4138	0.6900	0.0000	0.0000	0.0000	0.0000	0.0000	0.0000	0.0000	0.0000	0.0000	0.0000	0.0000	0.0000	0.0000	0.0000	0.0000
0.4483	0.6900	0.6625	0.0000	0.0000	0.0000	0.0000	0.0000	0.0000	0.0000	0.0000	0.0000	0.0000	0.0000	0.0000	0.0000	0.0000
0.4138	0.7000	0.6575	0.6700	0.0000	0.0000	0.0000	0.0000	0.0000	0.0000	0.0000	0.0000	0.0000	0.0000	0.0000	0.0000	0.0000
0.4310	0.6100	0.6325	0.6275	0.6931	0.0000	0.0000	0.0000	0.0000	0.0000	0.0000	0.0000	0.0000	0.0000	0.0000	0.0000	0.0000
0.4828	0.5650	0.5975	0.6175	0.6894	0.6925	0.0000	0.0000	0.0000	0.0000	0.0000	0.0000	0.0000	0.0000	0.0000	0.0000	0.0000
0.4310	0.5950	0.6300	0.6325	0.6790	0.6975	0.7025	0.0000	0.0000	0.0000	0.0000	0.0000	0.0000	0.0000	0.0000	0.0000	0.0000
0.4310	0.5775	0.5900	0.5750	0.6881	0.6900	0.6775	0.7400	0.0000	0.0000	0.0000	0.0000	0.0000	0.0000	0.0000	0.0000	0.0000
0.3276	0.5850	0.6350	0.6250	0.6878	0.7000	0.6900	0.7100	0.6850	0.0000	0.0000	0.0000	0.0000	0.0000	0.0000	0.0000	0.0000
0.4138	0.6150	0.6250	0.6300	0.6622	0.6950	0.6550	0.7275	0.5950	0.5818	0.0000	0.0000	0.0000	0.0000	0.0000	0.0000	0.0000
0.4310	0.5975	0.5900	0.6250	0.6709	0.6675	0.6350	0.7175	0.5825	0.5727	0.6225	0.0000	0.0000	0.0000	0.0000	0.0000	0.0000
0.3793	0.6100	0.6250	0.6275	0.6219	0.6975	0.6725	0.7025	0.5700	0.5432	0.6200	0.7125	0.0000	0.0000	0.0000	0.0000	0.0000
0.3793	0.6650	0.7625	0.6075	0.6538	0.7325	0.6950	0.6125	0.6925	0.5318	0.6275	0.6375	0.7220	0.0000	0.0000	0.0000	0.0000
0.4138	0.6350	0.7500	0.5975	0.6372	0.6975	0.6800	0.6825	0.6300	0.5364	0.6400	0.6425	0.7040	0.7010	0.0000	0.0000	0.0000
0.3966	0.6150	0.7600	0.6125	0.6502	0.6675	0.6325	0.5725	0.5625	0.5614	0.6350	0.6775	0.6920	0.7010	0.3700	0.0000	0.0000
0.3621	0.6000	0.7625	0.6775	0.6615	0.6775	0.6500	0.6275	0.5975	0.5341	0.6300	0.6875	0.6800	0.7010	0.3600	0.7250	0.0000
0.3448	0.6300	0.7450	0.6775	0.6522	0.6800	0.6925	0.6550	0.6775	0.5295	0.5975	0.6900	0.6980	0.7010	0.3900	0.7025	0.7375
