0.2171	0.0117	0.0811	0.0910	0.2222	0.1372	0.0260	0.0138	0.0000	0.0372	0.0945	0.0183	0.0000	0.0455	0.1063	0.0000	0.0150
0.0000	0.6717	0.1394	0.0000	0.0174	0.1844	0.0284	0.0077	0.0000	0.0000	0.0213	0.1088	0.0000	0.0000	0.0000	0.0000	0.1188
0.0000	0.0307	0.5999	0.0000	0.1666	0.1444	0.0473	0.1513	0.0000	0.0144	0.2292	0.1370	0.0000	0.0000	0.0450	0.1305	0.0504
0.0200	0.0029	0.0000	0.6601	0.0125	0.0000	0.0000	0.0033	0.2302	0.0000	0.0741	0.2090	0.0000	0.0449	0.1202	0.1750	0.0843
0.0256	0.0096	0.1290	0.0000	0.7177	0.1844	0.0067	0.0970	0.1670	0.0000	0.0680	0.0083	0.0000	0.0000	0.0968	0.0000	0.0517
0.0000	0.0406	0.0205	0.0831	0.0964	0.6726	0.1078	0.0181	0.0225	0.0422	0.1499	0.0000	0.0350	0.0090	0.0400	0.1170	0.0000
0.0693	0.1187	0.1139	0.0000	0.1715	0.1317	0.6281	0.1328	0.0000	0.0169	0.1153	0.1263	0.0000	0.0069	0.0492	0.0000	0.0170
0.0529	0.0175	0.1290	0.0000	0.3333	0.1111	0.0000	0.6812	0.0367	0.0000	0.0472	0.0867	0.0000	0.0000	0.0000	0.0000	0.0000
0.0197	0.0601	0.0444	0.1147	0.2219	0.1034	0.0440	0.0000	0.6646	0.0062	0.0000	0.0657	0.0758	0.0516	0.0505	0.0757	0.1281
0.0640	0.0084	0.0523	0.0000	0.1081	0.0634	0.0665	0.0221	0.0104	0.6252	0.0746	0.0654	0.0027	0.0435	0.0000	0.0754	0.0574
0.0732	0.1844	0.0635	0.0155	0.0000	0.1456	0.1168	0.0000	0.0347	0.0608	0.5514	0.0000	0.1289	0.0000	0.0000	0.1065	0.1297
0.1026	0.3964	0.0120	0.0445	0.3255	0.0000	0.1690	0.0000	0.1134	0.0572	0.0170	0.6597	0.0897	0.0000	0.0595	0.1437	0.0000
0.0276	0.0741	0.0000	0.1171	0.0000	0.1834	0.0886	0.0000	0.0138	0.0388	0.1630	0.0000	0.7438	0.0185	0.1032	0.1308	0.0055
0.0448	0.1827	0.1413	0.0000	0.0000	0.1290	0.1827	0.0000	0.0000	0.0741	0.0032	0.1827	0.0000	0.2747	0.1692	0.0832	0.1440
0.0556	0.1099	0.0929	0.0000	0.2083	0.1844	0.1290	0.0314	0.0000	0.0000	0.1221	0.0000	0.0000	0.0000	0.3211	0.0176	0.0000
0.0196	0.0000	0.0038	0.1074	0.0265	0.3078	0.1290	0.0049	0.0213	0.1505	0.1844	0.0000	0.0286	0.0556	0.0083	0.6027	0.0000
0.0278	0.0182	0.1649	0.0000	0.3333	0.1391	0.0000	0.0938	0.0043	0.0654	0.3032	0.1147	0.0000	0.0000	0.0597	0.1258	0.6206
