1.5702	0.0000	0.0000	0.0000	0.0000	0.0000	0.0000	0.0000	0.0000	0.0000	0.0000	0.0000	0.0000	0.0000	0.0000	0.0000	0.0000
1.5878	0.7984	0.0000	0.0000	0.0000	0.0000	0.0000	0.0000	0.0000	0.0000	0.0000	0.0000	0.0000	0.0000	0.0000	0.0000	0.0000
1.7952	1.4963	0.7621	0.0000	0.0000	0.0000	0.0000	0.0000	0.0000	0.0000	0.0000	0.0000	0.0000	0.0000	0.0000	0.0000	0.0000
1.9113	1.2609	1.1068	1.0811	0.0000	0.0000	0.0000	0.0000	0.0000	0.0000	0.0000	0.0000	0.0000	0.0000	0.0000	0.0000	0.0000
1.6944	2.2848	1.4557	1.2615	0.6383	0.0000	0.0000	0.0000	0.0000	0.0000	0.0000	0.0000	0.0000	0.0000	0.0000	0.0000	0.0000
1.7866	1.8027	1.1463	1.2879	0.6788	0.7950	0.0000	0.0000	0.0000	0.0000	0.0000	0.0000	0.0000	0.0000	0.0000	0.0000	0.0000
2.2536	3.3272	1.5602	1.5259	0.7149	1.6764	1.0815	0.0000	0.0000	0.0000	0.0000	0.0000	0.0000	0.0000	0.0000	0.0000	0.0000
2.8520	2.3996	1.6939	1.8662	1.4721	1.5554	1.0924	1.0816	0.0000	0.0000	0.0000	0.0000	0.0000	0.0000	0.0000	0.0000	0.0000
2.7270	2.2610	1.8101	1.7952	1.4215	1.4032	1.0904	1.0859	1.0807	0.0000	0.0000	0.0000	0.0000	0.0000	0.0000	0.0000	0.0000
2.8576	2.2919	1.7060	1.8056	2.0574	1.4932	1.0968	1.0871	1.0893	1.5859	0.0000	0.0000	0.0000	0.0000	0.0000	0.0000	0.0000
2.9070	2.7253	1.7308	1.8533	1.4556	1.6397	1.0868	1.0912	1.0865	1.5882	1.0810	0.0000	0.0000	0.0000	0.0000	0.0000	0.0000
2.7584	2.1582	1.6495	2.3301	3.2377	1.5433	1.1077	1.0832	1.1121	1.5889	1.0890	1.0808	0.0000	0.0000	0.0000	0.0000	0.0000
2.3537	1.4671	1.4523	1.7737	1.8596	1.4629	1.2802	1.2363	1.1626	1.6750	1.2895	1.1350	1.0735	0.0000	0.0000	0.0000	0.0000
2.5010	1.4758	1.1504	1.1604	0.7727	1.1066	1.3319	1.2566	1.1932	1.8299	1.2445	1.2547	1.3910	0.8408	0.0000	0.0000	0.0000
3.0561	2.1971	1.4991	1.4842	0.9616	1.6084	1.0917	1.0918	1.0940	1.6025	1.0904	1.1008	1.0567	0.9424	1.0786	0.0000	0.0000
2.9295	2.5039	1.6602	1.5802	0.9755	1.5957	1.0890	1.0845	1.0887	1.5874	1.0835	1.0904	1.0993	1.0428	1.0812	1.0805	0.0000
3.1209	2.1986	1.6960	1.9143	2.1179	1.5552	1.1011	1.0861	1.0970	1.5947	1.0864	1.0909	1.2601	1.1304	1.1286	1.0903	1.0808
