0.3793	0.0000	0.0950	0.0025	0.0000	0.0025	0.1550	0.0000	0.0000	0.0386	0.1100	0.0000	0.0000	0.0000	0.0200	0.0875	0.0000
0.3793	0.6825	0.0000	0.0125	0.0000	0.1725	0.1650	0.0275	0.0000	0.0182	0.1325	0.0000	0.0000	0.0000	0.0000	0.1625	0.0000
0.3276	0.6900	0.6400	0.0025	0.0000	0.0875	0.1900	0.0175	0.0000	0.0000	0.1925	0.0000	0.0000	0.0000	0.0100	0.1750	0.0000
0.3103	0.6400	0.6525	0.6275	0.0122	0.0200	0.4400	0.0000	0.0000	0.0000	0.1000	0.0000	0.0000	0.0000	0.0100	0.0975	0.0000
0.3448	0.6175	0.6400	0.6200	0.7018	0.0000	0.3750	0.0000	0.0000	0.0000	0.0100	0.0000	0.0000	0.0000	0.0000	0.0125	0.0000
0.3276	0.6850	0.6375	0.5700	0.6908	0.6750	0.3750	0.0000	0.0000	0.0000	0.0900	0.0000	0.0000	0.0000	0.0000	0.0400	0.0000
0.2586	0.6975	0.6175	0.6450	0.5504	0.5475	0.6425	0.0000	0.0000	0.0000	0.1975	0.0000	0.0000	0.0000	0.0200	0.1600	0.0000
0.2586	0.6675	0.5825	0.5875	0.5094	0.5025	0.6000	0.6225	0.0000	0.0000	0.2550	0.0000	0.0000	0.0000	0.0700	0.1775	0.0000
0.2586	0.6900	0.5975	0.6025	0.5111	0.5075	0.6200	0.6350	0.5975	0.0000	0.2025	0.0000	0.0000	0.0000	0.0500	0.1550	0.0000
0.3103	0.6350	0.6125	0.5875	0.6543	0.5875	0.5875	0.5675	0.4725	0.3727	0.2150	0.0000	0.0000	0.0000	0.0200	0.1225	0.0000
0.2586	0.6650	0.6000	0.5625	0.5987	0.5325	0.6050	0.6050	0.6025	0.2614	0.6100	0.0000	0.0000	0.0000	0.0600	0.1725	0.0000
0.2586	0.6475	0.5525	0.5250	0.5054	0.4650	0.5625	0.5925	0.5450	0.1841	0.5425	0.5925	0.0000	0.0000	0.1900	0.1800	0.0000
0.2241	0.5400	0.4400	0.4475	0.5002	0.3925	0.4200	0.4275	0.4125	0.1455	0.4825	0.4300	0.5980	0.1856	0.0100	0.2375	0.0000
0.2241	0.4525	0.3975	0.4025	0.5000	0.3775	0.3850	0.3875	0.3775	0.1455	0.4250	0.3900	0.4760	0.7010	0.0000	0.2400	0.0000
0.2241	0.4550	0.4025	0.3950	0.5000	0.3775	0.3875	0.3925	0.3850	0.1455	0.4300	0.4050	0.4240	0.7010	0.3300	0.2400	0.0000
0.2241	0.4375	0.4050	0.4125	0.5000	0.3850	0.4100	0.4025	0.3975	0.1455	0.4600	0.4150	0.5080	0.7010	0.3200	0.5875	0.0000
0.2241	0.6475	0.6125	0.5950	0.5211	0.5425	0.6200	0.5500	0.5900	0.2250	0.5825	0.4850	0.1980	0.7010	0.3500	0.2400	0.5750
