0.4138	0.0000	0.0000	0.0000	0.0000	0.0000	0.0000	0.0000	0.0000	0.0000	0.0000	0.0000	0.0000	0.0000	0.0000	0.0000	0.0000
0.3448	0.3825	0.0000	0.0000	0.0000	0.0000	0.0000	0.0000	0.0000	0.0000	0.0000	0.0000	0.0000	0.0000	0.0000	0.0000	0.0000
0.0000	0.3825	0.3825	0.0000	0.0000	0.0000	0.0000	0.0000	0.0000	0.0000	0.0000	0.0000	0.0000	0.0000	0.0000	0.0000	0.0000
0.1724	0.3825	0.3825	0.3775	0.0000	0.0000	0.0000	0.0000	0.0000	0.0000	0.0000	0.0000	0.0000	0.0000	0.0000	0.0000	0.0000
0.3448	0.3825	0.3825	0.3825	0.5000	0.0000	0.0000	0.0000	0.0000	0.0000	0.0000	0.0000	0.0000	0.0000	0.0000	0.0000	0.0000
0.3448	0.3825	0.0000	0.0000	0.5000	0.3825	0.0000	0.0000	0.0000	0.0000	0.0000	0.0000	0.0000	0.0000	0.0000	0.0000	0.0000
0.2241	0.3825	0.0000	0.0000	0.5000	0.3825	0.3825	0.0000	0.0000	0.0000	0.0000	0.0000	0.0000	0.0000	0.0000	0.0000	0.0000
0.2241	0.0000	0.0000	0.0000	0.5000	0.3775	0.3775	0.3825	0.0000	0.0000	0.0000	0.0000	0.0000	0.0000	0.0000	0.0000	0.0000
0.2241	0.3825	0.0000	0.0000	0.5000	0.3775	0.3825	0.3825	0.3775	0.0000	0.0000	0.0000	0.0000	0.0000	0.0000	0.0000	0.0000
0.2241	0.0000	0.0000	0.0000	0.5000	0.3775	0.3775	0.3825	0.3775	0.2500	0.0000	0.0000	0.0000	0.0000	0.0000	0.0000	0.0000
0.2241	0.0000	0.0000	0.0000	0.5000	0.3775	0.3775	0.3825	0.3775	0.2500	0.3775	0.0000	0.0000	0.0000	0.0000	0.0000	0.0000
0.2241	0.0000	0.0000	0.0000	0.5000	0.3775	0.3775	0.3775	0.3775	0.2500	0.3825	0.3825	0.0000	0.0000	0.0000	0.0000	0.0000
0.2241	0.2400	0.0000	0.0000	0.5000	0.3825	0.3775	0.3775	0.2400	0.2273	0.3775	0.3825	0.4160	0.0000	0.0000	0.0000	0.0000
0.2241	0.2400	0.0000	0.0000	0.5000	0.3775	0.2400	0.3775	0.2400	0.2500	0.3775	0.3825	0.4160	0.7010	0.0000	0.0000	0.0000
0.2241	0.0000	0.0000	0.0000	0.5000	0.3775	0.3825	0.3775	0.2400	0.2500	0.3775	0.3825	0.4160	0.7010	0.3400	0.0000	0.0000
0.2241	0.0000	0.0000	0.0000	0.0000	0.3775	0.3775	0.3775	0.2400	0.2273	0.3825	0.3825	0.4160	0.7010	0.4400	0.3775	0.0000
0.2241	0.0000	0.0000	0.0000	0.5000	0.3775	0.3825	0.3775	0.2400	0.2500	0.3825	0.3825	0.4160	0.7010	0.4400	0.3825	0.3825
