1.4388	2.1774	2.3028	1.9695	2.3715	2.1931	2.0205	2.1204	1.9315	2.0490	2.1160	1.9010	1.7074	1.6602	2.0629	2.0705	2.3241
1.6854	0.7294	2.6631	2.1592	2.3244	2.4687	1.9748	2.1841	1.8491	2.0031	2.5432	2.1010	1.9346	1.9206	2.0650	2.0949	2.3433
2.2628	1.6247	0.8806	2.2727	2.3190	2.1929	1.9480	2.3554	1.7303	2.0599	2.2703	2.2157	2.2776	2.2495	2.5983	2.4317	2.1478
2.3520	1.5051	1.3201	0.8301	2.1963	2.3276	2.2046	2.1593	1.9483	2.0124	2.1848	2.0630	2.1634	2.1225	2.3630	2.1754	2.0693
1.9242	1.2097	2.3718	1.5894	0.6934	2.3814	1.8716	2.0993	2.0825	2.0374	2.3638	1.8025	2.0684	2.2157	1.9248	1.9915	2.3445
2.0065	2.7672	2.4733	1.6193	3.0406	1.1584	2.3061	1.9579	1.8896	1.9726	1.9966	2.1026	2.0408	1.6635	2.0271	2.5152	1.9564
2.4354	1.7666	1.4869	1.2863	1.6768	1.4538	0.8981	2.1026	1.8962	1.9958	2.0372	2.2439	2.3524	2.0831	2.4225	2.2883	1.9919
1.9290	1.6977	1.5680	1.1969	1.2515	1.3478	1.1307	1.0829	1.7283	1.9539	2.0634	2.0706	1.9228	1.8173	2.1199	2.4647	2.1049
1.7538	1.8557	2.0012	1.3461	1.6346	1.3263	1.1942	1.0972	1.0812	1.9640	2.0680	2.0610	1.8260	1.6161	1.9952	2.4670	2.1211
1.6269	1.2747	1.6637	1.2998	0.7737	1.7760	1.3720	1.2994	1.2126	1.5863	2.4135	1.9376	1.8277	1.7550	2.1302	2.2500	2.3214
1.6631	1.7568	1.9221	1.3154	1.3462	1.3708	1.2233	1.1395	1.1318	1.6110	1.0811	2.0195	1.7879	1.5976	2.0830	2.3800	2.1795
1.5595	1.7446	2.7975	1.6792	0.9785	1.4243	1.4925	1.1996	1.1672	1.6898	1.0979	1.0811	1.7511	1.7165	1.9114	2.2071	2.2000
1.6264	1.9553	2.3565	1.5698	2.0097	1.4656	1.5048	1.2733	1.1389	1.7155	1.1387	1.1226	1.0994	1.5087	2.0110	2.2799	2.0476
1.6023	1.8312	2.7417	1.8707	2.6924	1.5072	1.5731	1.3417	1.1784	1.6806	1.1061	1.1202	1.1356	0.8361	2.1128	2.3098	2.2022
1.6297	1.8811	2.6353	1.8707	1.9130	1.3882	1.4442	1.1961	1.1203	1.7207	1.1102	1.0944	1.1680	0.8694	1.1013	2.3974	2.2325
1.5952	2.0284	3.3223	2.2285	1.4581	1.4482	1.8244	1.3435	1.1703	1.7833	1.1162	1.1109	1.1659	0.9816	1.1127	1.0811	2.0968
1.6283	2.2171	3.7123	2.2963	1.5823	1.3986	1.9388	1.3634	1.1962	1.7410	1.1088	1.0998	1.1302	0.9891	1.1581	1.1014	1.0811
