0.8230	0.0000	0.0000	0.0000	0.0000	0.0000	0.0000	0.0000	0.0000	0.0000	0.0000	0.0000	0.0000	0.0000	0.0000	0.0000	0.0000
1.6864	0.5625	0.0000	0.0000	0.0000	0.0000	0.0000	0.0000	0.0000	0.0000	0.0000	0.0000	0.0000	0.0000	0.0000	0.0000	0.0000
2.2995	2.3926	0.7116	0.0000	0.0000	0.0000	0.0000	0.0000	0.0000	0.0000	0.0000	0.0000	0.0000	0.0000	0.0000	0.0000	0.0000
2.2129	1.8367	2.0125	0.7412	0.0000	0.0000	0.0000	0.0000	0.0000	0.0000	0.0000	0.0000	0.0000	0.0000	0.0000	0.0000	0.0000
2.4183	2.2134	2.3194	2.0018	0.7193	0.0000	0.0000	0.0000	0.0000	0.0000	0.0000	0.0000	0.0000	0.0000	0.0000	0.0000	0.0000
2.4542	2.6152	2.1871	2.4397	2.3348	0.7864	0.0000	0.0000	0.0000	0.0000	0.0000	0.0000	0.0000	0.0000	0.0000	0.0000	0.0000
2.1736	2.4416	2.0681	2.4285	2.3588	2.0561	1.6411	0.0000	0.0000	0.0000	0.0000	0.0000	0.0000	0.0000	0.0000	0.0000	0.0000
2.1572	1.8716	2.2368	1.9176	1.9956	2.3795	2.2121	1.1029	0.0000	0.0000	0.0000	0.0000	0.0000	0.0000	0.0000	0.0000	0.0000
2.3839	2.6411	2.0853	2.2728	2.3075	1.9182	2.1878	2.2968	0.8763	0.0000	0.0000	0.0000	0.0000	0.0000	0.0000	0.0000	0.0000
2.0940	2.3163	2.0402	2.2657	2.5194	1.9435	2.1597	2.4622	1.9776	0.7676	0.0000	0.0000	0.0000	0.0000	0.0000	0.0000	0.0000
2.2526	2.1135	2.0703	2.2088	2.2397	2.0383	2.0208	2.3058	2.0145	1.9013	0.7933	0.0000	0.0000	0.0000	0.0000	0.0000	0.0000
2.2360	2.6150	2.3079	2.1443	2.1579	2.0998	2.1608	2.1989	2.2163	2.1935	2.3351	0.7616	0.0000	0.0000	0.0000	0.0000	0.0000
2.0545	1.7624	2.0989	1.9559	2.2056	1.9861	2.2132	2.0258	2.1275	2.4654	1.9170	2.0676	1.2331	0.0000	0.0000	0.0000	0.0000
2.2967	2.3165	1.9535	2.0558	2.1113	1.8410	2.1008	2.2298	2.0176	2.0234	2.2927	2.0972	2.1829	0.7787	0.0000	0.0000	0.0000
2.4093	2.7616	2.3247	2.4741	2.2597	1.7724	2.2418	2.4840	2.1164	1.7496	2.4694	2.2797	2.6067	2.4147	0.8029	0.0000	0.0000
2.1501	1.9364	2.2423	2.0463	2.0607	2.2716	2.3399	1.9716	2.1969	2.4330	2.2888	2.0675	2.2471	2.0227	2.1208	0.7567	0.0000
2.2910	2.7560	2.1748	2.2646	2.4538	1.7780	2.2073	2.4275	2.0330	1.7501	2.7149	2.3197	2.3252	2.3760	1.7530	2.1779	0.6652
