0.8000	0.0000	0.0000	0.0000	0.0000	0.0000	0.0000	0.0000	0.0000	0.0000	0.0000	0.0000	0.0000	0.0000	0.0000	0.0000	0.0000
0.4180	0.7229	0.0000	0.0000	0.0000	0.0000	0.0000	0.0000	0.0000	0.0000	0.0000	0.0000	0.0000	0.0000	0.0000	0.0000	0.0000
0.1760	0.0000	0.7050	0.0000	0.0000	0.0000	0.0000	0.0000	0.0000	0.0000	0.0000	0.0000	0.0000	0.0000	0.0000	0.0000	0.0000
0.0000	0.4154	0.0150	0.6925	0.0000	0.0000	0.0000	0.0000	0.0000	0.0000	0.0000	0.0000	0.0000	0.0000	0.0000	0.0000	0.0000
0.0000	0.0010	0.0000	0.1100	0.7100	0.0000	0.0000	0.0000	0.0000	0.0000	0.0000	0.0000	0.0000	0.0000	0.0000	0.0000	0.0000
0.0580	0.0000	0.0000	0.0075	0.0025	0.7075	0.0000	0.0000	0.0000	0.0000	0.0000	0.0000	0.0000	0.0000	0.0000	0.0000	0.0000
0.0000	0.0000	0.1925	0.0000	0.0000	0.0000	0.3103	0.0000	0.0000	0.0000	0.0000	0.0000	0.0000	0.0000	0.0000	0.0000	0.0000
0.0540	0.4300	0.0000	0.3825	0.2175	0.0000	0.1552	0.5659	0.0000	0.0000	0.0000	0.0000	0.0000	0.0000	0.0000	0.0000	0.0000
0.0780	0.0000	0.0000	0.3500	0.0150	0.1800	0.0000	0.1364	0.7125	0.0000	0.0000	0.0000	0.0000	0.0000	0.0000	0.0000	0.0000
0.0500	0.0000	0.2600	0.0225	0.0000	0.1675	0.0000	0.0000	0.1100	0.6700	0.0000	0.0000	0.0000	0.0000	0.0000	0.0000	0.0000
0.0000	0.0002	0.0975	0.1200	0.0000	0.1500	0.2414	0.0114	0.2075	0.3450	0.7075	0.0000	0.0000	0.0000	0.0000	0.0000	0.0000
0.0000	0.0000	0.0000	0.1925	0.0075	0.0025	0.0517	0.0000	0.1425	0.1525	0.0100	0.7075	0.0000	0.0000	0.0000	0.0000	0.0000
0.0180	0.3606	0.0100	0.2425	0.2650	0.2975	0.1552	0.1682	0.3350	0.0000	0.2400	0.2325	0.5100	0.0000	0.0000	0.0000	0.0000
0.0020	0.0002	0.1100	0.3775	0.0000	0.3825	0.2414	0.2114	0.1525	0.0500	0.0000	0.0100	0.0100	0.6675	0.0000	0.0000	0.0000
0.0820	0.0000	0.0000	0.0200	0.3825	0.2925	0.2241	0.0000	0.3775	0.3825	0.1750	0.1700	0.0000	0.0000	0.7010	0.0000	0.0000
0.0960	0.4777	0.0000	0.1675	0.0100	0.0025	0.2069	0.1727	0.0000	0.0325	0.2400	0.2400	0.2200	0.3825	0.0000	0.7000	0.0000
0.0780	0.0000	0.0000	0.3250	0.0400	0.5200	0.0862	0.0000	0.1900	0.4975	0.0050	0.0275	0.0000	0.0000	0.2680	0.0000	0.7575
