0.7380	0.0002	0.0025	0.0000	0.3825	0.0250	0.1724	0.0523	0.2975	0.0325	0.1000	0.0000	0.0000	0.1425	0.0000	0.0025	0.0025
0.4600	0.7171	0.0000	0.0000	0.3825	0.2350	0.1552	0.0000	0.0000	0.0000	0.0000	0.2125	0.0000	0.4125	0.1134	0.0000	0.0025
0.4760	0.5607	0.6725	0.0000	0.3825	0.0225	0.1897	0.0000	0.0400	0.0000	0.1725	0.1925	0.0000	0.1525	0.0000	0.0025	0.0025
0.4700	0.5316	0.6125	0.6075	0.1675	0.0125	0.1552	0.0068	0.3575	0.0000	0.0950	0.0125	0.0500	0.0175	0.0103	0.0000	0.0050
0.4940	0.5626	0.3100	0.2800	0.6525	0.1100	0.0862	0.1386	0.2300	0.0000	0.0900	0.0075	0.0000	0.0550	0.0103	0.0000	0.0025
0.5840	0.6944	0.4600	0.3500	0.6525	0.7400	0.0172	0.1568	0.1050	0.0600	0.0000	0.0825	0.0000	0.3350	0.0412	0.0000	0.0000
0.5480	0.6712	0.5625	0.4050	0.5325	0.7025	0.3793	0.0136	0.0050	0.0000	0.0000	0.1350	0.0000	0.3400	0.0206	0.0000	0.0000
0.6440	0.6725	0.5425	0.4275	0.4575	0.5300	0.2931	0.4568	0.0000	0.0875	0.0000	0.2125	0.0000	0.1950	0.0722	0.0000	0.0000
0.6480	0.6858	0.4975	0.4200	0.5150	0.5175	0.3966	0.3545	0.6600	0.0975	0.0000	0.1750	0.0000	0.1025	0.0722	0.0000	0.0000
0.6460	0.6992	0.5050	0.4925	0.4900	0.5125	0.3966	0.4000	0.6475	0.6450	0.0000	0.1050	0.0000	0.0775	0.0412	0.0000	0.0000
0.6080	0.6774	0.5275	0.4725	0.5875	0.5025	0.2414	0.3159	0.5925	0.6175	0.6300	0.1450	0.0000	0.0625	0.0722	0.0000	0.0000
0.5940	0.7074	0.5000	0.3975	0.5725	0.5475	0.3621	0.3205	0.6400	0.6300	0.6500	0.6875	0.0000	0.0950	0.0515	0.0000	0.0000
0.5500	0.6812	0.4025	0.3675	0.4800	0.6975	0.3448	0.3273	0.4875	0.3750	0.3650	0.4100	0.4600	0.2200	0.0206	0.0000	0.0000
0.5620	0.6809	0.4725	0.3450	0.5150	0.7150	0.3448	0.3273	0.4425	0.3200	0.3700	0.3600	0.4400	0.6250	0.0309	0.0000	0.0000
0.5760	0.6301	0.5650	0.3775	0.5450	0.6950	0.3448	0.3295	0.4325	0.2700	0.4650	0.3800	0.3500	0.5725	0.7010	0.0000	0.0000
0.4700	0.5775	0.4550	0.3625	0.4225	0.6700	0.3448	0.3045	0.3250	0.2400	0.3275	0.2625	0.4200	0.5800	0.7010	0.6225	0.0000
0.5080	0.6913	0.5525	0.5775	0.5450	0.5825	0.3448	0.2136	0.6050	0.5925	0.6275	0.6475	0.4400	0.6150	0.7010	0.2450	0.4850
