0.7049	0.0001	0.0026	0.0000	0.1844	0.0144	0.0505	0.0281	0.1011	0.0200	0.1066	0.0000	0.0000	0.0880	0.0000	0.0021	0.0026
-0.3823	0.7169	-0.0026	0.0000	-0.0458	0.0815	0.0032	-0.0281	-0.1011	-0.0200	-0.1066	0.0803	0.0000	0.1489	0.0582	-0.0021	-0.0001
0.0496	-0.2548	0.6692	0.0000	0.0458	-0.0839	0.0561	0.0000	0.0385	0.0000	0.1568	0.0229	0.0000	-0.1627	-0.0582	0.0021	0.0000
-0.0527	-0.0588	-0.0561	0.5952	-0.1164	0.0018	-0.0279	0.0127	0.0743	0.0000	-0.0995	-0.0882	0.0392	-0.0628	0.0111	-0.0021	0.0025
0.0402	0.0646	-0.3567	-0.3893	0.5766	0.0539	0.0249	0.0297	0.0146	0.0000	0.0222	-0.0034	-0.0392	0.0303	0.0389	0.0000	-0.0025
0.1377	0.2246	0.1937	0.0791	0.0025	0.6640	-0.0846	0.0278	-0.0803	0.0379	-0.0795	0.0405	0.0000	0.0980	0.0145	0.0000	-0.0025
-0.1102	-0.0339	0.1095	0.0624	-0.1709	-0.0536	0.1654	-0.0521	-0.0420	-0.0379	0.0000	0.0277	0.0000	0.0518	-0.0522	0.0000	0.0000
0.1682	-0.0010	-0.0271	0.0198	-0.1091	-0.2147	-0.0389	0.3801	-0.0051	0.0690	0.0000	0.0137	0.0000	-0.0978	0.0172	0.0000	0.0000
0.0076	0.0215	-0.0413	0.0116	0.0893	-0.0007	0.0513	-0.1160	0.6431	-0.0034	0.0000	-0.0079	0.0000	-0.0281	-0.0006	0.0000	0.0000
-0.0824	0.0192	0.0015	0.0855	-0.0593	-0.0340	0.0019	0.0633	-0.0148	0.5711	0.0000	-0.0241	0.0000	-0.0062	-0.0059	0.0000	0.0000
-0.0007	-0.0313	-0.0018	-0.0261	0.1519	0.0085	-0.0847	-0.1091	-0.0744	-0.0438	0.6129	0.0167	0.0000	0.0044	0.0045	0.0000	0.0000
-0.0225	0.0403	-0.0318	-0.1022	-0.0540	0.0691	0.0685	0.0124	0.0654	0.0301	0.0273	0.5996	0.0000	0.0145	0.0077	0.0000	0.0000
-0.0648	-0.0340	-0.0763	-0.0197	-0.0735	0.1894	-0.0818	0.0042	-0.1325	-0.2714	-0.3050	-0.2756	0.3031	0.0268	-0.0085	0.0000	0.0000
0.0071	-0.0008	0.0770	-0.0314	0.0534	0.0187	0.0000	-0.0028	-0.0457	-0.0894	-0.0037	-0.0603	-0.0177	0.5068	0.0090	0.0000	0.0000
0.0155	-0.0805	0.0900	0.0301	-0.0461	-0.0349	0.0224	0.0016	-0.0112	-0.0689	0.1011	0.0257	-0.0326	-0.0666	0.2390	0.0000	0.0000
-0.1250	-0.0938	-0.0911	-0.0101	-0.1444	-0.0035	-0.0237	-0.0564	-0.1406	-0.0640	-0.1678	-0.1915	-0.0027	0.0042	0.0000	0.6122	0.0000
0.1882	0.1904	0.0912	0.2371	0.2570	-0.1205	0.0013	-0.0738	0.2749	0.4247	0.3493	0.4715	-0.0464	0.0509	0.1281	-0.3844	0.4165
