0.7035	2.1940	2.2535	2.2308	2.0860	2.4981	2.1951	2.1878	2.0664	2.2363	2.1756	2.1126	2.3760	2.0383	2.6962	2.5003	2.0242
2.0406	0.5586	2.4469	2.3797	2.1756	2.2416	2.0874	2.3589	2.3112	2.4468	2.1051	2.0371	1.9272	1.9228	2.0541	2.1727	2.0394
2.0452	0.9766	0.7742	2.6142	2.3811	2.3431	2.2521	2.3313	2.2099	2.2923	1.9264	2.0861	1.9652	2.0488	2.2941	2.3348	2.0118
1.4598	1.1281	0.8732	0.8482	2.2397	2.2278	2.2220	2.2839	2.2018	2.1858	2.0793	2.0217	2.3078	2.0429	2.7650	2.5718	2.0224
1.0634	0.9365	1.4769	1.4354	0.8211	2.3482	2.1736	2.1285	1.9918	2.1493	2.1723	2.1459	2.3410	2.0886	2.8375	2.7214	2.0359
0.9562	0.5929	1.1213	1.2362	0.8282	0.6790	2.1380	2.1046	2.1633	2.1344	2.3858	2.1023	2.2903	1.8592	2.6534	2.6187	2.0451
1.3032	0.6283	0.9563	1.0527	0.9344	0.7223	1.5101	2.2338	2.4244	2.2165	2.6817	1.9745	2.2152	1.7837	2.4034	2.4990	2.0565
0.8963	0.6621	1.0462	1.0398	1.0879	1.2183	1.5749	1.3164	2.2019	2.1895	2.5530	2.1170	2.5163	1.8964	2.5590	2.6087	2.0623
0.8870	0.6304	1.1251	1.0607	0.9660	1.3252	1.5547	1.5692	0.8149	2.1728	2.5219	2.1082	2.4468	1.9420	2.6052	2.6458	2.0616
0.9717	0.6144	1.0948	0.9845	0.9792	1.1445	1.5531	1.4700	0.8314	0.8421	2.6092	2.0800	2.4199	2.0587	2.3658	2.7176	2.0598
0.9608	0.6561	1.0320	0.9807	0.8689	1.2000	1.5923	1.6949	0.8691	0.8783	0.8138	2.0775	2.4090	2.0865	2.6156	2.8543	2.0478
1.0156	0.6015	1.0687	1.0857	0.8912	1.0555	1.5666	1.6782	0.8185	0.8478	0.8090	0.7675	2.4028	2.0248	2.4910	2.8291	2.0471
1.3336	0.6265	1.1774	1.1281	0.9614	0.7659	1.5102	1.6721	1.2299	1.4557	1.2034	1.3933	1.0688	1.9176	2.1797	2.5244	2.0520
1.4165	0.6201	1.0614	1.1989	0.9411	0.7670	1.5087	1.7796	1.3037	1.5287	1.1513	1.4680	1.0677	0.8536	2.1297	2.5562	2.0567
1.7571	0.7441	0.9910	1.1702	1.0504	0.7593	1.5244	1.8220	1.2946	1.7224	1.0646	1.3612	1.0773	0.9082	0.8330	2.5825	2.0656
2.2432	0.8979	1.0377	1.1715	1.1257	0.8842	1.5390	2.1353	1.9587	2.3055	1.4560	2.0464	1.0652	0.8805	0.8373	0.8432	2.0620
1.2145	0.6331	0.9368	0.8839	0.9457	1.0065	1.5281	2.0542	1.0238	0.9423	0.8663	0.8827	1.0662	0.9358	0.8397	1.9099	0.9991
