1.4721	2.1614	1.9577	2.1743	2.1180	2.2897	2.1947	2.2323	2.2642	2.2932	1.8901	2.5195	2.8028	1.8196	2.3049	2.0057	2.1521
2.0108	0.8657	2.2060	2.1287	2.0030	1.7569	2.2154	2.3447	2.2555	2.0449	2.1570	2.3855	2.5376	2.0214	2.1507	1.9719	2.3276
1.9461	1.9717	0.9715	2.0110	1.9882	2.0840	2.1662	2.1883	2.0851	2.3497	2.0286	2.1276	2.1659	1.8047	2.0338	2.1737	1.9106
1.9058	1.9834	1.8159	0.9939	2.1290	2.1541	2.3112	2.2059	2.1315	2.1135	1.9156	2.2284	2.1873	1.9412	2.2479	2.0196	2.0992
2.3545	2.0961	2.2055	1.8805	0.5735	2.2887	2.1033	2.3067	2.2211	2.0828	2.1156	2.0107	1.8656	2.1426	2.0991	1.9009	2.0314
2.1599	1.5779	2.2432	2.2199	1.4533	0.9442	2.1226	2.2307	2.0938	2.0551	2.1821	2.1089	2.3185	2.2934	2.2148	1.9219	2.2114
2.1395	1.9962	2.1979	2.3683	2.6825	1.5585	1.0730	2.3930	2.0760	2.0521	2.1740	2.0222	2.1644	2.2347	2.1351	1.9456	2.2806
2.6593	2.0270	2.2395	2.6208	3.1528	1.9457	1.8599	1.0312	2.0806	1.9727	2.3479	1.9840	1.9320	2.2654	2.1584	2.2501	2.3785
2.2644	1.9718	2.0026	2.3931	2.7751	1.9228	2.0953	1.6108	1.0302	2.1191	2.2929	2.0882	2.1444	2.1435	1.9754	2.1404	2.1316
2.4597	1.9842	2.3290	2.0661	1.8002	1.7723	2.0676	1.9668	1.8902	1.2397	2.2375	1.8598	1.7965	2.3217	2.0855	1.9960	2.2462
1.8188	1.9879	2.0290	1.7734	1.2216	2.1583	2.2971	2.5245	2.2748	2.2699	1.0139	2.3912	2.3917	1.8988	2.2012	1.9901	2.3394
2.9944	2.4949	2.1518	2.0983	1.2239	2.0282	2.2160	2.0606	2.0965	1.8958	2.3696	0.9264	1.7948	2.4432	2.0834	2.1628	2.2224
2.9268	2.3249	2.4130	2.0144	1.1352	2.2066	2.3445	2.0287	2.1589	1.8724	2.1962	1.4852	0.7374	2.3596	2.0048	2.0629	2.1336
2.0385	1.8680	1.8299	2.0978	1.6665	1.8120	2.0189	2.4739	2.0996	2.1452	1.8694	2.3233	2.8716	0.8551	1.9055	1.8585	2.1200
2.4906	1.8739	1.8452	2.2462	1.6564	1.7396	2.1380	2.2345	1.9644	1.8927	2.2620	1.9299	1.6434	1.1708	1.2415	1.9421	1.9971
2.1661	1.7919	2.1351	1.8406	1.1950	1.7766	2.0325	2.4953	2.1588	1.9933	1.8855	2.0619	1.8135	1.4315	1.7539	0.8744	2.1340
2.0972	2.4560	1.8202	2.1301	1.2767	2.2116	2.2186	2.5756	2.0945	2.4347	2.1459	2.2821	2.1760	2.0978	1.9543	1.6289	0.9626
