0.3793	0.0050	0.3100	0.2400	0.0000	0.0000	0.0100	0.0025	0.0125	0.2250	0.3875	0.0000	0.0000	0.6804	0.0000	0.2400	0.0050
0.1552	0.6975	0.0450	0.0000	0.0000	0.5025	0.0900	0.0000	0.0075	0.2500	0.1075	0.0000	0.0080	0.0722	0.0000	0.2400	0.0000
0.2069	0.4000	0.6675	0.1050	0.2064	0.2725	0.0050	0.0025	0.0400	0.0205	0.1575	0.0050	0.0780	0.4639	0.1300	0.0625	0.2675
0.2241	0.1925	0.2875	0.6400	0.0000	0.0225	0.0275	0.0100	0.0850	0.1750	0.2450	0.0525	0.1620	0.6082	0.0100	0.2750	0.1600
0.0172	0.0050	0.1700	0.3875	0.7170	0.0100	0.2275	0.0825	0.0025	0.2295	0.0050	0.1425	0.3940	0.1959	0.0000	0.1250	0.1425
0.1552	0.4350	0.1400	0.0000	0.3597	0.6725	0.2400	0.3200	0.0075	0.2568	0.0000	0.0000	0.0060	0.0619	0.0100	0.2600	0.0200
0.1034	0.1675	0.1950	0.0275	0.1128	0.4150	0.6650	0.0275	0.0450	0.2341	0.1100	0.1775	0.1520	0.0722	0.0800	0.1875	0.0000
0.0000	0.2325	0.3675	0.0000	0.0000	0.2250	0.5075	0.6225	0.2100	0.2045	0.0000	0.1900	0.4540	0.0412	0.1600	0.0000	0.0050
0.0345	0.4175	0.3675	0.0625	0.0000	0.1200	0.1850	0.4750	0.6600	0.1159	0.0000	0.1350	0.1180	0.0206	0.1400	0.0925	0.0800
0.0172	0.3100	0.1025	0.3525	0.3486	0.4625	0.2400	0.3175	0.2975	0.5386	0.0075	0.3375	0.4540	0.0103	0.2700	0.0750	0.0000
0.2414	0.3075	0.4250	0.2900	0.4977	0.0775	0.0400	0.0375	0.0900	0.2682	0.6650	0.0000	0.0000	0.1959	0.0000	0.1300	0.0000
0.0000	0.0125	0.0800	0.3775	0.4602	0.0150	0.2400	0.1525	0.2925	0.2977	0.1950	0.6500	0.4460	0.0412	0.0000	0.0775	0.0925
0.0000	0.0075	0.0025	0.3775	0.3438	0.0000	0.1600	0.3550	0.1375	0.2273	0.3250	0.3775	0.7560	0.1546	0.1500	0.3100	0.0450
0.2759	0.3725	0.2225	0.1375	0.4994	0.2650	0.0525	0.0025	0.2025	0.0750	0.2000	0.0000	0.0300	0.7010	0.4000	0.2950	0.0950
0.0000	0.2875	0.4825	0.1125	0.4278	0.4775	0.1625	0.3025	0.2150	0.2659	0.0000	0.3525	0.3660	0.7113	0.4000	0.3825	0.3525
0.1034	0.3925	0.2450	0.3350	0.4990	0.2425	0.1375	0.0000	0.0825	0.1568	0.1500	0.0700	0.3760	0.4536	0.2800	0.7175	0.0000
0.0862	0.0600	0.4900	0.0925	0.3593	0.1600	0.0000	0.0125	0.3125	0.0227	0.1575	0.2675	0.1960	0.0103	0.3200	0.6300	0.7250
