0.7102	2.0363	2.3710	2.0469	2.0532	2.0460	2.4197	2.5664	2.2514	2.1017	2.1531	2.1188	1.9685	2.0554	2.3524	2.0861	2.1140
1.3278	1.1791	2.1633	1.9421	2.0171	2.0133	2.4374	2.1762	2.1216	2.2808	1.9291	2.2329	2.1542	1.9028	2.4193	2.4066	2.1900
1.9988	1.5264	0.7375	1.9500	2.1117	2.0966	2.2784	2.0986	2.2765	2.4066	2.1142	2.2220	2.4502	1.8648	2.4614	2.7673	2.3765
2.0428	1.6999	1.0916	0.6647	2.0960	1.9083	2.3878	2.2912	2.1840	2.1788	1.9991	2.0981	2.0023	1.8531	2.3113	2.5162	2.3887
1.9097	1.7314	1.7639	0.8966	0.8479	1.9193	2.3143	2.4873	2.1657	1.9890	2.0515	2.1872	1.9774	1.9764	2.1623	2.4399	2.2522
1.6396	2.0717	1.9898	1.2771	0.9812	1.4670	2.2913	2.5300	2.1381	2.0784	2.1305	2.1851	1.9226	2.0566	2.3285	2.2723	2.3016
3.4946	2.5589	2.5215	2.5190	2.0485	1.8746	0.8334	1.9659	2.0429	1.9952	2.1920	2.0127	1.9438	2.5260	2.1597	2.2496	2.3742
4.5820	3.2175	3.9242	3.3801	2.6915	2.1870	0.9369	0.8697	2.0234	1.8099	2.1092	1.9193	1.9599	2.5808	2.0818	2.2296	2.3481
5.9627	3.8524	3.9173	2.9912	2.6288	2.3552	1.1675	1.0253	1.0100	1.8624	2.1798	2.2299	2.1728	2.5515	2.0342	2.3546	2.4523
6.5285	3.6275	5.3771	3.5701	2.5379	2.2028	0.8907	1.2283	1.0874	1.0762	2.0956	2.3598	2.0723	2.4572	1.9099	2.3885	2.3943
6.0693	3.1038	5.2644	3.1867	2.4778	2.1346	0.9339	1.1822	1.0846	1.1172	1.0794	2.3635	2.1060	2.5177	1.8929	2.3905	2.5311
6.1971	3.5992	4.6922	3.7430	2.7304	2.2682	0.8883	1.3169	1.1315	1.2082	1.1389	1.0242	2.0232	2.5900	2.0229	2.2855	2.5098
3.4657	2.7010	4.2697	2.8390	2.1139	1.9494	1.2317	1.2862	1.2397	1.2198	1.1972	1.0548	0.6927	2.3472	2.0800	2.2858	2.4156
3.2711	2.1724	2.4133	2.0160	1.7142	1.9172	1.6437	2.1477	1.4357	1.1879	1.2483	1.1784	0.6952	0.8902	2.0875	2.5035	2.3674
5.1047	2.5324	4.1911	2.6934	2.1229	2.0282	1.0912	1.1500	1.1298	1.0925	1.1086	1.1374	0.6921	1.0077	1.0741	2.4786	2.5357
5.8731	3.5485	5.3059	3.8038	2.8011	2.3466	0.8944	1.3499	1.1664	1.1162	1.1458	1.1671	0.6987	1.0316	1.0938	1.0116	2.3471
6.3028	3.7389	5.0688	4.3469	3.3139	2.9585	0.9967	1.7550	1.4864	1.1143	1.2443	1.1527	0.7045	1.1240	1.1435	1.0844	0.9914
