0.7480	0.0702	0.0617	0.0448	0.0032	0.0732	0.0000	0.0695	0.0064	0.0562	0.0754	0.0143	0.0473	0.0268	0.0313	0.0477	0.0439
0.1297	0.7066	0.0126	0.0500	0.0551	0.0910	0.0566	0.1099	0.0029	0.0214	0.0471	0.0117	0.0141	0.0099	0.0598	0.0080	0.0762
0.0851	0.0873	0.8580	0.0444	0.0147	0.0743	0.0418	0.0269	0.0252	0.0074	0.0679	0.0204	0.0771	0.0024	0.0354	0.0027	0.0392
0.0307	0.1381	0.0194	0.7764	0.0459	0.0732	0.0317	0.0538	0.0192	0.1395	0.0363	0.0162	0.0115	0.0878	0.1107	0.0000	0.0241
0.0663	0.0771	0.0352	0.0379	0.7300	0.0732	0.0058	0.0088	0.0093	0.0132	0.0000	0.0495	0.0244	0.1224	0.0000	0.0146	0.0000
0.0113	0.0514	0.0749	0.0244	0.0324	0.3716	0.0169	0.1260	0.0037	0.0387	0.0470	0.0140	0.0003	0.1010	0.0779	0.0667	0.0403
0.0189	0.0785	0.0000	0.0515	0.0154	0.0688	0.4576	0.0941	0.1096	0.1139	0.0419	0.0278	0.0250	0.1384	0.0494	0.0000	0.0623
0.1318	0.0747	0.0425	0.0884	0.0618	0.1072	0.0734	0.7293	0.0715	0.0256	0.0416	0.0796	0.0000	0.1255	0.0283	0.0130	0.1078
0.0032	0.0981	0.0076	0.0719	0.0378	0.0580	0.0095	0.0838	0.7723	0.1503	0.0050	0.0857	0.0057	0.0818	0.0024	0.0349	0.0977
0.0818	0.0743	0.0403	0.0315	0.0397	0.0497	0.0183	0.0765	0.0325	0.2912	0.0930	0.0041	0.0521	0.1156	0.0552	0.0895	0.0907
0.0587	0.0341	0.0209	0.0714	0.0056	0.0590	0.1004	0.0487	0.0386	0.0340	0.7152	0.0360	0.0031	0.0542	0.0306	0.0133	0.0726
0.0545	0.0931	0.0081	0.0202	0.0807	0.0513	0.0850	0.1392	0.0340	0.0085	0.0568	0.7981	0.0726	0.1392	0.0195	0.0000	0.1123
0.0556	0.1198	0.0497	0.0127	0.0072	0.0544	0.1437	0.0476	0.0402	0.0350	0.0277	0.0462	0.7108	0.0705	0.0143	0.0512	0.0834
0.0000	0.1329	0.0070	0.0179	0.0025	0.0647	0.0627	0.0562	0.0688	0.0320	0.0000	0.0817	0.0007	0.9064	0.0465	0.0624	0.0936
0.0499	0.1450	0.0742	0.0440	0.0218	0.0514	0.0000	0.0525	0.0515	0.0068	0.0171	0.0263	0.0529	0.0942	0.7296	0.0632	0.0287
0.0232	0.0606	0.0065	0.0153	0.0412	0.0732	0.0000	0.0499	0.0018	0.0089	0.0031	0.0733	0.0111	0.0976	0.0850	0.7815	0.0078
0.0749	0.0610	0.0052	0.0387	0.0392	0.0706	0.0374	0.0554	0.0000	0.0074	0.0042	0.0251	0.1010	0.0472	0.0152	0.0590	0.7944
