0.6020	2.0485	2.2847	2.1755	2.2594	2.4146	2.2751	2.0238	2.1776	2.0648	2.0762	2.1552	1.8616	2.0544	2.1814	2.1286	2.0566
1.9474	0.8397	2.2474	2.1709	2.1186	2.1860	2.0883	1.9693	2.2780	2.2065	2.2765	2.1437	2.3414	2.4045	2.1359	2.3248	2.0050
2.0686	2.0608	0.3129	2.2267	2.3236	2.0781	2.0676	2.2271	2.1119	2.2054	2.1786	2.1859	1.9243	2.4393	2.3586	2.3178	2.0720
2.1678	2.0068	2.2172	0.5792	2.1039	2.2408	2.2917	2.0850	2.1604	1.9362	2.2390	2.2655	2.0357	1.8796	2.0383	2.2611	2.1502
2.1704	2.0446	2.3548	2.1596	0.6794	2.2995	2.2891	2.1984	2.1792	2.1737	2.3178	2.0675	1.9437	1.9394	2.3431	2.1181	2.1056
2.1709	2.1681	2.0076	2.4132	2.3736	1.2433	2.2737	1.8737	2.1665	2.2238	2.2035	2.0589	2.0585	1.8375	2.0695	2.0084	2.2118
2.1414	2.1513	2.4563	2.2350	2.4557	2.3511	0.7383	2.0440	1.9861	1.9560	2.1028	2.1289	2.2202	1.9463	2.2002	2.2276	2.0235
1.9443	2.0896	2.1840	2.0926	2.0490	2.1952	1.9721	0.6936	2.1956	2.3351	2.1597	2.1335	2.1620	1.8596	2.1097	2.1092	1.9569
2.2875	2.1331	2.5153	2.1660	2.2696	2.1704	2.1225	2.0031	0.5835	2.0137	2.4570	2.0067	1.8711	2.0257	2.2176	2.1714	2.0074
2.0841	2.0891	2.3478	2.2490	2.2514	2.3500	2.1086	2.0822	2.1182	1.0819	2.0250	2.1783	2.0478	1.9379	2.2853	1.9313	2.0080
1.9757	2.2452	2.1497	2.0770	2.2852	2.1653	1.9404	2.1168	2.1226	2.2328	0.6663	2.2002	1.9648	2.0472	2.2507	2.1741	2.0117
2.0939	2.0813	2.4752	2.2833	2.0597	2.2618	1.9797	1.9669	2.1259	2.1855	2.0909	0.5205	1.9821	1.9023	2.1872	2.2411	1.9796
2.0926	2.0136	2.1365	2.2339	2.2487	2.1677	1.9536	2.1312	2.1522	2.1725	2.1407	2.1174	0.5889	2.1687	2.2377	2.1028	2.0662
2.1657	1.9803	2.3606	2.1684	2.3394	2.1952	2.1154	2.0149	2.0558	2.0574	2.3241	2.1014	2.2407	0.2750	2.1056	2.3640	1.9448
2.1578	1.9803	2.0250	2.1361	2.2368	2.3468	2.2066	2.0644	2.3133	2.1829	2.2117	2.1493	1.9672	2.0082	0.6529	2.0949	2.0208
2.2654	2.0913	2.4299	2.1503	2.1824	2.2841	2.3045	2.0760	2.2113	2.1804	2.4871	2.1926	2.0583	2.0098	2.2027	0.5960	2.1498
2.0750	2.0855	2.2283	2.0747	2.2617	2.2506	2.0387	2.0857	2.3198	2.2126	2.2171	2.2004	1.8448	2.1797	2.1434	2.1727	0.5064
