0.7600	0.1477	0.1500	0.1450	0.0025	0.2241	0.0000	0.2325	0.0075	0.1800	0.3350	0.0175	0.0950	0.0400	0.0625	0.0775	0.0775
0.3000	0.7091	0.0220	0.0825	0.0825	0.2414	0.0722	0.2975	0.0025	0.0300	0.0925	0.0150	0.0234	0.0175	0.2225	0.0100	0.2225
0.1675	0.1114	0.8920	0.1500	0.0175	0.2241	0.1237	0.0425	0.0525	0.0100	0.1450	0.0250	0.2235	0.0050	0.0600	0.0025	0.0625
0.0525	0.2023	0.0360	0.7850	0.0600	0.2241	0.0412	0.0850	0.0275	0.2500	0.0400	0.0225	0.0187	0.2100	0.2025	0.0000	0.0475
0.1275	0.1568	0.0460	0.0500	0.7550	0.2241	0.0103	0.0125	0.0150	0.0300	0.0000	0.1700	0.0495	0.2775	0.0000	0.0175	0.0000
0.0175	0.1500	0.1580	0.0475	0.0425	0.5172	0.0309	0.3650	0.0050	0.0300	0.1000	0.0150	0.0003	0.2650	0.3325	0.1125	0.0800
0.0300	0.1159	0.0000	0.0850	0.0175	0.2241	0.7113	0.2775	0.1900	0.3200	0.0575	0.0375	0.0278	0.2775	0.1300	0.0000	0.1550
0.2300	0.1818	0.0940	0.2725	0.1150	0.2414	0.2887	0.7475	0.2125	0.0300	0.1075	0.1575	0.0000	0.3300	0.0525	0.0175	0.2975
0.0050	0.1614	0.0060	0.1575	0.0875	0.2069	0.0206	0.2800	0.7850	0.4300	0.0075	0.2450	0.0058	0.1750	0.0025	0.0600	0.3125
0.1625	0.1545	0.0920	0.0350	0.0450	0.2069	0.0515	0.2525	0.0425	0.3900	0.3225	0.0050	0.1133	0.3125	0.0400	0.2075	0.2475
0.0550	0.0773	0.0420	0.2850	0.0050	0.2241	0.4639	0.1175	0.0525	0.0500	0.7250	0.0575	0.0039	0.1400	0.0625	0.0175	0.2600
0.1100	0.1545	0.0080	0.0325	0.1775	0.1724	0.2577	0.2450	0.0675	0.0100	0.0650	0.8025	0.2522	0.2950	0.0350	0.0000	0.2225
0.1050	0.1977	0.0960	0.0150	0.0100	0.1034	0.5052	0.1075	0.0750	0.0400	0.0475	0.0725	0.7112	0.1500	0.0175	0.1775	0.2200
0.0000	0.1841	0.0120	0.0275	0.0025	0.1897	0.1340	0.1950	0.2700	0.0400	0.0000	0.1200	0.0012	0.9125	0.1650	0.1425	0.1950
0.0850	0.1773	0.2600	0.0800	0.0400	0.1552	0.0000	0.1450	0.0950	0.0100	0.0275	0.0400	0.1332	0.2475	0.7450	0.1900	0.0275
0.0250	0.1500	0.0100	0.0225	0.0525	0.2241	0.0000	0.1100	0.0025	0.0100	0.0050	0.1700	0.0202	0.3200	0.1575	0.7850	0.0100
0.2725	0.1364	0.0080	0.0550	0.0800	0.2069	0.1340	0.1225	0.0000	0.0100	0.0050	0.0400	0.1692	0.0900	0.0175	0.1400	0.8025
