0.6244	0.0747	0.0395	0.0000	0.0245	0.0000	0.1340	0.0469	0.0096	0.1202	0.1741	0.2039	0.0000	0.0000	0.0000	0.0000	0.0000
0.3447	0.5989	0.0701	0.0055	0.0050	0.0000	0.0846	0.0267	0.0073	0.0908	0.0976	0.1735	0.0000	0.0123	0.0098	0.0000	0.0000
0.3322	0.3400	0.7148	0.1098	0.0238	0.0000	0.0494	0.1149	0.0388	0.0892	0.0620	0.1274	0.0001	0.0272	0.0700	0.0388	0.0718
0.3473	0.2564	0.6618	0.7998	0.0579	0.0000	0.0233	0.0282	0.0184	0.1360	0.0384	0.0718	0.0010	0.0138	0.0706	0.1100	0.1280
0.4554	0.1819	0.5682	0.7441	0.7007	0.0000	0.1154	0.0196	0.0611	0.1374	0.0248	0.0399	0.0457	0.0000	0.1222	0.0951	0.1028
0.2870	0.2875	0.5039	0.6094	0.4703	0.2407	0.0000	0.0000	0.0227	0.1209	0.0257	0.0258	0.0016	0.0000	0.1266	0.0557	0.1194
0.1844	0.0940	0.0853	0.1658	0.2357	0.0732	0.2747	0.1386	0.0114	0.1790	0.1234	0.2406	0.0000	0.0000	0.0000	0.0000	0.0867
0.2475	0.0697	0.0153	0.0240	0.2422	0.0764	0.2699	0.6850	0.0179	0.0656	0.1806	0.2181	0.0001	0.0064	0.0000	0.0086	0.0547
0.0742	0.0622	0.0094	0.0125	0.0541	0.0357	0.1885	0.6535	0.6743	0.0400	0.1415	0.0732	0.0457	0.0000	0.0000	0.0400	0.0979
0.1844	0.0515	0.0998	0.1290	0.1290	0.0732	0.2747	0.3757	0.1827	0.2961	0.1844	0.1844	0.0000	0.0000	0.0000	0.0000	0.0996
0.2756	0.1229	0.0642	0.0689	0.0814	0.0667	0.2747	0.6414	0.3896	0.3200	0.6615	0.3832	0.0000	0.0000	0.0000	0.0000	0.0629
0.2241	0.0779	0.0214	0.0351	0.1290	0.0595	0.1725	0.6826	0.3226	0.1733	0.6945	0.6940	0.0000	0.0138	0.0000	0.0000	0.0340
0.0000	0.0044	0.0000	0.1331	0.1844	0.0370	0.0455	0.1330	0.1844	0.0000	0.0024	0.0973	0.7120	0.1008	0.0464	0.0000	0.0807
0.0000	0.0317	0.1631	0.1315	0.1912	0.0585	0.0058	0.0148	0.0415	0.0243	0.0332	0.0191	0.6346	0.6762	0.0306	0.0207	0.0395
0.0461	0.0711	0.1718	0.1249	0.0892	0.0677	0.0364	0.1861	0.1250	0.0185	0.1318	0.1528	0.1666	0.4942	0.6510	0.0576	0.1364
0.1478	0.0535	0.1959	0.1827	0.1675	0.0629	0.0000	0.0910	0.0000	0.0000	0.0000	0.0000	0.0184	0.1290	0.3517	0.6518	0.1844
0.0684	0.0458	0.1459	0.1582	0.1856	0.0278	0.0000	0.0000	0.1221	0.0000	0.0000	0.0000	0.1288	0.1290	0.2840	0.4184	0.6888
