0.8414	2.0310	2.1725	2.1942	2.1359	2.2391	1.9271	2.1176	2.3287	1.9182	1.8383	1.8904	2.8256	2.6290	2.2952	2.3311	2.3781
1.0332	1.1457	2.0492	2.2605	2.3597	2.3107	1.8130	2.2753	2.2170	1.8918	1.9457	1.8489	2.9025	2.4951	2.2232	2.4389	2.3554
1.1823	1.4475	0.7124	1.9348	2.2964	2.3109	2.0718	2.2121	2.0978	1.8240	2.0600	1.9878	2.4780	2.4087	1.9794	2.0237	2.1766
1.2994	1.6688	1.1315	0.5780	2.0702	2.3537	2.1617	2.1269	2.1689	1.8310	2.1048	2.1704	2.1721	2.4773	2.0887	2.1069	2.1232
1.3460	1.8074	1.3844	0.7071	0.7661	2.4330	2.1465	2.1748	2.0801	2.0723	2.0929	2.0746	1.9059	2.5190	2.0521	2.2790	1.9886
1.3477	1.6701	1.3293	1.0057	1.1140	1.4911	2.1520	2.3074	2.1907	1.8346	2.1232	2.1750	2.2639	2.3748	2.0508	2.1915	2.0437
1.2318	1.9371	3.2969	2.3049	1.4575	1.8550	0.7971	2.1011	2.1235	2.1945	1.8829	1.9492	2.9802	2.8267	2.4985	2.3789	2.2087
1.4119	2.6220	4.8680	2.9282	1.7613	2.4847	1.0429	0.7725	2.1789	2.3272	1.7861	1.8388	2.5515	2.8237	2.2901	2.2529	2.2486
2.2207	2.8162	5.7250	3.7692	2.3899	2.7374	1.5496	0.8873	0.8046	2.3921	1.8464	1.9472	2.2179	2.6938	2.3885	2.4032	2.2708
1.4091	2.1788	3.6655	2.6368	1.8365	1.9778	0.8728	1.0226	1.6855	1.0708	1.8185	1.7711	3.1414	2.6933	2.4245	2.4517	2.4209
1.2724	2.2399	4.2393	2.8122	1.9108	2.2811	1.0360	0.8426	1.1642	1.1295	0.7324	1.6034	2.9964	2.7702	2.3294	2.3730	2.3275
1.3423	2.3410	4.7994	2.8027	1.8518	2.6974	1.2823	0.8977	1.2313	1.2501	0.8144	0.9013	2.9731	2.5780	2.3128	2.3806	2.3624
3.5395	2.9330	4.1726	2.4918	1.6066	2.3766	2.6256	2.5135	1.8542	2.8561	3.1150	3.0667	0.5633	1.9516	2.1059	2.1980	2.0366
4.0947	2.8330	2.8974	3.1975	2.2341	2.1534	3.6509	3.9924	2.5956	3.5780	3.8809	3.6728	0.6883	0.7973	2.0484	2.2873	2.0622
2.8524	2.6087	2.3370	2.5488	1.9669	2.0974	4.1248	3.7827	3.1729	3.3886	3.2645	2.9844	1.7267	1.3633	0.8526	2.1280	1.9374
3.7780	3.5939	3.0781	2.4670	2.4341	2.7084	5.5596	4.4326	4.2427	5.3993	4.8395	4.4028	4.9069	2.7650	1.4795	0.7823	1.8231
5.0697	4.7509	3.6386	3.2155	3.0180	3.5680	5.7168	4.5289	3.4384	4.7423	4.6307	4.1047	2.2286	2.4599	1.4630	1.2158	0.8149
