0.6244	0.0747	0.0395	0.0000	0.0245	0.0000	0.1340	0.0469	0.0096	0.1202	0.1741	0.2039	0.0000	0.0000	0.0000	0.0000	0.0000
-0.2797	0.5242	0.0306	0.0055	-0.0195	0.0000	-0.0494	-0.0202	-0.0023	-0.0294	-0.0765	-0.0304	0.0000	0.0123	0.0098	0.0000	0.0000
-0.0125	-0.2589	0.6447	0.1043	0.0188	0.0000	-0.0352	0.0882	0.0315	-0.0016	-0.0356	-0.0461	0.0001	0.0149	0.0602	0.0388	0.0718
0.0151	-0.0836	-0.0530	0.6900	0.0341	0.0000	-0.0261	-0.0867	-0.0204	0.0468	-0.0236	-0.0556	0.0009	-0.0134	0.0006	0.0712	0.0562
0.1081	-0.0745	-0.0936	-0.0557	0.6428	0.0000	0.0921	-0.0086	0.0427	0.0014	-0.0136	-0.0319	0.0447	-0.0138	0.0516	-0.0149	-0.0252
-0.1684	0.1056	-0.0643	-0.1347	-0.2304	0.2407	-0.1154	-0.0196	-0.0384	-0.0165	0.0009	-0.0141	-0.0441	0.0000	0.0044	-0.0394	0.0166
-0.1026	-0.1935	-0.4186	-0.4436	-0.2346	-0.1675	0.2747	0.1386	-0.0113	0.0581	0.0977	0.2148	-0.0016	0.0000	-0.1266	-0.0557	-0.0327
0.0631	-0.0243	-0.0700	-0.1418	0.0065	0.0032	-0.0048	0.5464	0.0065	-0.1134	0.0572	-0.0225	0.0001	0.0064	0.0000	0.0086	-0.0320
-0.1733	-0.0075	-0.0059	-0.0115	-0.1881	-0.0407	-0.0814	-0.0315	0.6564	-0.0256	-0.0391	-0.1449	0.0456	-0.0064	0.0000	0.0314	0.0432
0.1102	-0.0107	0.0904	0.1165	0.0749	0.0375	0.0862	-0.2778	-0.4916	0.2561	0.0429	0.1112	-0.0457	0.0000	0.0000	-0.0400	0.0017
0.0912	0.0714	-0.0356	-0.0601	-0.0476	-0.0065	0.0000	0.2657	0.2069	0.0239	0.4771	0.1988	0.0000	0.0000	0.0000	0.0000	-0.0367
-0.0515	-0.0450	-0.0428	-0.0338	0.0476	-0.0072	-0.1022	0.0412	-0.0670	-0.1467	0.0330	0.3108	0.0000	0.0138	0.0000	0.0000	-0.0289
-0.2241	-0.0735	-0.0214	0.0980	0.0554	-0.0225	-0.1270	-0.5496	-0.1382	-0.1733	-0.6921	-0.5967	0.7120	0.0870	0.0464	0.0000	0.0467
0.0000	0.0273	0.1631	-0.0016	0.0068	0.0215	-0.0397	-0.1182	-0.1429	0.0243	0.0308	-0.0782	-0.0774	0.5754	-0.0158	0.0207	-0.0412
0.0461	0.0394	0.0087	-0.0066	-0.1020	0.0092	0.0306	0.1713	0.0835	-0.0058	0.0986	0.1337	-0.4680	-0.1820	0.6204	0.0369	0.0969
0.1017	-0.0176	0.0241	0.0578	0.0783	-0.0048	-0.0364	-0.0951	-0.1250	-0.0185	-0.1318	-0.1528	-0.1482	-0.3652	-0.2993	0.5942	0.0480
-0.0794	-0.0077	-0.0500	-0.0245	0.0181	-0.0351	0.0000	-0.0910	0.1221	0.0000	0.0000	0.0000	0.1104	0.0000	-0.0677	-0.2334	0.5044
