0.6350	0.2273	0.0400	0.0000	0.0200	0.0000	0.2371	0.0425	0.0125	0.2200	0.2575	0.3200	0.0000	0.0000	0.0000	0.0000	0.0000
0.4650	0.5750	0.0780	0.0075	0.0075	0.0000	0.1340	0.0200	0.0075	0.1900	0.1250	0.3775	0.0000	0.0150	0.0100	0.0000	0.0000
0.4725	0.4068	0.7760	0.3575	0.0375	0.0000	0.0722	0.0975	0.0675	0.2300	0.0750	0.1750	0.0002	0.0675	0.1575	0.0500	0.1900
0.6100	0.3523	0.6860	0.8075	0.1000	0.0000	0.0206	0.0325	0.0300	0.2300	0.0575	0.1225	0.0010	0.0325	0.1700	0.2025	0.3425
0.5900	0.2932	0.6000	0.7500	0.7275	0.0000	0.1237	0.0125	0.1075	0.2300	0.0300	0.0650	0.0587	0.0000	0.3550	0.1225	0.3625
0.5075	0.3727	0.5660	0.6275	0.5400	0.3793	0.0000	0.0000	0.0250	0.2100	0.0225	0.0600	0.0016	0.0000	0.2900	0.0775	0.3500
0.3825	0.2114	0.1840	0.2575	0.3075	0.2241	0.7010	0.1850	0.0150	0.3100	0.3625	0.3950	0.0000	0.0000	0.0000	0.0000	0.0775
0.2950	0.1545	0.0240	0.0350	0.3100	0.1724	0.6804	0.7075	0.0250	0.0400	0.4000	0.4100	0.0001	0.0125	0.0000	0.0150	0.0900
0.1475	0.1023	0.0120	0.0200	0.1150	0.0517	0.4536	0.6625	0.6800	0.0200	0.3375	0.2150	0.0962	0.0000	0.0000	0.0600	0.1425
0.3825	0.1477	0.1760	0.2400	0.2400	0.2241	0.7010	0.4825	0.3775	0.4600	0.3825	0.3825	0.0000	0.0000	0.0000	0.0000	0.2400
0.3225	0.1886	0.1440	0.1550	0.1925	0.2069	0.7010	0.6625	0.5300	0.3500	0.6825	0.5075	0.0000	0.0000	0.0000	0.0000	0.1250
0.2750	0.1636	0.0660	0.0850	0.2400	0.1724	0.5052	0.6925	0.4500	0.2000	0.6975	0.7025	0.0000	0.0175	0.0000	0.0000	0.0500
0.0000	0.0045	0.0000	0.3600	0.3825	0.0345	0.0619	0.3625	0.3825	0.0000	0.0025	0.2000	0.7129	0.2475	0.0525	0.0000	0.2400
0.0000	0.0795	0.4400	0.1750	0.2950	0.1724	0.0103	0.0325	0.0825	0.0200	0.0425	0.0375	0.6450	0.7150	0.0600	0.0250	0.1275
0.0675	0.1273	0.2660	0.1625	0.1850	0.2241	0.0103	0.2550	0.1350	0.0100	0.2200	0.2875	0.3398	0.5250	0.6775	0.0950	0.3750
0.2975	0.1068	0.4160	0.3775	0.3450	0.1724	0.0000	0.1950	0.0000	0.0000	0.0000	0.0000	0.0200	0.2400	0.4150	0.6625	0.3825
0.0825	0.0500	0.3660	0.3575	0.3025	0.0172	0.0000	0.0000	0.1900	0.0000	0.0000	0.0000	0.3686	0.2400	0.3400	0.4650	0.6900
