0.1348	0.0906	0.0950	0.1844	0.0000	0.1363	0.1844	0.0000	0.0000	0.0714	0.1844	0.0000	0.1439	0.2747	0.0000	0.0000	0.0032
0.1508	0.1868	0.0000	0.1844	0.0000	0.1844	0.0026	0.0000	0.0000	0.0623	0.1844	0.0000	0.0000	0.2747	0.0000	0.0000	0.0093
0.1507	0.1871	0.3720	0.1844	0.0000	0.1844	0.0000	0.0000	0.0000	0.0508	0.1844	0.0000	0.0000	0.2747	0.0000	0.0000	0.0000
0.0947	0.1871	0.3853	0.2336	0.0000	0.1844	0.0000	0.0000	0.0000	0.0508	0.1844	0.0000	0.0000	0.2747	0.0000	0.0000	0.0000
0.1210	0.1871	0.3841	0.2293	0.4239	0.1844	0.0000	0.0000	0.0000	0.0508	0.1844	0.0000	0.0000	0.2747	0.0000	0.0041	0.0063
0.1210	0.1871	0.3916	0.2215	0.4509	0.2790	0.0000	0.0000	0.0000	0.0508	0.1844	0.0000	0.0000	0.2747	0.0000	0.0861	0.0000
0.1210	0.1871	0.3916	0.2215	0.4662	0.2789	0.2043	0.0000	0.0000	0.0206	0.1844	0.0000	0.0000	0.2747	0.0000	0.0801	0.1046
0.1208	0.1871	0.3916	0.2215	0.4770	0.2788	0.2043	0.2056	0.0000	0.0171	0.1844	0.0000	0.0000	0.2747	0.0000	0.1407	0.0257
0.1210	0.1871	0.3939	0.2215	0.4831	0.2788	0.2043	0.2053	0.2551	0.0472	0.1844	0.0000	0.0000	0.2747	0.0000	0.1293	0.0063
0.1210	0.1871	0.3939	0.2215	0.4883	0.2788	0.2043	0.2053	0.2551	0.0800	0.1844	0.0000	0.0000	0.2747	0.0000	0.1293	0.0063
0.1210	0.1871	0.3939	0.2215	0.4919	0.2758	0.2041	0.2010	0.2551	0.0800	0.2533	0.0000	0.0000	0.2747	0.0000	0.1293	0.0094
0.1210	0.1871	0.3939	0.2215	0.5015	0.2758	0.2041	0.1968	0.2530	0.0800	0.2533	0.2833	0.0000	0.2747	0.0000	0.1293	0.0331
0.1210	0.1871	0.3939	0.2215	0.5034	0.2758	0.2041	0.1968	0.2530	0.0800	0.2533	0.2833	0.1959	0.2747	0.0000	0.1293	0.0234
0.1210	0.1871	0.3939	0.2215	0.5104	0.2758	0.2041	0.1968	0.2530	0.0800	0.2533	0.2833	0.1959	0.2747	0.0000	0.1293	0.0260
0.1210	0.1871	0.3939	0.2175	0.5139	0.2758	0.2041	0.1968	0.2530	0.0800	0.2533	0.2833	0.1959	0.2747	0.1692	0.1293	0.0259
0.1210	0.1871	0.3939	0.2175	0.5139	0.2758	0.2041	0.1968	0.2530	0.0800	0.2533	0.2833	0.1959	0.2747	0.1692	0.2609	0.0094
0.1210	0.1871	0.3939	0.2175	0.5139	0.2758	0.2041	0.1968	0.2530	0.0800	0.2533	0.2833	0.1959	0.2747	0.1692	0.2609	0.1868
