0.5880	0.0918	0.2825	0.2175	0.0075	0.0175	0.2759	0.2250	0.0850	0.0275	0.0000	0.0075	0.1900	0.0750	0.1031	0.0850	0.2400
0.6140	0.6822	0.0625	0.1650	0.0175	0.0000	0.1379	0.1682	0.1650	0.0125	0.0050	0.0075	0.3300	0.1650	0.2474	0.0250	0.1950
0.5820	0.6722	0.6925	0.1125	0.0000	0.0400	0.1724	0.1545	0.1525	0.0175	0.0300	0.0000	0.2200	0.0925	0.1443	0.0075	0.3200
0.6240	0.6516	0.6550	0.7125	0.0025	0.0450	0.2069	0.0977	0.2250	0.0100	0.0275	0.0000	0.2600	0.1475	0.0412	0.0550	0.3375
0.6000	0.6411	0.6425	0.6600	0.6725	0.0225	0.2414	0.0045	0.3275	0.0000	0.0100	0.0000	0.3400	0.1850	0.0309	0.0375	0.2950
0.6060	0.6377	0.6275	0.6750	0.6375	0.7725	0.2931	0.0136	0.3025	0.0000	0.0650	0.0000	0.3000	0.1800	0.0103	0.0375	0.2700
0.5860	0.6474	0.6425	0.6900	0.6375	0.7525	0.3966	0.0182	0.3025	0.0000	0.0550	0.0000	0.3000	0.1800	0.0412	0.0300	0.2975
0.5960	0.6143	0.6050	0.6625	0.6125	0.6825	0.4310	0.4659	0.2375	0.0075	0.0000	0.0000	0.3100	0.0875	0.0103	0.1200	0.1450
0.5820	0.6050	0.6200	0.6675	0.6050	0.7050	0.3966	0.4250	0.6850	0.0050	0.0000	0.0050	0.3000	0.0325	0.0000	0.3400	0.2000
0.5400	0.6212	0.6100	0.6675	0.6250	0.7275	0.4310	0.4136	0.6450	0.6925	0.0000	0.0000	0.2900	0.0600	0.0000	0.2375	0.1250
0.5560	0.6257	0.6100	0.6600	0.6600	0.7200	0.3966	0.4205	0.6025	0.6750	0.6725	0.0025	0.3000	0.1125	0.0000	0.2075	0.0350
0.5820	0.6168	0.6100	0.6550	0.5975	0.7025	0.3793	0.4045	0.6750	0.6800	0.6075	0.7025	0.3300	0.0750	0.0000	0.2375	0.1700
0.5740	0.6172	0.6150	0.6500	0.6000	0.6975	0.3793	0.3955	0.6800	0.6725	0.6175	0.6975	0.4200	0.0700	0.0000	0.2300	0.1875
0.5840	0.6066	0.6400	0.6500	0.6400	0.7100	0.3793	0.4114	0.6725	0.6625	0.6375	0.7000	0.4700	0.6375	0.0000	0.2425	0.0225
0.5620	0.6005	0.6425	0.6725	0.6200	0.7175	0.3966	0.4114	0.6875	0.6950	0.6375	0.6825	0.4300	0.6325	0.7010	0.2350	0.0250
0.5660	0.6230	0.6400	0.6775	0.6675	0.7225	0.3793	0.3932	0.6925	0.6875	0.6600	0.6725	0.4500	0.6325	0.7010	0.7075	0.0825
0.5140	0.5885	0.6125	0.6500	0.6000	0.7200	0.3793	0.3682	0.6825	0.6725	0.6300	0.6850	0.4300	0.6450	0.7010	0.6850	0.7050
