0.1684	0.0993	0.0896	0.0480	0.0047	0.0000	0.2782	0.2335	0.0210	0.0462	0.0692	0.1290	0.0000	0.0000	0.0000	0.1827	0.0051
0.1796	0.6079	0.0984	0.0000	0.1137	0.0250	0.1514	0.1364	0.0152	0.0940	0.0000	0.1290	0.0103	0.0333	0.0000	0.0927	0.0096
0.1595	0.5782	0.6071	0.0328	0.1504	0.0784	0.1831	0.0638	0.0000	0.0900	0.0185	0.1000	0.0549	0.0667	0.0000	0.1314	0.0142
0.1619	0.5740	0.5842	0.6335	0.1415	0.0587	0.1872	0.0426	0.0446	0.1048	0.0094	0.1289	0.0016	0.0625	0.0000	0.2315	0.0667
0.2095	0.5761	0.6247	0.5717	0.7012	0.0068	0.1593	0.1081	0.0264	0.0941	0.0633	0.1324	0.0000	0.0000	0.0000	0.1815	0.0858
0.1746	0.5679	0.6335	0.6312	0.6868	0.6691	0.1800	0.1325	0.0290	0.0743	0.0841	0.1131	0.0000	0.0539	0.0000	0.2270	0.0704
0.1619	0.5654	0.6364	0.6415	0.6785	0.6423	0.6048	0.0958	0.0092	0.0670	0.0939	0.0996	0.0000	0.0489	0.0000	0.1910	0.0254
0.1713	0.5639	0.6577	0.6342	0.6490	0.6334	0.5890	0.6014	0.0915	0.0607	0.0972	0.1290	0.0000	0.0586	0.0000	0.1401	0.0097
0.1720	0.6194	0.6296	0.6214	0.6961	0.6505	0.5747	0.6149	0.6304	0.0757	0.1117	0.0970	0.0038	0.0588	0.0000	0.1546	0.0051
0.2036	0.6073	0.5366	0.5547	0.5544	0.5152	0.4229	0.4230	0.4672	0.3432	0.0726	0.1542	0.0000	0.0108	0.0000	0.1619	0.0100
0.1941	0.6230	0.5142	0.5231	0.4195	0.5716	0.4372	0.4281	0.4804	0.3010	0.6564	0.1521	0.0000	0.0101	0.0000	0.1458	0.0081
0.1508	0.6082	0.6027	0.6278	0.4229	0.6413	0.5707	0.5821	0.6310	0.2917	0.5409	0.5894	0.0126	0.0591	0.0000	0.1222	0.0051
0.1476	0.6092	0.5061	0.5252	0.3363	0.4504	0.5758	0.4986	0.5163	0.1251	0.4176	0.5305	0.5115	0.0000	0.0000	0.1077	0.0051
0.1443	0.5838	0.4936	0.5121	0.3353	0.3624	0.5322	0.4399	0.4275	0.1283	0.3758	0.5352	0.3411	0.2747	0.0000	0.1078	0.0000
0.1117	0.5608	0.5836	0.4808	0.3344	0.3572	0.6018	0.3616	0.2796	0.1536	0.2345	0.4548	0.3482	0.2747	0.3223	0.1827	0.0000
0.2038	0.5655	0.5359	0.5534	0.3363	0.4642	0.5617	0.5696	0.4971	0.1631	0.4346	0.5879	0.4125	0.2747	0.3886	0.5804	0.0052
0.2211	0.5531	0.5257	0.4992	0.3353	0.2986	0.4731	0.5041	0.4134	0.1630	0.3630	0.5298	0.3175	0.2747	0.2501	0.6051	0.2991
