1.4467	0.0000	0.0000	0.0000	0.0000	0.0000	0.0000	0.0000	0.0000	0.0000	0.0000	0.0000	0.0000	0.0000	0.0000	0.0000	0.0000
2.2208	0.7499	0.0000	0.0000	0.0000	0.0000	0.0000	0.0000	0.0000	0.0000	0.0000	0.0000	0.0000	0.0000	0.0000	0.0000	0.0000
2.2782	2.0725	0.8106	0.0000	0.0000	0.0000	0.0000	0.0000	0.0000	0.0000	0.0000	0.0000	0.0000	0.0000	0.0000	0.0000	0.0000
2.2925	1.8791	2.0532	0.7741	0.0000	0.0000	0.0000	0.0000	0.0000	0.0000	0.0000	0.0000	0.0000	0.0000	0.0000	0.0000	0.0000
2.2132	2.0730	2.2035	1.8015	0.5709	0.0000	0.0000	0.0000	0.0000	0.0000	0.0000	0.0000	0.0000	0.0000	0.0000	0.0000	0.0000
2.1630	2.0649	2.3400	2.4063	2.2643	0.8156	0.0000	0.0000	0.0000	0.0000	0.0000	0.0000	0.0000	0.0000	0.0000	0.0000	0.0000
1.9932	2.1627	2.4111	2.3845	2.1807	2.0840	0.8041	0.0000	0.0000	0.0000	0.0000	0.0000	0.0000	0.0000	0.0000	0.0000	0.0000
2.0348	2.1430	2.3944	2.1628	2.0840	2.0014	2.0996	0.7384	0.0000	0.0000	0.0000	0.0000	0.0000	0.0000	0.0000	0.0000	0.0000
2.1375	1.8251	2.4909	2.2054	2.3803	2.1070	2.2173	2.3592	0.7204	0.0000	0.0000	0.0000	0.0000	0.0000	0.0000	0.0000	0.0000
2.1556	2.0299	2.3205	2.4939	2.2392	1.9301	1.9964	1.9734	2.0183	1.1338	0.0000	0.0000	0.0000	0.0000	0.0000	0.0000	0.0000
2.1385	2.4645	2.0890	1.8354	2.0702	2.1268	2.0241	1.7772	2.1754	2.1418	0.7113	0.0000	0.0000	0.0000	0.0000	0.0000	0.0000
2.1343	2.0386	2.1267	2.3145	2.3932	2.1255	2.0347	2.2801	2.1866	2.2250	2.1991	0.6753	0.0000	0.0000	0.0000	0.0000	0.0000
1.9561	2.3092	2.1389	2.3612	2.0889	1.9711	2.0094	1.9349	2.3020	2.0402	1.8223	2.2141	0.4732	0.0000	0.0000	0.0000	0.0000
2.2300	1.8315	2.2455	2.0189	2.3884	2.2126	2.2945	2.5798	1.9390	2.1713	2.3837	1.9427	2.3333	0.8071	0.0000	0.0000	0.0000
2.1134	2.0099	2.4033	2.2682	2.2945	1.8851	2.1674	2.2737	1.8376	1.9904	2.3040	2.2297	2.2102	1.6843	1.1015	0.0000	0.0000
2.3485	2.3266	2.0780	2.1947	2.1251	2.0034	1.8838	1.8774	2.3793	2.0396	2.1219	2.0432	2.1890	2.1641	2.0308	0.7491	0.0000
2.2603	2.2209	2.1989	2.0193	1.8884	1.9472	2.0189	2.0110	2.0026	2.1874	2.1291	2.1125	2.0687	1.9998	2.2070	2.1505	0.8043
