0.4138	0.0000	0.0000	0.0000	0.0000	0.0000	0.0000	0.0000	0.0000	0.0000	0.0000	0.0000	0.0000	0.0000	0.0000	0.0000	0.0000
0.0345	0.7025	0.0000	0.0000	0.0000	0.0000	0.0000	0.0000	0.0000	0.0000	0.0000	0.0000	0.0000	0.0000	0.0000	0.0000	0.0000
0.0172	0.1525	0.7400	0.0000	0.0000	0.0000	0.0000	0.0000	0.0000	0.0000	0.0000	0.0000	0.0000	0.0000	0.0000	0.0000	0.0000
0.0000	0.3525	0.1600	0.6750	0.0000	0.0000	0.0000	0.0000	0.0000	0.0000	0.0000	0.0000	0.0000	0.0000	0.0000	0.0000	0.0000
0.0000	0.0575	0.0000	0.3775	0.7206	0.0000	0.0000	0.0000	0.0000	0.0000	0.0000	0.0000	0.0000	0.0000	0.0000	0.0000	0.0000
0.0862	0.3675	0.0000	0.0000	0.0000	0.7150	0.0000	0.0000	0.0000	0.0000	0.0000	0.0000	0.0000	0.0000	0.0000	0.0000	0.0000
0.1552	0.2175	0.0000	0.0000	0.4270	0.1100	0.6475	0.0000	0.0000	0.0000	0.0000	0.0000	0.0000	0.0000	0.0000	0.0000	0.0000
0.0000	0.1750	0.0000	0.2225	0.3248	0.2450	0.3225	0.6875	0.0000	0.0000	0.0000	0.0000	0.0000	0.0000	0.0000	0.0000	0.0000
0.1724	0.3950	0.0000	0.2100	0.0000	0.0625	0.0025	0.0025	0.7125	0.0000	0.0000	0.0000	0.0000	0.0000	0.0000	0.0000	0.0000
0.0345	0.1550	0.0075	0.1150	0.0001	0.3050	0.3575	0.2025	0.1575	0.5977	0.0000	0.0000	0.0000	0.0000	0.0000	0.0000	0.0000
0.2241	0.0000	0.0000	0.2650	0.0092	0.0350	0.3100	0.3775	0.1150	0.0523	0.6925	0.0000	0.0000	0.0000	0.0000	0.0000	0.0000
0.0862	0.2675	0.0275	0.0375	0.0000	0.0325	0.0000	0.0000	0.0025	0.1386	0.0600	0.7800	0.0000	0.0000	0.0000	0.0000	0.0000
0.2759	0.0050	0.0050	0.0050	0.0510	0.2925	0.1375	0.3050	0.1000	0.0545	0.3200	0.0000	0.8360	0.0000	0.0000	0.0000	0.0000
0.0517	0.3825	0.0000	0.3275	0.0000	0.0000	0.0000	0.0075	0.3825	0.0000	0.0000	0.3450	0.0000	0.7010	0.0000	0.0000	0.0000
0.0862	0.3825	0.0000	0.1625	0.0000	0.3775	0.0025	0.0000	0.2675	0.2273	0.0000	0.0000	0.0000	0.7010	0.4800	0.0000	0.0000
0.0000	0.0025	0.1625	0.0100	0.0022	0.1975	0.2025	0.2750	0.0000	0.1477	0.0050	0.1100	0.3060	0.0000	0.2500	0.6825	0.0000
0.0690	0.1125	0.0025	0.0025	0.1103	0.3375	0.1950	0.2325	0.1450	0.0727	0.0225	0.0375	0.0520	0.0000	0.0000	0.0000	0.7200
