0.5973	2.2655	2.4551	1.9756	2.3280	2.1321	1.9874	2.3324	2.0286	2.5190	1.8685	2.4324	2.3103	2.0450	2.2991	2.1822	1.9435
2.4490	0.5977	1.9303	2.0411	1.9342	2.0156	2.4047	2.1184	1.8902	2.5707	2.0906	2.2917	1.8541	2.0460	2.2493	1.9861	2.1507
5.4672	0.8315	0.8188	2.0361	2.0577	2.1495	2.3911	1.9781	2.2325	2.0290	2.1682	1.8249	1.9381	2.1208	1.9482	2.1581	2.4591
3.6405	0.7825	0.9606	0.6624	2.0333	2.1137	2.4264	1.9647	2.1111	2.2076	2.3713	1.9926	2.5336	2.1966	2.0101	2.1719	2.2959
3.4567	0.8019	1.3767	1.5493	0.8574	2.2442	2.4771	2.0049	2.1283	2.1882	2.4456	1.9827	2.1575	2.1077	2.1018	2.2703	2.3760
3.9004	0.9367	1.5417	1.4133	1.0388	0.7810	2.5615	2.0069	2.0943	2.1115	2.4485	1.8907	2.3321	2.1158	2.0538	2.1353	2.5238
1.5377	1.0997	2.3769	1.4971	1.6663	2.3671	1.5396	2.4002	2.0348	2.2680	2.2531	2.2050	2.4663	2.1408	2.3677	2.1580	2.1546
3.2161	0.7977	1.3439	1.2046	1.1707	1.4868	1.7015	1.5855	1.9186	2.4110	2.1516	1.9588	2.2183	2.1135	2.0531	2.1742	2.2421
2.8059	0.7239	1.4266	1.2140	1.1838	1.7960	1.6128	1.5979	1.0809	2.4507	2.1678	1.9041	2.3771	2.1710	2.1278	2.2736	2.1119
2.7924	0.8309	1.4337	1.1472	1.1628	1.7092	1.5845	1.5981	1.1147	1.0815	2.3413	1.9465	2.4584	2.1060	1.9425	2.2141	2.1682
3.6906	0.9030	1.8531	1.5869	1.4897	2.0011	1.6828	1.6441	1.1594	1.2409	1.0804	2.4609	2.0272	2.0990	2.2012	2.2061	2.0331
4.0024	0.7337	1.3636	1.4625	1.2262	1.7924	1.7723	1.6322	1.1469	1.1482	1.1179	1.0806	2.1338	2.1199	2.1246	2.1216	2.0301
3.9108	0.7396	1.3697	1.5043	1.3578	1.8505	2.0094	1.6390	1.1872	1.2189	1.1340	1.1362	1.0815	1.9921	2.0449	2.0401	2.1488
3.8561	0.7252	1.4845	1.4897	1.4359	1.8515	2.1589	1.6507	1.1939	1.2531	1.1514	1.2067	1.0770	1.0815	1.9628	2.0079	2.1067
3.6622	0.7125	1.4946	1.4393	1.4458	1.7104	1.8468	1.6510	1.1570	1.2096	1.1333	1.1541	1.1073	1.0891	0.8371	2.0570	2.0891
4.0752	0.7115	1.2783	1.4015	1.3102	1.6816	2.1247	1.6243	1.1793	1.2001	1.2527	1.1900	1.1237	1.1036	0.8687	1.0812	2.2771
3.3605	0.7292	1.6760	1.3467	1.3957	1.8502	1.7336	1.6563	1.1379	1.2203	1.1787	1.1224	1.1847	1.1535	0.9060	1.1211	1.0810
