0.6949	0.0258	0.0165	0.2082	0.0201	0.0667	0.0187	0.0605	0.0644	0.0377	0.0324	0.0036	0.0003	0.0665	0.0000	0.0000	0.1807
0.1577	0.5719	0.0000	0.1827	0.0349	0.1029	0.0000	0.0000	0.2612	0.0923	0.0851	0.0144	0.1838	0.0938	0.0000	0.1074	0.1139
0.1088	0.0061	0.7064	0.0000	0.0678	0.0494	0.0000	0.0311	0.0629	0.1202	0.0000	0.0709	0.0001	0.0831	0.0024	0.0026	0.0000
0.3032	0.0833	0.0929	0.7651	0.1386	0.0830	0.0494	0.0182	0.1326	0.0667	0.1343	0.0000	0.0200	0.0410	0.1079	0.1299	0.1013
0.0815	0.0359	0.0991	0.2047	0.7361	0.0212	0.0377	0.0610	0.0000	0.0863	0.0539	0.0192	0.0058	0.0139	0.0744	0.1226	0.0000
0.0628	0.0969	0.1616	0.1030	0.2321	0.2735	0.0634	0.0834	0.1317	0.0370	0.0974	0.1954	0.1019	0.0048	0.0408	0.0161	0.0000
0.0843	0.0350	0.0000	0.1421	0.1373	0.0486	0.2747	0.0896	0.0000	0.2268	0.0795	0.0000	0.0000	0.1353	0.1292	0.1007	0.0000
0.1080	0.0693	0.1071	0.0420	0.1983	0.0769	0.3868	0.7296	0.0000	0.0907	0.0375	0.0901	0.0000	0.0204	0.0202	0.0000	0.1268
0.1563	0.1307	0.0940	0.2224	0.0160	0.0698	0.0000	0.1462	0.7373	0.0378	0.1230	0.1023	0.1478	0.0925	0.0020	0.1313	0.2879
0.0462	0.0463	0.0832	0.1076	0.0629	0.1026	0.0717	0.2446	0.2534	0.3440	0.0919	0.0000	0.0003	0.0016	0.0000	0.0000	0.0469
0.1272	0.0859	0.0041	0.4221	0.0227	0.1281	0.0709	0.0546	0.0419	0.1650	0.7038	0.0282	0.0259	0.1595	0.0000	0.1683	0.0595
0.0000	0.1114	0.1279	0.0567	0.1188	0.1358	0.0000	0.0196	0.1591	0.0479	0.1827	0.7107	0.0000	0.1594	0.0000	0.0884	0.0032
0.0245	0.0800	0.0016	0.1602	0.0970	0.0987	0.0000	0.0000	0.1844	0.2051	0.3642	0.3297	0.7141	0.0682	0.0000	0.0803	0.0000
0.0571	0.0517	0.0885	0.0405	0.0060	0.0367	0.0359	0.0282	0.2181	0.0111	0.1914	0.0219	0.0136	0.8112	0.0864	0.0526	0.1893
0.2713	0.0509	0.0318	0.3878	0.0618	0.0620	0.1399	0.2810	0.0581	0.1024	0.1225	0.0000	0.0047	0.2293	0.6595	0.0452	0.0163
0.0832	0.0819	0.0000	0.3305	0.1069	0.0883	0.0347	0.0119	0.1374	0.1440	0.2217	0.0308	0.3355	0.1303	0.3013	0.6775	0.0315
0.5993	0.0630	0.0000	0.2510	0.0029	0.1577	0.0395	0.0195	0.3276	0.2508	0.1230	0.0355	0.2060	0.3784	0.0449	0.1250	0.7352
