0.9456	2.1743	2.1676	1.8682	2.1118	2.2383	2.1589	1.9866	2.2516	2.1744	2.3713	2.2284	2.2923	1.9676	2.1203	2.3627	2.0482
1.9516	1.2276	2.2796	1.9913	2.3034	1.9613	2.2035	2.2371	1.7786	2.0180	1.9933	2.1217	1.7386	2.0986	2.1426	2.1119	1.9110
2.3534	2.5927	0.7332	2.5710	2.0073	2.2537	2.2826	2.1557	2.2266	2.3442	2.3551	1.9800	2.2465	2.1486	2.4264	2.3660	2.4829
1.4809	1.9935	2.5694	0.7658	2.2626	2.0798	2.0477	2.0864	2.1654	2.0634	2.0381	2.1080	2.1181	2.1160	1.9117	2.1536	1.8565
2.2332	2.2810	1.9559	2.3976	0.8237	2.1541	2.1194	2.0326	2.4242	2.0788	2.3348	2.0479	2.0905	2.2864	2.0598	1.9445	2.5806
2.1801	1.8603	2.3101	2.4041	1.8717	1.5693	2.4345	2.0663	1.9559	2.2346	2.0816	1.9216	1.8823	2.3877	2.2136	2.1727	2.1753
2.0418	2.3348	2.9992	2.0007	1.9692	2.2768	0.8886	1.9746	2.4727	1.9040	2.3199	2.4312	2.3685	2.0877	1.8895	2.0634	2.3646
2.0858	2.1397	2.4503	1.9904	1.8598	1.9870	1.5527	0.8736	2.2563	2.1246	2.2536	2.1448	2.2342	2.2618	2.0005	2.2829	2.0199
2.0410	1.8407	2.5421	1.9485	2.4928	1.8932	2.6003	1.8199	0.8637	2.0686	2.0958	1.9706	1.7526	2.0180	2.2084	2.1389	1.7978
2.5829	1.9304	2.3232	2.3335	2.1452	1.9812	2.0160	1.9845	1.7685	1.1770	2.1064	2.2726	1.9938	2.2260	2.2071	2.4140	1.9777
2.3224	1.8625	2.8640	1.9633	2.3919	2.0035	1.9806	2.4137	1.9574	1.6554	0.8988	2.2138	1.9017	2.0176	2.2965	2.1039	1.9410
2.2399	2.0434	1.8293	2.2021	2.2084	2.0430	2.9560	2.5294	1.7185	2.3229	1.9407	0.8756	2.0648	2.1556	2.0968	2.2462	2.2639
2.4672	1.7831	3.0876	2.2433	2.2326	1.7982	2.4376	2.3874	1.7158	1.8431	1.4574	1.7061	0.5689	2.2304	2.4063	1.8658	2.1870
2.0878	2.2827	2.3077	2.0788	2.3283	2.4239	2.0577	2.1125	2.0894	2.1882	1.9588	2.2715	2.3934	0.7262	2.0870	2.1360	1.9307
1.8505	2.1078	3.0510	1.7062	2.0356	2.1940	1.8255	1.7993	2.2376	2.0105	2.4076	2.3816	2.9662	2.2110	0.9873	2.2910	2.1147
2.2933	1.9332	3.0283	1.9323	1.9601	2.0836	2.0396	2.2589	2.0787	2.1356	1.9314	2.1336	1.2618	2.0330	1.8903	0.9258	2.3695
1.6754	1.8444	3.1167	1.6613	2.6016	2.0257	2.1900	2.2332	1.6161	2.0698	1.9381	2.3424	1.4536	1.7488	1.9183	2.1077	0.8962
