0.7075	0.0500	0.0260	0.4250	0.0350	0.1207	0.0412	0.0900	0.1050	0.0500	0.0600	0.0050	0.0006	0.1650	0.0000	0.0000	0.2400
0.3125	0.5523	0.0000	0.3775	0.1200	0.2931	0.0000	0.0000	0.3725	0.2400	0.3600	0.0125	0.4596	0.1825	0.0000	0.2975	0.2175
0.2600	0.0045	0.7520	0.0000	0.0750	0.0690	0.0000	0.0450	0.1000	0.2200	0.0000	0.1475	0.0001	0.1050	0.0025	0.0025	0.0000
0.5975	0.1727	0.1480	0.7725	0.1725	0.1207	0.1237	0.0275	0.2650	0.1800	0.2100	0.0000	0.0334	0.0875	0.2050	0.2050	0.3475
0.0850	0.0477	0.2160	0.3400	0.7400	0.0345	0.0515	0.0950	0.0000	0.1900	0.1525	0.0250	0.0059	0.0250	0.2525	0.1325	0.0000
0.1175	0.2682	0.3400	0.1650	0.3825	0.4483	0.0619	0.1425	0.3450	0.0700	0.2975	0.3475	0.3006	0.0125	0.1000	0.0225	0.0000
0.1450	0.0409	0.0000	0.3800	0.3775	0.0690	0.7010	0.1550	0.0000	0.4000	0.0850	0.0000	0.0000	0.3275	0.3450	0.1825	0.0000
0.2000	0.1182	0.2760	0.0700	0.4650	0.1552	0.5876	0.7450	0.0000	0.2200	0.0700	0.1925	0.0000	0.0325	0.0375	0.0000	0.2875
0.3600	0.1909	0.1640	0.3625	0.0275	0.1552	0.0000	0.3425	0.7425	0.0900	0.3575	0.2225	0.4119	0.2025	0.0025	0.2675	0.3725
0.1200	0.1409	0.1740	0.1875	0.0475	0.3448	0.1959	0.3450	0.3400	0.4600	0.2350	0.0000	0.0004	0.0025	0.0000	0.0000	0.1025
0.3225	0.2523	0.0060	0.5000	0.0300	0.3276	0.2062	0.0850	0.0825	0.4000	0.7100	0.0500	0.0286	0.3300	0.0000	0.1600	0.1275
0.0000	0.2023	0.2680	0.0475	0.1325	0.2586	0.0000	0.0150	0.2325	0.0700	0.3775	0.7175	0.0000	0.3450	0.0000	0.0975	0.0025
0.0000	0.0000	0.0000	0.0000	0.0000	0.0000	0.0000	0.0000	0.0000	0.0000	0.0000	0.0000	0.0000	0.0000	0.0000	0.0000	0.0000
0.0000	0.0000	0.0000	0.0000	0.0000	0.0000	0.0000	0.0000	0.0000	0.0000	0.0000	0.0000	0.0000	0.0000	0.0000	0.0000	0.0000
0.0000	0.0000	0.0000	0.0000	0.0000	0.0000	0.0000	0.0000	0.0000	0.0000	0.0000	0.0000	0.0000	0.0000	0.0000	0.0000	0.0000
0.0000	0.0000	0.0000	0.0000	0.0000	0.0000	0.0000	0.0000	0.0000	0.0000	0.0000	0.0000	0.0000	0.0000	0.0000	0.0000	0.0000
0.0000	0.0000	0.0000	0.0000	0.0000	0.0000	0.0000	0.0000	0.0000	0.0000	0.0000	0.0000	0.0000	0.0000	0.0000	0.0000	0.0000
