0.0732	0.1290	0.1827	0.0000	0.0000	0.0000	0.1844	0.0000	0.1844	0.0000	0.0000	0.0000	0.0000	0.0000	0.0000	0.0000	0.0000
0.1026	0.1844	0.1827	0.1844	0.0000	0.0000	0.1844	0.1827	0.0000	0.0000	0.0000	0.1827	0.0000	0.0000	0.0000	0.1827	0.0000
0.0732	0.1844	0.1844	0.0000	0.0000	0.0000	0.0000	0.1827	0.0000	0.0508	0.0000	0.1827	0.0000	0.0000	0.2037	0.0000	0.0000
0.0732	0.1844	0.1844	0.1827	0.0000	0.0000	0.0000	0.0000	0.0000	0.0508	0.0000	0.1827	0.0000	0.0000	0.2037	0.0000	0.0000
0.0732	0.1844	0.1827	0.1844	0.3333	0.0000	0.1290	0.0000	0.0000	0.0508	0.0000	0.1827	0.0000	0.0000	0.2037	0.0000	0.0000
0.0732	0.1844	0.1827	0.1844	0.3333	0.1827	0.0000	0.0000	0.0000	0.0508	0.0000	0.1827	0.0000	0.0000	0.2037	0.0000	0.0000
0.0732	0.1844	0.1827	0.1844	0.3333	0.1827	0.1844	0.0000	0.0000	0.0508	0.0000	0.1827	0.0000	0.0000	0.2037	0.0000	0.0000
0.0732	0.1844	0.1827	0.1844	0.3333	0.1844	0.1844	0.1844	0.0000	0.0508	0.0000	0.1827	0.0000	0.0000	0.0000	0.0000	0.0000
0.0732	0.1844	0.1827	0.1844	0.3333	0.1844	0.1844	0.1844	0.1844	0.0508	0.0000	0.1827	0.0000	0.0000	0.2037	0.0000	0.0000
0.0732	0.1844	0.1827	0.1844	0.3333	0.1844	0.1827	0.1844	0.1844	0.0800	0.0000	0.1827	0.0000	0.0000	0.2037	0.0000	0.0000
0.0732	0.1844	0.1827	0.1827	0.3333	0.1844	0.1827	0.1827	0.1844	0.0800	0.1827	0.1827	0.0000	0.0000	0.2037	0.0000	0.0000
0.0732	0.1844	0.1827	0.1827	0.3333	0.1844	0.1827	0.1827	0.1844	0.0800	0.1827	0.1844	0.0000	0.0000	0.2037	0.0000	0.0000
0.0732	0.1844	0.1827	0.1844	0.3333	0.1844	0.1827	0.1827	0.1844	0.0800	0.1827	0.1844	0.1959	0.0000	0.2037	0.0000	0.0000
0.0732	0.1844	0.1827	0.1827	0.3333	0.1844	0.1827	0.1844	0.1844	0.0800	0.1827	0.1844	0.1959	0.2747	0.2037	0.0000	0.0000
0.0732	0.1844	0.1827	0.1827	0.3333	0.1844	0.1827	0.1827	0.1844	0.0800	0.1827	0.1844	0.1959	0.2747	0.1692	0.0000	0.0000
0.0000	0.0000	0.0000	0.0000	0.0000	0.0000	0.0000	0.0000	0.0000	0.0000	0.0000	0.0000	0.0000	0.0000	0.0000	0.0000	0.0000
0.0000	0.0000	0.0000	0.0000	0.0000	0.0000	0.0000	0.0000	0.0000	0.0000	0.0000	0.0000	0.0000	0.0000	0.0000	0.0000	0.0000
