0.0732	0.1290	0.0361	0.0000	0.0000	0.0000	0.0000	0.2476	0.1844	0.0641	0.1844	0.1827	0.0054	0.0000	0.1692	0.0000	0.0000
0.0732	0.2661	0.0000	0.1827	0.0000	0.0000	0.0000	0.1844	0.1892	0.0000	0.0000	0.1371	0.0998	0.0000	0.0000	0.0000	0.0000
0.0732	0.2066	0.3505	0.1254	0.0000	0.0000	0.0000	0.1882	0.1844	0.0000	0.0000	0.1827	0.0725	0.0000	0.0000	0.0000	0.0000
0.0732	0.4059	0.3853	0.4782	0.0000	0.0000	0.0000	0.1061	0.1008	0.0000	0.0031	0.1827	0.0998	0.0000	0.0000	0.0000	0.0543
0.0732	0.2798	0.1827	0.1827	0.6938	0.0000	0.0000	0.2965	0.0942	0.0579	0.0000	0.1287	0.0305	0.0211	0.0273	0.0000	0.1185
0.0732	0.3392	0.1827	0.1827	0.6680	0.4314	0.0000	0.2026	0.0980	0.0608	0.0165	0.1827	0.0656	0.0899	0.0000	0.0000	0.1866
0.0732	0.1818	0.1827	0.3653	0.6621	0.1844	0.5786	0.1844	0.1290	0.0661	0.0000	0.0803	0.0634	0.0924	0.0000	0.0000	0.1467
0.0732	0.1818	0.1827	0.1827	0.3822	0.1844	0.1920	0.1844	0.0973	0.0500	0.0000	0.1827	0.0000	0.0000	0.1223	0.0000	0.0000
0.0732	0.1871	0.1793	0.1598	0.3914	0.1844	0.3777	0.1844	0.6372	0.1074	0.0000	0.1364	0.0810	0.0000	0.0000	0.0000	0.4043
0.0732	0.1910	0.2114	0.2803	0.3582	0.1844	0.3416	0.2298	0.2518	0.3726	0.0000	0.1827	0.0728	0.0000	0.0200	0.0000	0.2434
0.0732	0.2889	0.1827	0.1827	0.3333	0.1844	0.2274	0.3292	0.1813	0.1018	0.6301	0.1827	0.0998	0.0000	0.0345	0.0000	0.1478
0.0000	0.0000	0.0000	0.0000	0.0000	0.0000	0.0000	0.0000	0.0000	0.0000	0.0000	0.0000	0.0000	0.0000	0.0000	0.0000	0.0000
0.0000	0.0000	0.0000	0.0000	0.0000	0.0000	0.0000	0.0000	0.0000	0.0000	0.0000	0.0000	0.0000	0.0000	0.0000	0.0000	0.0000
0.0000	0.0000	0.0000	0.0000	0.0000	0.0000	0.0000	0.0000	0.0000	0.0000	0.0000	0.0000	0.0000	0.0000	0.0000	0.0000	0.0000
0.0000	0.0000	0.0000	0.0000	0.0000	0.0000	0.0000	0.0000	0.0000	0.0000	0.0000	0.0000	0.0000	0.0000	0.0000	0.0000	0.0000
0.0000	0.0000	0.0000	0.0000	0.0000	0.0000	0.0000	0.0000	0.0000	0.0000	0.0000	0.0000	0.0000	0.0000	0.0000	0.0000	0.0000
0.0000	0.0000	0.0000	0.0000	0.0000	0.0000	0.0000	0.0000	0.0000	0.0000	0.0000	0.0000	0.0000	0.0000	0.0000	0.0000	0.0000
