1.6591	0.0000	0.0000	0.0000	0.0000	0.0000	0.0000	0.0000	0.0000	0.0000	0.0000	0.0000	0.0000	0.0000	0.0000	0.0000	0.0000
1.5196	0.8848	0.0000	0.0000	0.0000	0.0000	0.0000	0.0000	0.0000	0.0000	0.0000	0.0000	0.0000	0.0000	0.0000	0.0000	0.0000
1.4994	0.8711	0.8709	0.0000	0.0000	0.0000	0.0000	0.0000	0.0000	0.0000	0.0000	0.0000	0.0000	0.0000	0.0000	0.0000	0.0000
1.5609	1.5807	1.3761	0.8628	0.0000	0.0000	0.0000	0.0000	0.0000	0.0000	0.0000	0.0000	0.0000	0.0000	0.0000	0.0000	0.0000
1.4854	0.9092	0.8534	1.0996	0.5714	0.0000	0.0000	0.0000	0.0000	0.0000	0.0000	0.0000	0.0000	0.0000	0.0000	0.0000	0.0000
1.5148	1.4013	1.1994	0.8785	0.6167	0.8200	0.0000	0.0000	0.0000	0.0000	0.0000	0.0000	0.0000	0.0000	0.0000	0.0000	0.0000
1.5183	1.1765	1.0505	0.9346	0.5767	0.8477	0.8369	0.0000	0.0000	0.0000	0.0000	0.0000	0.0000	0.0000	0.0000	0.0000	0.0000
1.5232	0.9391	0.9247	0.9567	1.1904	0.9266	0.9691	0.8257	0.0000	0.0000	0.0000	0.0000	0.0000	0.0000	0.0000	0.0000	0.0000
1.5250	0.9313	0.9139	0.9396	0.9263	0.8628	0.9356	0.8402	0.8427	0.0000	0.0000	0.0000	0.0000	0.0000	0.0000	0.0000	0.0000
1.5320	1.0752	0.9716	0.9179	0.6589	0.9081	0.8833	0.8782	0.9624	1.3900	0.0000	0.0000	0.0000	0.0000	0.0000	0.0000	0.0000
1.5340	1.0991	1.0224	0.8863	0.6267	0.8824	0.8713	0.9148	0.9267	1.3826	0.8384	0.0000	0.0000	0.0000	0.0000	0.0000	0.0000
1.5189	0.9788	0.9713	0.8835	0.7781	0.9327	0.8842	0.9201	0.9285	1.4417	0.8489	0.8870	0.0000	0.0000	0.0000	0.0000	0.0000
1.5462	1.0908	1.0272	0.8422	1.4204	1.1421	0.9276	1.0328	1.3929	1.6287	1.0091	0.8779	0.9580	0.0000	0.0000	0.0000	0.0000
1.5221	0.9406	0.8828	0.9445	0.6537	0.8381	0.8741	0.8401	0.8700	1.6725	0.9035	0.9291	2.5267	0.7862	0.0000	0.0000	0.0000
1.5454	1.0784	0.9340	0.9228	1.0563	0.9762	0.8289	0.9059	1.0475	1.4007	0.8276	0.8716	1.6429	0.7946	1.0764	0.0000	0.0000
1.5088	0.8570	0.8709	1.0395	0.6869	0.8698	1.0157	0.8922	0.9013	2.3899	1.1805	1.0362	2.9627	0.7845	1.1234	0.8713	0.0000
1.5658	1.1110	1.0091	0.8547	0.8986	0.9710	0.8543	1.0118	1.0654	1.5101	0.8366	0.8539	1.5613	0.7987	1.0760	0.9881	0.9391
