0.0589	0.0568	0.0642	0.0000	0.0596	0.2575	0.0628	0.0641	0.0725	0.0680	0.0312	0.0009	0.0073	0.0254	0.0170	0.2589	0.0765
0.0704	0.1843	0.0034	0.2867	0.0055	-0.1955	-0.0148	-0.0325	0.0538	0.2377	-0.0262	0.0899	-0.0055	-0.0214	0.0138	-0.1060	0.0696
0.0071	-0.0719	0.0286	-0.0935	0.0234	0.2105	0.0146	0.2396	-0.0218	-0.1036	0.0394	0.1746	0.0453	0.0392	0.0054	0.0869	-0.0240
-0.0221	-0.0300	-0.0653	-0.1109	0.0205	0.0080	-0.0195	-0.2041	-0.0555	-0.0840	0.0676	-0.0040	0.4430	0.0087	0.2347	0.0145	-0.0253
0.0157	-0.0270	0.0041	0.2475	0.0594	-0.0134	-0.0059	0.0856	0.0319	0.0765	0.2318	-0.1194	-0.1833	0.2419	-0.0982	-0.0331	-0.0289
-0.0312	0.0377	0.0964	-0.1305	-0.1036	-0.0093	-0.0083	-0.0591	-0.0396	-0.1275	-0.2401	0.0953	0.1916	-0.0292	-0.1218	0.0778	-0.0626
0.1041	-0.0635	-0.0371	-0.0225	0.0584	-0.2169	0.0006	0.0173	0.0298	0.0549	-0.0166	-0.1346	-0.1115	0.0426	-0.0061	-0.2201	0.0838
-0.0004	0.1621	-0.0208	0.0460	-0.0447	-0.0190	0.0207	-0.0112	0.0196	0.0822	0.1942	0.0951	-0.1434	-0.0462	0.0235	0.0415	0.1649
-0.0315	-0.1599	0.0026	0.0201	-0.0652	0.0677	-0.0120	0.3010	0.0422	-0.1078	-0.1367	0.0427	-0.1059	-0.1896	0.1609	0.3219	-0.0046
-0.0551	0.1199	-0.0028	-0.0945	0.1356	0.0160	-0.0097	-0.2957	0.0235	0.0233	-0.0011	-0.0538	-0.0153	0.0635	0.0982	-0.2232	-0.0834
-0.0127	-0.1031	0.0022	0.0416	0.0134	0.0471	0.0002	0.3063	0.0855	0.1145	-0.0127	-0.0350	0.0503	0.2182	-0.0435	0.0780	0.0476
0.0458	-0.0008	0.0150	-0.0053	-0.0645	-0.0398	0.2809	-0.0320	0.0211	0.1027	0.0217	0.0253	0.0195	-0.0245	-0.1470	-0.1112	0.2352
-0.0247	-0.0724	-0.0147	0.1728	-0.0260	0.2030	-0.2304	-0.1877	-0.2605	-0.1961	0.0043	-0.0777	0.0791	-0.1069	-0.0316	-0.1197	-0.3416
-0.0095	0.0269	0.0244	0.0390	0.0278	-0.1591	0.0231	-0.0646	0.2628	-0.0722	-0.0192	0.2368	-0.0712	0.0784	0.0947	0.1396	-0.0221
0.0805	0.0084	-0.0535	-0.1186	0.0399	0.0303	-0.0215	0.0580	-0.1567	0.0435	0.2017	-0.1098	-0.0544	-0.1547	-0.0936	-0.0591	0.0254
0.0291	0.0147	0.0140	-0.0494	-0.0083	-0.0493	0.1858	-0.0188	0.2509	0.1743	-0.0005	-0.0896	0.0408	0.0691	0.0517	0.0996	-0.0139
-0.0944	0.0056	-0.0273	0.0536	0.0303	-0.0246	0.1435	-0.0217	-0.0727	-0.1532	-0.1211	0.1045	0.1108	0.0058	0.2204	-0.0125	0.1958
