0.0173	0.0995	0.1305	0.0641	0.0537	0.1941	0.0905	0.1025	0.0538	0.0708	0.0845	0.0675	0.0859	0.0393	0.1017	0.2441	0.0417
0.0184	0.0982	-0.0105	0.2230	0.0247	0.0038	0.0037	0.0008	0.0372	0.1864	0.0014	-0.0017	0.0070	-0.0372	-0.0096	-0.0064	-0.0092
0.0280	-0.0239	-0.0204	-0.0539	0.0027	0.1725	0.0225	0.2051	-0.0156	-0.0154	-0.0143	0.1587	-0.0494	0.0202	-0.0142	0.0361	0.0266
-0.0070	-0.0066	0.0104	-0.0117	-0.0046	0.0135	0.0018	0.0134	0.0099	-0.0070	0.0156	0.0130	0.4363	-0.0025	0.1632	-0.0009	-0.0012
-0.0059	-0.0335	0.0306	0.2126	-0.0132	-0.0208	-0.0035	0.0269	-0.0042	-0.0056	0.1897	-0.0146	-0.0273	0.1952	-0.0090	-0.0153	-0.0042
-0.0075	0.0228	0.0298	-0.0186	0.0084	-0.0319	0.0181	-0.0296	0.0172	-0.0055	-0.0070	0.2616	0.1813	0.0053	0.0006	-0.0181	-0.0007
0.1434	-0.0019	0.0284	-0.0056	0.0004	-0.0293	-0.0169	-0.0047	0.0053	0.0091	0.0030	-0.0160	-0.0089	0.2068	0.0007	0.0038	0.0014
-0.0055	0.1469	-0.0174	-0.0498	0.0238	0.0553	0.0006	-0.0591	-0.0244	-0.0164	0.1989	-0.0430	-0.0227	-0.0182	0.0113	-0.0129	0.1840
-0.0252	-0.0284	-0.0023	-0.0116	-0.0177	-0.0097	-0.0246	0.1885	-0.0177	0.0229	-0.0108	0.0141	0.0089	0.0038	-0.0139	0.3813	-0.0086
-0.0428	0.0853	0.0440	0.0491	0.1185	-0.0408	-0.0157	-0.0203	-0.0023	-0.0125	-0.0338	0.0006	-0.0309	-0.0320	0.2328	-0.0262	-0.0286
0.0213	-0.0088	-0.0179	-0.0246	-0.0246	0.0159	0.0082	0.1925	0.2110	0.0070	0.0460	0.0139	0.0399	0.2462	-0.0043	-0.0086	0.0187
0.0164	-0.0117	0.0216	-0.0558	-0.0190	0.0271	0.1648	-0.0161	-0.0162	0.1983	-0.0205	-0.0126	0.0055	-0.0154	-0.0083	0.0293	0.2459
0.0080	-0.0027	-0.0142	0.3132	0.0681	0.1713	0.0006	-0.0009	0.0007	0.0104	-0.0418	0.0383	0.0178	0.0010	0.0119	-0.0201	-0.0197
0.0242	-0.0074	-0.0127	-0.0199	-0.0048	-0.0219	-0.0325	-0.0041	0.2018	-0.0020	0.0090	0.2059	0.0013	0.0269	-0.0030	-0.0082	0.0099
0.0916	-0.0213	0.0203	-0.0445	0.0687	-0.0064	-0.0094	0.0097	-0.0102	-0.0399	0.1715	-0.0391	-0.0377	-0.0135	-0.0097	-0.0305	-0.0384
0.0000	-0.0080	-0.0253	0.0080	-0.0138	0.0069	0.2210	0.0157	0.1671	0.2257	0.0342	0.0198	0.0154	0.0193	0.0086	0.0276	0.0114
0.0000	0.0045	0.0090	-0.0675	-0.0034	-0.0331	0.1985	-0.0096	-0.0011	-0.0115	-0.0376	-0.0006	0.0040	-0.0195	0.1879	0.0521	0.2185
