0.0458	0.0735	0.1436	0.0742	0.0533	0.2847	0.0455	0.0581	0.0381	0.0504	0.0458	0.0728	0.0507	0.0361	0.0864	0.2532	0.0452
-0.0129	0.1649	0.0107	0.2140	0.0429	-0.0346	0.0112	0.0037	0.0146	0.2350	-0.0041	-0.0106	0.0071	0.0003	-0.0192	0.0336	-0.0251
-0.0248	-0.0188	-0.0326	-0.0072	-0.0329	0.2107	-0.0119	0.2234	0.0034	-0.0158	0.0071	0.1890	0.0118	0.0311	-0.0055	-0.0353	0.0106
0.0241	-0.0220	0.0014	0.0196	0.0183	0.0017	0.0065	-0.0218	0.0078	-0.0094	0.0129	-0.0074	0.4841	0.0058	0.2005	0.0195	0.0127
0.0178	-0.0041	0.0243	0.1993	0.0022	0.0155	0.0023	-0.0520	-0.0361	-0.0144	0.2535	-0.0258	-0.0505	0.1993	-0.0033	0.0002	0.0203
0.0049	0.0128	0.0640	-0.0206	-0.0208	-0.0120	0.0090	0.0529	0.0501	-0.0091	0.0086	0.2697	0.2154	-0.0199	-0.0497	-0.0236	-0.0265
0.0966	-0.0083	0.0546	0.0132	0.0073	-0.0369	0.0056	-0.0156	-0.0150	0.0085	-0.0487	-0.0159	-0.0601	0.1794	0.0081	-0.0400	0.0112
0.0073	0.1851	-0.0177	-0.0386	-0.0214	0.0398	0.0202	-0.0272	-0.0015	0.0142	0.2157	0.0024	0.0473	0.0578	0.0217	0.0683	0.2057
-0.0328	-0.0256	-0.0058	-0.0170	0.0109	-0.0213	0.0033	0.1922	-0.0056	-0.0094	-0.0073	-0.0207	-0.0088	-0.0153	0.0012	0.3652	0.0171
0.0257	0.1667	0.0627	-0.0157	0.0708	0.0309	-0.0221	0.0040	0.0062	-0.0047	-0.0250	-0.0073	-0.0289	-0.0292	0.2155	-0.0498	-0.0296
-0.0380	-0.0225	-0.0380	0.0117	-0.0134	0.0005	0.0325	0.2088	0.2490	0.0045	-0.0687	-0.0161	0.0084	0.1929	0.0002	-0.0271	-0.0013
0.0056	0.0087	-0.0502	0.0212	-0.0271	-0.0300	0.1763	0.0023	-0.0217	0.2102	0.0168	0.0410	0.0202	0.0096	0.0053	0.0387	0.2357
0.0190	-0.0159	0.0496	0.1764	0.1502	0.1599	0.0023	0.0102	-0.0248	0.0059	-0.0022	0.0787	0.0056	0.0293	0.0304	-0.0218	-0.0226
0.0560	-0.0089	-0.0236	-0.0034	-0.0148	-0.0127	0.0012	-0.0044	0.1761	-0.0085	-0.0277	0.1732	-0.0055	-0.0053	-0.0099	-0.0223	-0.0121
0.1005	-0.0029	0.0302	0.0231	0.0953	0.0146	-0.0128	-0.0079	-0.0121	0.0109	0.2398	0.0040	-0.0211	-0.0313	-0.0166	-0.0222	-0.0137
-0.0202	0.0425	-0.0313	-0.0337	-0.0358	0.0502	0.2153	0.0129	0.2503	0.2091	0.0297	0.0131	-0.0078	0.0079	-0.0051	0.0443	0.0131
0.0212	-0.0160	-0.0008	0.0235	-0.0366	0.0335	0.2147	-0.0222	-0.0020	0.0046	-0.0196	0.0171	0.0317	-0.0156	0.2431	0.0239	0.2401
