0.0545	0.0092	0.0525	0.0903	0.0570	0.3182	0.0216	0.0089	0.0667	0.0695	0.0103	0.0214	0.0158	0.0305	0.0000	0.2798	0.0442
-0.0395	0.1797	-0.0050	0.1454	-0.0237	-0.2040	0.0199	0.0169	0.0029	0.1737	0.0019	0.0539	0.0540	0.0114	0.0452	-0.2339	-0.0012
0.0535	-0.0915	0.0133	-0.1105	0.0110	0.1381	0.0278	0.2141	0.0019	-0.1334	0.1444	0.1536	-0.0335	0.0380	0.0074	0.0176	0.0153
-0.0498	-0.0216	0.0438	0.0174	0.0355	-0.1761	0.0663	-0.0188	0.0518	-0.0624	-0.0994	-0.0324	0.5565	0.0092	0.2122	-0.0134	-0.0416
0.0648	-0.0223	-0.0694	0.2516	-0.0798	0.0327	-0.0253	-0.1126	-0.0460	-0.0036	0.1536	-0.0797	-0.3319	0.2112	-0.2158	0.0577	0.0263
-0.0480	-0.0285	0.0140	-0.1712	0.0679	-0.0350	0.0468	-0.0656	-0.0310	-0.0437	-0.1677	0.0253	-0.0461	-0.1893	-0.0019	-0.0637	-0.0430
0.0609	0.0000	0.0322	0.1102	0.0000	-0.0407	-0.0531	0.0000	-0.0462	0.0430	0.0000	0.0425	-0.0378	0.0186	0.0138	0.0605	0.0317
0.0023	0.0663	-0.0244	-0.0339	-0.0679	0.0000	0.0000	0.0213	0.0000	0.0179	0.1029	0.0187	-0.0116	-0.0256	0.0000	0.0000	0.0298
0.0845	-0.0128	-0.0098	0.0656	0.0401	0.0618	0.0195	0.0402	0.0000	0.0006	0.0350	-0.0374	0.0397	0.0000	0.0615	0.1656	0.0000
0.0000	-0.0022	0.0015	-0.2539	0.0163	-0.0298	-0.0005	0.0179	0.0000	-0.0615	-0.0519	0.0000	-0.0397	0.0006	0.0615	-0.1297	0.0462
-0.0428	0.0148	0.0098	0.0000	0.0208	0.0000	0.0000	0.1169	0.0615	0.0000	0.0179	0.0000	0.0638	0.0377	-0.0006	-0.0180	-0.0184
0.0428	-0.0146	-0.0098	0.1111	-0.0176	0.0000	0.0150	-0.0359	-0.0006	0.0615	-0.0136	0.0000	-0.0638	0.0232	0.0000	0.0000	0.0594
0.0000	-0.0060	-0.0259	0.0735	0.0531	0.0779	-0.0770	0.0160	0.0006	-0.0006	-0.0473	-0.0615	0.0017	0.0000	-0.0615	-0.0196	-0.0124
0.0000	0.0060	0.0000	-0.0735	0.0115	-0.0767	0.0620	-0.0719	0.0615	0.0006	0.0430	0.0615	-0.0447	0.0000	0.0609	0.0803	-0.0318
0.0916	0.0016	0.0244	0.0000	0.0564	0.0000	0.0000	0.0000	0.0000	0.0000	0.0185	-0.0006	0.0615	0.0000	0.0000	0.0008	0.0179
0.0000	0.0002	0.0000	0.0000	0.0115	0.0311	-0.0011	0.0000	0.0633	0.0430	-0.0006	0.0000	-0.0152	0.0000	-0.0609	0.0000	-0.0364
0.0000	-0.0037	0.0000	0.0000	-0.0115	0.0320	0.0626	0.0179	0.0000	0.0185	-0.0179	0.0006	0.0152	0.0000	0.0620	0.0000	0.0788
