0.0422	0.0703	0.1737	0.0111	0.1491	0.2327	0.0775	0.0264	0.0347	0.0927	0.0886	0.0676	0.0451	0.0189	0.0264	0.2280	0.0455
0.0038	0.1855	0.0045	0.2660	-0.0649	0.0176	0.0098	-0.0104	-0.0096	0.2144	0.0129	0.0142	0.0291	0.0096	0.0390	0.0163	-0.0066
-0.0289	-0.0044	0.0189	-0.0352	-0.0123	0.1797	-0.0271	0.2464	-0.0006	0.0017	-0.0419	0.2189	-0.0127	0.0191	0.0108	-0.0143	0.0102
0.0181	-0.0153	-0.0329	-0.0187	0.0091	0.0257	0.0094	-0.0393	0.0251	-0.0198	0.0168	-0.0567	0.4202	0.0139	0.0242	0.0032	0.0004
0.0039	-0.0273	0.0007	0.2051	0.0159	0.0061	-0.0306	0.0126	-0.0025	-0.0123	0.2037	-0.0095	0.0065	0.2332	0.0124	-0.0001	0.0001
-0.0097	0.0111	0.0807	0.0009	-0.0120	-0.0092	0.0128	0.0095	-0.0084	0.0311	-0.0065	0.3038	0.2379	-0.0108	0.0122	-0.0138	0.0324
0.0800	-0.0067	0.0059	0.0040	-0.0062	-0.0272	0.0120	0.0113	-0.0031	-0.0142	-0.0336	0.0093	-0.0043	0.2098	0.0323	0.0085	-0.0033
-0.0039	0.1818	-0.0201	0.0039	0.0136	0.0325	0.0066	0.0029	0.0142	-0.0386	0.2297	-0.0037	-0.0341	0.0175	0.0000	0.0147	0.2363
0.0007	-0.0073	0.0514	-0.0195	0.0282	-0.0494	-0.0043	0.0553	0.0060	0.0164	0.0059	0.0186	0.0206	-0.0146	-0.0072	0.4490	-0.0648
0.0177	0.1640	-0.0008	0.0182	0.0739	-0.0183	-0.0012	0.0540	0.0091	-0.0036	-0.0298	-0.0107	-0.0248	-0.0097	0.2761	0.0004	0.0196
0.0077	-0.0080	-0.0184	-0.0192	0.0279	0.0112	0.0067	0.1900	0.2399	0.0124	0.0197	-0.0123	0.0393	0.2408	-0.0408	-0.0023	-0.0068
-0.0040	-0.0172	0.0031	-0.0055	-0.0296	0.0025	0.1989	0.0277	0.0124	0.2135	0.0097	-0.0005	0.0121	-0.0024	0.0117	0.0039	0.2122
-0.0093	0.0090	0.0142	0.2321	0.0965	0.1974	-0.0038	-0.0041	0.0088	-0.0244	-0.0128	-0.0040	-0.0228	-0.0490	-0.0089	-0.0117	-0.0181
0.1250	-0.0192	-0.0027	-0.0321	-0.0213	0.0302	0.0031	0.0183	0.1950	-0.0172	0.0039	0.2075	0.0010	0.0123	0.0110	0.0027	0.0211
0.0844	-0.0268	-0.0030	0.0060	0.0918	-0.0551	0.0095	0.0097	-0.0273	-0.0010	0.2354	-0.0143	-0.0023	0.0049	0.0018	0.0038	0.0093
0.0063	-0.0039	-0.0387	-0.0059	-0.0294	0.0250	0.2324	0.0116	0.1943	0.2499	0.0013	0.0031	0.0095	0.0136	-0.0095	0.0023	-0.0032
-0.0008	-0.0159	-0.0169	0.0016	0.0329	-0.0160	0.1934	0.0326	0.0063	0.0012	0.0159	0.0194	-0.0015	0.0025	0.2277	0.0045	0.2377
