0.0774	0.0532	0.1584	0.0505	0.0624	0.2603	0.0722	0.0137	0.0733	0.1334	0.1073	0.0743	0.0356	0.0419	0.0429	0.2566	0.0884
-0.0129	0.2036	-0.0611	0.2083	-0.0411	-0.0257	0.0194	0.0458	0.0177	0.1781	-0.0257	0.0204	0.0015	-0.0049	-0.0307	-0.0374	-0.0169
0.0481	-0.0313	-0.0056	-0.0263	-0.0101	0.2036	-0.0264	0.2187	-0.0340	-0.0240	-0.0104	0.1772	0.0179	-0.0039	0.0197	0.0282	-0.0163
-0.0126	-0.0047	-0.0158	-0.0038	-0.0112	0.0226	0.0315	0.0079	0.0355	0.0500	0.0269	-0.0097	0.4604	0.0023	0.1920	0.0062	-0.0215
-0.0137	-0.0209	0.0066	0.2218	0.0088	-0.0031	-0.0245	-0.0391	-0.0266	-0.0412	0.1789	-0.0349	-0.0023	0.2368	-0.0140	-0.0156	0.0372
-0.0151	-0.0105	0.0928	0.0037	0.0122	-0.0221	0.0327	0.0284	-0.0097	0.0085	-0.0109	0.2239	0.2108	-0.0292	0.0119	0.0008	-0.0151
0.0336	0.0011	0.0905	-0.0088	-0.0017	-0.0285	0.0094	-0.0111	-0.0002	-0.0244	-0.0309	0.0311	-0.0163	0.2232	-0.0047	-0.0020	0.0015
0.0196	0.1919	0.0236	-0.0335	0.0131	0.0164	-0.0126	-0.0229	0.0125	0.0063	0.2365	-0.0281	0.0052	0.0193	-0.0014	0.0332	0.2293
-0.0222	-0.0147	-0.0448	-0.0181	0.0148	-0.0014	-0.0160	0.2183	-0.0050	0.0153	0.0020	0.0170	-0.0016	-0.0240	-0.0003	0.3831	-0.0025
-0.0046	0.1858	0.0343	0.0323	0.1016	-0.0107	-0.0293	-0.0314	0.0048	-0.0311	-0.0206	-0.0073	0.0007	-0.0041	0.2230	-0.0533	-0.0065
0.0001	-0.0258	-0.0642	0.0183	-0.0147	0.0112	0.0032	0.2342	0.2123	-0.0276	-0.0190	0.0173	0.0264	0.2418	0.0049	0.0398	0.0206
0.0226	-0.0222	0.0761	0.0033	-0.0257	-0.0195	0.2171	0.0039	-0.0114	0.1896	0.0244	-0.0156	-0.0154	-0.0009	-0.0064	0.0026	0.2111
-0.0130	0.0002	-0.0730	0.2223	0.1563	0.2128	-0.0091	-0.0228	-0.0377	0.0360	-0.0016	0.0765	-0.0221	-0.0170	0.0250	-0.0142	-0.0135
0.0793	-0.0591	-0.0142	-0.0086	-0.0351	0.0005	-0.0326	-0.0242	0.2520	-0.0332	-0.0374	0.2215	0.0155	-0.0264	0.0014	0.0066	-0.0226
0.1131	-0.0287	-0.0078	-0.0528	0.1214	0.0260	-0.0198	-0.0487	-0.0137	-0.0093	0.2060	-0.0085	-0.0273	-0.0338	-0.0465	-0.0620	-0.0209
-0.0053	0.0147	0.0235	0.0255	-0.0256	0.0043	0.2518	0.0551	0.2370	0.2357	0.0171	-0.0050	0.0042	0.0555	0.0244	0.0612	0.0056
0.0042	-0.0062	0.0019	0.0159	-0.0098	-0.0273	0.2088	0.0208	-0.0339	0.0035	0.0281	0.0130	-0.0022	0.0091	0.2580	-0.0127	0.2014
