0.0105	0.0698	0.0878	0.0411	0.0585	0.2571	0.0801	0.0239	0.0902	0.1379	0.1741	0.0573	0.0213	0.1822	0.0260	0.2520	0.0134
0.0270	0.1151	-0.0100	0.2904	-0.0017	-0.1147	-0.0336	-0.0239	0.0196	0.1373	-0.0444	0.0422	0.0191	-0.0664	-0.0175	-0.0360	0.0270
-0.0153	-0.0454	0.0120	-0.1269	-0.0064	0.2480	-0.0124	0.2306	-0.0413	-0.0488	-0.0141	0.1349	-0.0037	0.0553	0.0150	-0.0583	0.0233
0.0023	-0.0078	-0.0085	-0.0223	0.0052	-0.0989	0.0105	-0.0231	0.0124	-0.0286	-0.0374	-0.0203	0.4081	-0.0693	0.2065	0.0329	-0.0365
0.0062	0.0240	0.0242	0.2176	0.0093	-0.0491	0.0003	-0.1009	-0.0066	0.0349	0.2099	0.0560	-0.1847	0.1958	-0.0237	-0.0219	0.0229
0.0088	0.0105	0.0152	0.1199	-0.0347	0.0662	0.0000	0.0715	0.0478	-0.0205	-0.0029	0.2275	0.2106	-0.0560	0.0286	-0.0177	0.0167
0.0725	-0.0160	0.0410	-0.0154	-0.0033	-0.0388	-0.0060	0.0398	0.0053	0.0027	-0.0496	-0.0231	0.0051	0.1224	-0.0063	-0.0227	-0.0168
0.0090	0.1212	-0.0062	-0.0168	0.0007	0.0491	0.0046	-0.0079	-0.0496	-0.0031	0.1327	-0.0546	0.0199	0.0011	0.0170	0.0237	0.1863
-0.0001	-0.0481	0.0114	-0.0129	0.0182	-0.0144	-0.0113	0.1927	-0.0045	0.0058	0.0263	-0.0099	0.0221	0.0444	-0.0013	0.3841	-0.0240
-0.0180	0.1007	-0.0006	-0.0479	0.0105	-0.0294	0.0191	0.0023	0.0004	-0.0050	-0.0752	-0.0272	-0.0447	-0.0620	0.1688	-0.0648	-0.0091
0.0013	-0.0430	-0.0314	-0.0623	0.0000	-0.0027	-0.0007	0.1826	0.1972	0.0105	0.0433	-0.0046	0.0598	0.2115	-0.0240	-0.0089	-0.0115
0.0189	-0.0146	0.0084	0.0229	0.0000	-0.0051	0.1458	-0.0432	-0.0045	0.1685	0.0338	0.0525	-0.0786	0.0510	0.0455	0.0450	0.2178
-0.0225	-0.0586	-0.0002	0.1736	0.1289	0.1447	-0.0079	-0.1950	-0.1255	-0.0944	-0.0886	0.0096	-0.1284	-0.2407	-0.1367	-0.0614	-0.0835
0.0946	0.0178	-0.0090	-0.0263	-0.0198	-0.0347	-0.0072	0.1337	0.2910	0.1035	0.0335	0.1818	-0.0088	0.1083	-0.0272	-0.0435	-0.0111
0.0797	0.0126	0.0075	-0.0575	0.0867	0.0024	-0.0282	-0.0121	0.0142	-0.0119	0.1288	0.0136	0.0456	0.0814	-0.0297	-0.0428	-0.0177
0.0000	-0.0229	0.0280	0.0095	0.0416	-0.0300	0.2332	-0.0088	0.0977	0.1696	-0.0295	-0.0062	-0.0256	-0.1497	0.0008	0.0152	-0.0272
0.0427	-0.0404	-0.0123	-0.0283	-0.0861	0.0373	0.0704	0.0310	0.0494	-0.1183	0.0774	-0.0869	0.0762	0.1586	0.2388	0.0731	0.1765
