0.0253	0.0987	0.1550	0.0587	0.0882	0.2371	0.1105	0.0408	0.0889	0.0872	0.0201	0.0492	0.0712	0.1112	0.0420	0.2541	0.0501
-0.0077	0.1599	-0.0790	0.2535	-0.0290	-0.1714	-0.0655	-0.0126	-0.0419	0.1934	0.0485	0.0174	-0.0382	-0.0237	-0.0010	-0.1581	-0.0219
-0.0072	-0.1681	-0.0088	-0.2425	0.0469	0.1711	0.0018	0.2111	0.0134	-0.1967	-0.0333	0.2082	0.0459	0.0090	-0.0273	-0.0120	0.0349
0.0046	-0.0117	0.0170	0.0272	-0.0412	-0.1735	0.0148	-0.2179	-0.0063	-0.0529	0.0183	-0.2597	0.4051	-0.0062	0.2224	0.0144	0.0258
-0.0036	0.0250	-0.0178	0.1661	0.0179	-0.0177	0.0170	0.0232	0.0068	0.0069	0.2138	0.0425	-0.4306	0.2436	-0.2052	-0.0125	0.0258
0.0410	0.0061	0.0978	-0.1889	0.0075	0.0456	-0.0007	-0.0118	-0.0393	0.0031	-0.2252	0.2246	0.1943	-0.2623	0.0265	-0.0192	-0.0828
0.1031	-0.0537	-0.0545	0.0419	-0.0529	-0.0652	0.0186	-0.0142	0.0444	-0.0206	-0.0162	-0.2105	-0.1790	0.2273	-0.0255	-0.0114	0.0501
-0.1287	0.1888	-0.0576	-0.0175	0.0007	0.0644	-0.0381	0.0009	-0.0137	0.0410	0.2295	-0.0285	-0.0384	-0.2325	-0.0107	-0.0139	0.1824
-0.0139	-0.1492	0.0124	-0.0441	0.0461	0.0026	0.0295	0.2435	0.0085	0.0201	-0.1925	0.0147	0.0265	-0.0183	0.0122	0.4440	-0.1826
0.0250	0.1358	0.0436	0.0260	0.0421	-0.0526	-0.0504	-0.2313	-0.0274	-0.0489	-0.0605	-0.0192	0.0855	-0.0091	0.2494	-0.4469	0.0011
0.0212	-0.1487	-0.0338	-0.0198	-0.0912	0.0251	0.0473	0.2302	0.2071	0.0108	0.0026	0.0397	-0.0815	0.2606	-0.2321	0.0273	-0.0109
-0.0590	0.0004	-0.0281	0.0174	0.0618	-0.0368	0.2152	-0.2305	-0.1457	0.2334	0.0287	-0.0058	-0.0129	-0.1429	-0.0180	-0.0089	0.1782
0.0172	-0.0196	-0.0072	0.1950	0.0632	0.2483	-0.2688	0.0122	-0.0323	-0.2130	0.0319	-0.0286	0.0206	-0.0327	-0.0093	0.0082	-0.2059
0.1262	0.0060	0.0176	-0.1873	-0.0748	-0.1710	0.0606	0.0542	0.2640	0.0123	-0.0606	0.2382	-0.0116	-0.0475	0.0058	0.0129	-0.0138
-0.0434	0.0118	-0.0082	0.0557	0.1025	-0.0536	-0.0159	-0.0409	-0.3022	0.0145	0.2768	-0.2342	-0.0121	-0.0627	-0.0259	0.0056	-0.0005
-0.0964	-0.0192	0.0332	-0.0560	-0.1138	0.0163	0.1961	-0.0027	0.2613	0.1903	-0.2764	0.0081	-0.0072	0.0695	-0.0016	-0.0465	0.0320
0.0094	0.0157	-0.0070	-0.0051	0.0589	0.0251	0.0022	-0.0428	-0.2181	-0.2159	0.0094	0.0033	0.0184	-0.0420	0.2704	0.0051	0.2306
