0.0491	0.0739	0.1440	0.0713	0.0165	0.3387	0.0741	0.0166	0.0507	0.0371	0.0818	0.0695	0.0937	0.0640	0.0933	0.2884	0.0642
0.0118	0.1759	-0.0891	0.1651	0.1035	-0.2433	0.0222	0.0094	0.0029	0.2322	0.0182	-0.0352	-0.0088	0.0121	-0.0149	-0.1680	-0.0562
-0.0609	-0.1923	-0.0256	-0.2320	-0.0744	0.1790	0.0972	0.2363	0.0473	-0.1817	-0.0521	0.2349	0.0219	-0.0638	0.0114	-0.0872	0.0713
0.0230	0.0031	0.0342	0.0009	-0.0204	-0.2087	-0.1194	-0.2080	-0.0509	-0.0192	0.1074	-0.2627	0.3844	0.2243	0.1602	0.0206	-0.0047
0.0033	-0.0313	-0.0529	0.3353	0.0182	0.0265	-0.0172	-0.0361	0.0219	-0.0079	0.0629	0.0230	-0.3780	0.0556	-0.1649	0.0326	-0.0502
-0.0201	0.0784	0.0949	-0.3404	-0.0040	-0.0534	-0.0065	0.0559	-0.0201	0.0185	-0.1913	0.1977	0.1530	-0.2555	0.0205	0.0862	0.0535
0.0987	-0.0599	0.0318	0.0020	-0.0393	0.0623	0.0372	0.0250	0.0606	-0.0312	0.0817	-0.1817	-0.2663	0.2869	-0.0204	-0.1022	0.0349
-0.1049	0.2075	-0.0767	0.0521	0.0280	-0.0025	0.0095	-0.0558	-0.1036	0.0497	0.1555	-0.0357	0.0415	-0.3078	-0.0041	-0.0053	0.1760
0.0128	-0.1909	0.0163	0.0568	-0.0224	-0.0276	-0.0023	0.1947	0.0947	-0.0298	-0.1357	0.0670	0.0135	0.0709	0.0778	0.4128	-0.2589
-0.0056	0.1711	-0.0335	0.0183	0.1441	0.0762	0.0157	-0.2313	-0.0134	-0.0292	-0.0714	-0.0205	0.0116	0.0637	0.0583	-0.4558	-0.0231
0.0554	-0.1979	-0.0069	-0.0927	-0.1496	-0.0538	-0.0395	0.2108	0.1338	0.0868	-0.0036	-0.0506	-0.0512	0.1403	-0.1765	0.0276	0.0350
-0.0626	0.0665	0.0357	-0.0367	0.0000	-0.0242	0.1639	-0.1720	-0.1822	0.1648	-0.0166	0.0924	0.0229	-0.2411	0.0160	-0.0246	0.2013
0.0282	-0.0329	0.0045	0.2400	0.1574	0.2596	-0.1827	0.0199	0.0378	-0.2051	-0.0358	-0.0475	0.0608	0.0830	-0.0307	0.1443	-0.1300
0.1068	-0.0259	-0.0432	-0.1984	-0.1240	-0.2331	-0.0015	0.0723	0.1820	-0.0202	0.0969	0.2075	-0.0941	-0.0716	-0.0135	-0.0951	0.0156
0.0253	0.0275	0.0441	0.0137	0.1933	0.0838	0.0612	-0.1379	-0.2110	0.0210	0.1842	-0.2582	0.0924	-0.0007	0.1380	-0.0217	-0.0361
-0.1357	0.0333	-0.0295	0.0119	-0.1956	-0.0210	0.1583	0.0035	0.1193	0.2228	-0.1526	0.0128	0.0411	0.0266	-0.1110	0.0266	-0.0798
-0.0199	-0.0187	0.0191	-0.0579	0.0085	-0.0517	0.0344	0.0636	-0.1076	-0.2255	-0.0490	0.0214	-0.0492	-0.0269	0.2435	0.0213	0.2990
