0.1831	0.0517	0.0900	0.0000	0.0450	0.3243	0.0099	0.1350	0.0615	0.0274	0.0869	0.0993	0.0035	0.1071	0.0726	0.2185	0.0322
-0.0382	0.1759	0.0236	0.2302	-0.0222	-0.0053	0.0247	-0.0397	-0.0297	0.1970	0.0063	-0.0172	0.0542	0.0328	0.0072	-0.0012	0.0004
-0.0210	-0.0110	-0.0199	0.0134	-0.0229	0.1850	-0.0042	0.2288	0.0107	0.0235	-0.0043	0.1936	0.0047	-0.0090	0.0285	0.0017	-0.0124
0.0140	-0.0030	0.0032	0.0164	0.0000	-0.0030	0.0220	0.0082	0.0077	0.0047	0.0007	-0.0149	0.4701	0.0023	0.1265	-0.0009	0.0280
-0.0108	0.0043	-0.0085	0.2239	0.0233	-0.0019	-0.0257	-0.0012	0.0141	-0.0017	0.2016	-0.0076	0.0120	0.2042	-0.0095	-0.0028	-0.0007
0.0151	-0.0054	0.0711	-0.0317	-0.0233	-0.0031	-0.0152	-0.0187	-0.0005	-0.0182	-0.0026	0.2798	0.1542	-0.0061	-0.0021	0.0000	-0.0001
0.0409	-0.0037	0.0308	-0.0028	0.0000	-0.0005	-0.0001	-0.0043	-0.0112	0.0010	-0.0001	0.0023	-0.0016	0.1455	-0.0031	0.0000	-0.0014
0.0000	0.0995	0.0268	0.0202	0.0000	0.0005	0.0204	0.0037	0.0184	0.0031	0.2213	0.0068	-0.0007	0.0021	0.0003	0.0000	0.2247
0.0000	0.0004	-0.0157	-0.0039	0.0048	0.0011	-0.0184	0.2092	0.0059	-0.0029	-0.0029	-0.0102	0.0004	0.0060	-0.0020	0.4066	-0.0037
0.0000	0.0680	-0.0058	0.0003	0.1296	0.0006	0.0022	-0.0015	-0.0010	-0.0021	0.0010	-0.0037	-0.0048	-0.0087	0.2119	0.0081	0.0066
0.0000	0.0000	0.0000	-0.0033	0.0094	-0.0005	-0.0048	0.1198	0.1625	0.0000	-0.0041	-0.0080	0.0012	0.2072	0.0009	-0.0001	-0.0084
0.0000	0.0069	-0.0010	-0.0134	-0.0018	0.0011	0.2048	-0.0022	-0.0087	0.2391	-0.0010	0.0285	0.0001	-0.0032	-0.0009	-0.0010	0.2139
0.0000	-0.0070	0.0049	0.1987	0.0581	0.1221	0.0186	-0.0066	0.0120	0.0067	-0.0061	-0.0238	0.0034	0.0044	-0.0055	-0.0067	-0.0031
0.0000	-0.0005	-0.0025	0.0009	-0.0024	-0.0004	0.0192	-0.0019	0.2091	-0.0022	0.0000	0.2473	-0.0017	-0.0017	0.0000	0.0000	0.0101
0.0916	0.0000	0.0000	-0.0044	0.1157	0.0015	-0.0138	-0.0056	-0.0070	-0.0057	0.1430	-0.0008	0.0007	0.0001	0.0000	-0.0023	0.0088
0.0000	0.0000	0.0000	0.0011	0.0000	-0.0001	0.1713	0.0040	0.1693	0.2391	-0.0006	0.0000	0.0000	0.0014	0.0000	0.0000	0.0029
0.0000	0.0000	0.0000	-0.0008	0.0000	0.0009	0.2210	0.0000	0.0002	0.0000	-0.0009	0.0000	0.0016	0.0014	0.2471	0.0000	0.1364
