0.0000	0.0273	0.0935	0.0049	0.0249	0.2223	0.0022	0.0091	0.1060	0.1114	0.0729	0.0811	0.0367	0.0485	0.0609	0.2149	0.0878
0.0095	0.1447	-0.0049	0.2316	0.0079	-0.0537	-0.0022	0.0474	0.0028	0.1562	-0.0114	-0.0298	0.0276	-0.0429	-0.0457	0.0042	-0.0477
-0.0052	-0.0581	-0.0251	-0.0032	-0.0328	0.1530	0.0333	0.1765	0.0693	-0.1369	-0.0606	0.1865	-0.0213	0.0609	0.0604	-0.0526	0.0356
-0.0043	0.0081	0.0196	-0.0171	0.0256	-0.0436	0.0018	-0.0003	0.0136	0.0178	0.0155	0.0309	0.4456	-0.0399	0.1314	0.0283	-0.0356
0.0292	0.0142	-0.0091	0.2406	0.0142	0.0403	-0.0293	0.0433	-0.0931	0.0926	0.2263	-0.0275	-0.0605	0.2164	-0.0511	0.0036	0.0948
-0.0222	0.0090	0.0891	-0.0958	-0.0153	0.0281	0.0466	0.0432	0.0264	-0.0418	-0.1368	0.1276	0.1890	0.0440	0.0550	0.0205	-0.0636
0.0845	0.0073	-0.0143	-0.0069	0.0001	-0.0147	-0.0068	-0.0705	0.0137	-0.0069	-0.0431	0.0281	-0.1477	0.1821	0.0435	-0.0122	-0.0173
0.0000	0.1306	-0.0007	-0.0570	-0.0121	0.0314	-0.0098	0.0154	-0.0762	-0.0418	0.2213	-0.0586	-0.0247	-0.0074	-0.0183	0.0036	0.2015
0.0000	-0.0370	0.0337	0.0214	-0.0074	-0.0782	0.0111	0.2367	0.0011	0.0163	-0.0048	0.0116	0.0312	-0.0391	-0.0393	0.4013	-0.0309
0.0000	0.0692	-0.0163	0.0403	0.1176	-0.0510	-0.0335	-0.0048	0.0253	0.0628	-0.0199	0.0234	-0.0040	-0.0528	0.2223	-0.0236	-0.0471
0.0000	-0.0320	-0.0001	0.0260	0.0184	0.0101	0.0229	0.1177	0.2362	0.0164	0.0873	0.0301	0.0936	0.2001	-0.0327	-0.0576	-0.0037
0.0000	-0.0392	-0.0166	-0.0745	-0.0329	0.0178	0.1653	0.0139	-0.0265	0.1912	0.0412	0.0065	0.0448	-0.0207	-0.0292	-0.0166	0.3069
0.0000	0.0240	-0.0041	0.2845	0.0871	0.2899	-0.0234	-0.0168	-0.1279	-0.1661	-0.0039	-0.0313	0.0188	0.0127	0.0143	-0.0006	-0.1085
0.1421	-0.0892	0.0170	-0.0186	0.0423	-0.0955	-0.0510	-0.0453	0.2141	-0.0148	-0.0208	0.2530	0.0228	-0.0411	-0.0133	-0.0729	0.0807
0.1143	-0.0024	0.0220	-0.0454	0.0259	-0.0873	-0.0401	-0.0243	-0.0460	0.0818	0.1892	-0.0788	-0.0557	-0.0679	-0.0591	-0.0784	-0.0838
-0.0460	-0.0107	-0.0033	-0.0068	0.0174	0.0349	0.2132	0.0030	0.2380	0.2059	-0.0436	0.0396	-0.0249	0.0344	0.0290	0.0350	0.0925
-0.0038	0.0084	-0.0252	-0.0532	0.0095	-0.0154	0.1786	-0.0097	-0.0729	-0.0004	-0.0309	-0.0478	-0.0374	-0.0015	0.1884	0.0304	0.1134
