0.1140	0.0344	0.0881	0.0000	0.0853	0.2576	0.1053	0.0633	0.1556	0.0633	0.1266	0.0620	0.0096	0.0553	0.0746	0.2877	0.0947
0.0340	0.1924	-0.0148	0.2834	-0.0304	-0.2200	0.0176	0.0349	-0.0429	0.2717	-0.0080	0.0048	0.0234	0.0376	-0.0321	-0.1777	0.0086
0.0476	-0.1230	0.0266	-0.0544	0.0233	0.2577	0.0595	0.2395	-0.0573	-0.0766	-0.0449	0.2836	0.0141	0.0136	0.0449	0.0608	0.1545
-0.1135	-0.0559	0.0013	-0.0791	0.0203	-0.1559	-0.0894	-0.0816	0.0178	-0.0784	-0.0342	-0.1257	0.4658	-0.0806	0.2088	-0.0935	-0.2160
0.0578	-0.0120	-0.0101	0.2885	-0.0171	-0.0518	-0.0163	-0.0704	0.0165	-0.0623	0.2590	-0.0904	-0.1787	0.2268	-0.2048	-0.0265	0.0366
-0.0100	0.0097	0.0597	-0.1320	0.0008	0.1087	0.0456	-0.0483	0.0403	0.0748	-0.1320	0.2537	0.1136	-0.0716	0.0023	-0.0182	-0.0130
0.0303	-0.0287	-0.0193	-0.0148	-0.0567	-0.0766	0.0395	-0.0375	-0.0928	-0.0701	-0.0167	-0.0748	-0.1725	0.1015	0.1235	0.0284	0.0110
0.0049	0.1991	-0.0476	-0.0623	0.0384	0.0904	-0.0246	0.0035	0.0347	-0.0468	0.1753	-0.1980	-0.0256	-0.0086	-0.0691	0.0599	0.1899
0.0855	-0.1667	-0.0100	0.0192	0.0149	-0.0571	-0.0557	0.2199	0.0423	0.0933	-0.0483	0.0173	0.1329	-0.0366	-0.0164	0.3185	-0.1934
-0.1186	0.1553	0.0267	-0.0147	0.0922	0.0110	-0.0162	-0.0989	-0.0802	-0.0809	-0.1893	-0.0290	-0.1251	-0.0650	0.0599	-0.1681	0.0496
0.0535	-0.1313	-0.0354	0.0040	-0.0032	-0.0519	0.0857	0.0672	0.2258	-0.0368	0.0319	0.0314	-0.0168	-0.0064	0.0441	-0.0736	-0.0479
-0.0234	0.0385	0.0059	-0.0157	-0.0533	0.0092	0.1225	-0.0454	-0.0457	0.2534	0.0448	-0.0324	-0.0516	-0.0142	0.0263	-0.0074	0.1922
-0.0059	-0.0374	-0.0111	0.2350	-0.0053	0.2073	-0.0614	-0.0353	-0.0783	-0.1775	-0.0385	-0.0246	-0.0143	-0.0551	-0.0937	0.1471	-0.0605
0.0644	0.0320	0.0407	-0.0660	0.0442	-0.1302	-0.0981	-0.0882	0.2026	0.0345	-0.0487	0.2855	-0.0255	0.0720	0.0026	-0.0810	0.0103
0.0540	-0.0077	-0.0355	-0.0564	-0.0114	-0.0518	0.0513	0.0426	-0.1277	-0.0703	0.2508	-0.0166	0.0031	0.0262	-0.0254	-0.0217	-0.0911
0.0000	0.0455	0.0068	0.0071	0.0437	0.0434	0.1468	0.0385	0.1684	0.2196	0.0058	-0.1354	0.1000	-0.0510	0.0454	-0.0012	0.0219
-0.0218	0.0296	-0.0305	0.0028	0.0179	0.0864	0.1337	0.0553	-0.1078	-0.1075	-0.1232	-0.0518	-0.0353	0.0063	0.2180	0.0653	0.1776
