0.1712	0.0000	0.0000	0.0000	0.0000	0.0000	0.0000	0.0000	0.0000	0.0000	0.0000	0.0000	0.0000	0.0000	0.0000	0.0000	0.0000
0.1757	0.6439	0.0000	0.0000	0.0000	0.0000	0.0000	0.0000	0.0000	0.0000	0.0000	0.0000	0.0000	0.0000	0.0000	0.0000	0.0000
0.2128	0.1844	0.6346	0.0000	0.0000	0.0000	0.0000	0.0000	0.0000	0.0000	0.0000	0.0000	0.0000	0.0000	0.0000	0.0000	0.0000
0.1039	0.3715	0.5168	0.6160	0.0000	0.0000	0.0000	0.0000	0.0000	0.0000	0.0000	0.0000	0.0000	0.0000	0.0000	0.0000	0.0000
0.0290	0.0114	0.1827	0.2009	0.6689	0.0000	0.0000	0.0000	0.0000	0.0000	0.0000	0.0000	0.0000	0.0000	0.0000	0.0000	0.0000
0.0000	0.0000	0.0467	0.0000	0.6130	0.5495	0.0000	0.0000	0.0000	0.0000	0.0000	0.0000	0.0000	0.0000	0.0000	0.0000	0.0000
0.0000	0.0000	0.0102	0.0556	0.3446	0.3997	0.3702	0.0000	0.0000	0.0000	0.0000	0.0000	0.0000	0.0000	0.0000	0.0000	0.0000
0.0000	0.0000	0.0235	0.0632	0.3556	0.5310	0.3490	0.5686	0.0000	0.0000	0.0000	0.0000	0.0000	0.0000	0.0000	0.0000	0.0000
0.0124	0.2515	0.1032	0.3304	0.1667	0.1223	0.1101	0.2093	0.5113	0.0000	0.0000	0.0000	0.0000	0.0000	0.0000	0.0000	0.0000
0.0000	0.1064	0.0000	0.0000	0.0000	0.0000	0.0657	0.0000	0.3238	0.2052	0.0000	0.0000	0.0000	0.0000	0.0000	0.0000	0.0000
0.0000	0.0000	0.0000	0.0000	0.3333	0.1827	0.1827	0.1827	0.1844	0.0508	0.1844	0.0000	0.0000	0.0000	0.0000	0.0000	0.0000
0.0000	0.0000	0.0000	0.0000	0.0000	0.0000	0.1827	0.0000	0.1844	0.0741	0.1290	0.1844	0.0000	0.0000	0.0000	0.0000	0.0000
0.0000	0.0000	0.0000	0.0000	0.3333	0.0000	0.1827	0.0000	0.2057	0.0825	0.3340	0.1844	0.2812	0.0000	0.0000	0.0000	0.0000
0.0000	0.0000	0.0000	0.0000	0.3333	0.1827	0.1827	0.2006	0.1844	0.0508	0.1893	0.1827	0.1959	0.2747	0.0000	0.0000	0.0000
0.0000	0.0000	0.0000	0.0000	0.3333	0.1827	0.1827	0.1827	0.1844	0.0508	0.3715	0.1177	0.2107	0.2747	0.1692	0.0000	0.0000
0.0000	0.0000	0.0000	0.0000	0.3333	0.1827	0.2012	0.3724	0.3561	0.0508	0.1984	0.1827	0.1870	0.2747	0.1692	0.4039	0.0000
0.0000	0.0000	0.0000	0.0000	0.2215	0.1827	0.1968	0.1844	0.2049	0.0363	0.1827	0.1827	0.1994	0.2747	0.1944	0.3486	0.3922
