0.2898	0.0000	0.0000	0.0000	0.0000	0.0000	0.0000	0.0000	0.0000	0.0000	0.0000	0.0000	0.0000	0.0000	0.0000	0.0000	0.0000
0.2605	0.6667	0.0000	0.0000	0.0000	0.0000	0.0000	0.0000	0.0000	0.0000	0.0000	0.0000	0.0000	0.0000	0.0000	0.0000	0.0000
0.3125	0.6612	0.6927	0.0000	0.0000	0.0000	0.0000	0.0000	0.0000	0.0000	0.0000	0.0000	0.0000	0.0000	0.0000	0.0000	0.0000
0.2854	0.6436	0.6760	0.6650	0.0000	0.0000	0.0000	0.0000	0.0000	0.0000	0.0000	0.0000	0.0000	0.0000	0.0000	0.0000	0.0000
0.2313	0.5873	0.6482	0.6635	0.1755	0.0000	0.0000	0.0000	0.0000	0.0000	0.0000	0.0000	0.0000	0.0000	0.0000	0.0000	0.0000
0.1686	0.6188	0.6780	0.6403	0.1860	0.6878	0.0000	0.0000	0.0000	0.0000	0.0000	0.0000	0.0000	0.0000	0.0000	0.0000	0.0000
0.2300	0.6477	0.6754	0.6166	0.0986	0.6415	0.7194	0.0000	0.0000	0.0000	0.0000	0.0000	0.0000	0.0000	0.0000	0.0000	0.0000
0.2113	0.6242	0.6073	0.6420	0.1483	0.7080	0.6507	0.7184	0.0000	0.0000	0.0000	0.0000	0.0000	0.0000	0.0000	0.0000	0.0000
0.2414	0.6839	0.6492	0.6531	0.1357	0.6321	0.6363	0.7176	0.6427	0.0000	0.0000	0.0000	0.0000	0.0000	0.0000	0.0000	0.0000
0.2526	0.5258	0.6015	0.6308	0.4346	0.5804	0.5900	0.6248	0.5744	0.6128	0.0000	0.0000	0.0000	0.0000	0.0000	0.0000	0.0000
0.2597	0.5419	0.5398	0.6407	0.4001	0.5484	0.6054	0.6963	0.6281	0.5824	0.6120	0.0000	0.0000	0.0000	0.0000	0.0000	0.0000
0.3889	0.5202	0.6355	0.6517	0.4527	0.6336	0.6409	0.6090	0.6385	0.5782	0.6328	0.6617	0.0000	0.0000	0.0000	0.0000	0.0000
0.2062	0.5680	0.8070	0.7193	0.3202	0.6627	0.5451	0.6595	0.6484	0.5356	0.6064	0.7022	0.6875	0.0000	0.0000	0.0000	0.0000
0.2569	0.6376	0.7645	0.7086	0.4153	0.7022	0.4837	0.6275	0.5656	0.5368	0.5935	0.6854	0.6567	0.3380	0.0000	0.0000	0.0000
0.2551	0.6377	0.7522	0.7169	0.4146	0.6557	0.4759	0.5588	0.5302	0.5160	0.5759	0.5440	0.6701	0.3607	0.2578	0.0000	0.0000
0.2360	0.6041	0.7325	0.6834	0.3593	0.6811	0.5674	0.6069	0.6144	0.4954	0.4956	0.6213	0.7095	0.2740	0.2314	0.6865	0.0000
0.1953	0.6353	0.7710	0.6930	0.3844	0.6929	0.4454	0.6240	0.6168	0.4796	0.5062	0.6437	0.7307	0.2764	0.2133	0.6996	0.7102
