0.2931	0.0000	0.0000	0.0000	0.0000	0.0000	0.0000	0.0000	0.0000	0.0000	0.0000	0.0000	0.0000	0.0000	0.0000	0.0000	0.0000
0.2414	0.7200	0.0000	0.0000	0.0000	0.0000	0.0000	0.0000	0.0000	0.0000	0.0000	0.0000	0.0000	0.0000	0.0000	0.0000	0.0000
0.1724	0.2725	0.7000	0.0000	0.0000	0.0000	0.0000	0.0000	0.0000	0.0000	0.0000	0.0000	0.0000	0.0000	0.0000	0.0000	0.0000
0.2241	0.2350	0.0000	0.6300	0.0000	0.0000	0.0000	0.0000	0.0000	0.0000	0.0000	0.0000	0.0000	0.0000	0.0000	0.0000	0.0000
0.3276	0.0000	0.0000	0.0000	0.6990	0.0000	0.0000	0.0000	0.0000	0.0000	0.0000	0.0000	0.0000	0.0000	0.0000	0.0000	0.0000
0.2414	0.1325	0.0225	0.0000	0.0000	0.6825	0.0000	0.0000	0.0000	0.0000	0.0000	0.0000	0.0000	0.0000	0.0000	0.0000	0.0000
0.2069	0.2400	0.0000	0.2750	0.0000	0.2850	0.6875	0.0000	0.0000	0.0000	0.0000	0.0000	0.0000	0.0000	0.0000	0.0000	0.0000
0.0690	0.0475	0.3775	0.0750	0.0007	0.0450	0.1875	0.7100	0.0000	0.0000	0.0000	0.0000	0.0000	0.0000	0.0000	0.0000	0.0000
0.2586	0.1850	0.0000	0.3300	0.0000	0.1050	0.0000	0.0000	0.6300	0.0000	0.0000	0.0000	0.0000	0.0000	0.0000	0.0000	0.0000
0.1034	0.1650	0.0575	0.3325	0.4433	0.0925	0.0000	0.0000	0.1250	0.5773	0.0000	0.0000	0.0000	0.0000	0.0000	0.0000	0.0000
0.3448	0.0775	0.1750	0.3700	0.0001	0.2700	0.0000	0.2300	0.0000	0.2273	0.6600	0.0000	0.0000	0.0000	0.0000	0.0000	0.0000
0.1552	0.4225	0.0650	0.0250	0.0000	0.0925	0.0000	0.0050	0.3625	0.2341	0.0700	0.7125	0.0000	0.0000	0.0000	0.0000	0.0000
0.2069	0.1100	0.0350	0.0350	0.0412	0.1125	0.0000	0.0775	0.0075	0.2295	0.3000	0.0750	0.7880	0.0000	0.0000	0.0000	0.0000
0.0862	0.2325	0.2300	0.1400	0.0001	0.0000	0.2250	0.3075	0.0000	0.2227	0.3775	0.3800	0.0000	0.7010	0.0000	0.0000	0.0000
0.2069	0.2000	0.0000	0.0700	0.0000	0.0000	0.0000	0.0000	0.2350	0.1727	0.3400	0.0900	0.0020	0.1959	0.4400	0.0000	0.0000
0.2241	0.0300	0.0000	0.0000	0.4945	0.0150	0.0100	0.0000	0.2025	0.0159	0.0075	0.0000	0.0000	0.0000	0.0100	0.7000	0.0000
0.3276	0.0025	0.2200	0.0450	0.3118	0.2400	0.3025	0.2375	0.0025	0.0795	0.3325	0.1500	0.0000	0.3402	0.0000	0.3825	0.6850
