1.5206	0.0000	0.0000	0.0000	0.0000	0.0000	0.0000	0.0000	0.0000	0.0000	0.0000	0.0000	0.0000	0.0000	0.0000	0.0000	0.0000
2.4523	0.7731	0.0000	0.0000	0.0000	0.0000	0.0000	0.0000	0.0000	0.0000	0.0000	0.0000	0.0000	0.0000	0.0000	0.0000	0.0000
2.4530	2.0082	0.7779	0.0000	0.0000	0.0000	0.0000	0.0000	0.0000	0.0000	0.0000	0.0000	0.0000	0.0000	0.0000	0.0000	0.0000
2.0979	1.9324	2.2412	0.8340	0.0000	0.0000	0.0000	0.0000	0.0000	0.0000	0.0000	0.0000	0.0000	0.0000	0.0000	0.0000	0.0000
2.1555	2.5492	2.3639	2.2055	0.6214	0.0000	0.0000	0.0000	0.0000	0.0000	0.0000	0.0000	0.0000	0.0000	0.0000	0.0000	0.0000
2.2481	1.9677	2.2753	2.2970	2.1337	0.8346	0.0000	0.0000	0.0000	0.0000	0.0000	0.0000	0.0000	0.0000	0.0000	0.0000	0.0000
1.8866	2.0109	2.3161	1.9284	2.5805	2.0193	0.7462	0.0000	0.0000	0.0000	0.0000	0.0000	0.0000	0.0000	0.0000	0.0000	0.0000
2.1961	2.3191	1.6879	2.2126	1.9414	1.9889	2.0287	0.7867	0.0000	0.0000	0.0000	0.0000	0.0000	0.0000	0.0000	0.0000	0.0000
2.2679	2.0238	2.3179	1.9738	2.2810	2.0994	2.2978	2.2261	0.8705	0.0000	0.0000	0.0000	0.0000	0.0000	0.0000	0.0000	0.0000
2.3994	1.9257	2.2349	2.0701	1.7735	2.3209	2.2902	2.3925	2.0515	1.1231	0.0000	0.0000	0.0000	0.0000	0.0000	0.0000	0.0000
2.0105	2.1774	1.9635	1.8636	2.1405	1.9854	2.2551	1.9927	2.2128	2.0917	0.7302	0.0000	0.0000	0.0000	0.0000	0.0000	0.0000
2.4524	1.7109	2.0636	2.3137	2.3235	2.0862	2.3294	2.2944	1.7440	2.1085	2.2628	0.7348	0.0000	0.0000	0.0000	0.0000	0.0000
2.3155	2.1100	2.0352	2.3029	2.2620	2.1647	2.3458	2.0742	2.1574	2.0341	2.1943	1.9827	0.5683	0.0000	0.0000	0.0000	0.0000
2.2750	1.9154	1.9203	2.0531	2.2830	2.3009	2.2524	2.1203	2.3629	2.0707	1.9355	1.9231	2.2215	0.8242	0.0000	0.0000	0.0000
2.1065	1.9967	2.5024	1.9914	2.3700	2.2718	2.1124	2.6072	2.1549	2.0601	2.3458	2.2060	2.1771	2.1821	1.1077	0.0000	0.0000
2.4729	2.0439	2.0098	2.2506	1.8215	2.2199	2.0890	2.1808	2.5493	2.1769	2.2775	2.1182	2.0714	2.1929	2.1709	0.7625	0.0000
2.1857	2.5386	1.9109	2.1459	1.8301	2.0446	2.0010	1.8910	2.4267	2.2890	2.0486	2.0899	2.3079	1.9740	2.5228	2.0502	0.8234
