0.6787	0.0566	0.0000	0.1779	0.0000	0.0622	0.0267	0.0198	0.0574	0.0600	0.0775	0.0758	0.0019	0.0601	0.0000	0.1099	0.0141
0.5511	0.6197	0.0351	0.0623	0.0575	0.0952	0.0317	0.0498	0.0270	0.0457	0.0595	0.0884	0.0021	0.0253	0.0287	0.0958	0.0450
0.5865	0.5459	0.6265	0.0583	0.0000	0.0100	0.0040	0.1122	0.0474	0.0073	0.0647	0.0703	0.0235	0.0462	0.0281	0.0538	0.0660
0.5541	0.5137	0.6791	0.7459	0.0000	0.0630	0.0359	0.1197	0.1071	0.0966	0.0745	0.0634	0.0056	0.0359	0.0530	0.0528	0.0765
0.5041	0.5802	0.6768	0.7393	0.7670	0.0704	0.0398	0.0919	0.0215	0.0810	0.0369	0.0516	0.0010	0.0217	0.0154	0.0778	0.0983
0.6074	0.5723	0.6738	0.7209	0.7130	0.2341	0.0229	0.0779	0.0381	0.0700	0.0664	0.0387	0.0005	0.0765	0.0251	0.0789	0.0939
0.5789	0.5171	0.6731	0.6602	0.6853	0.2403	0.3424	0.0155	0.0335	0.0905	0.0779	0.0484	0.0018	0.0513	0.0780	0.0690	0.0817
0.6403	0.5534	0.6815	0.7223	0.6698	0.2422	0.4093	0.6992	0.0667	0.1207	0.0611	0.0875	0.0023	0.0426	0.0638	0.0802	0.0791
0.5980	0.5153	0.7240	0.7467	0.7185	0.2603	0.2747	0.6712	0.7034	0.1241	0.0608	0.0562	0.0050	0.0412	0.0083	0.1049	0.1080
0.6320	0.5213	0.6723	0.7316	0.7319	0.2196	0.2757	0.6849	0.7067	0.2535	0.0704	0.0694	0.0074	0.0443	0.0126	0.0763	0.0675
0.6486	0.4785	0.6908	0.7420	0.7191	0.2582	0.2724	0.7033	0.7174	0.2005	0.6693	0.0761	0.0009	0.0254	0.0307	0.0660	0.0467
0.6331	0.4834	0.6551	0.6939	0.7038	0.3002	0.2747	0.6411	0.7002	0.2037	0.6570	0.7228	0.0021	0.0275	0.0237	0.0761	0.0596
0.5814	0.5027	0.6470	0.6854	0.6827	0.4266	0.2724	0.6665	0.6416	0.2486	0.5959	0.6700	0.6984	0.0119	0.0256	0.0834	0.0291
0.5683	0.5045	0.6267	0.6819	0.7111	0.2448	0.2699	0.6778	0.6987	0.1972	0.6239	0.7103	0.6924	0.7519	0.0072	0.0769	0.0658
0.6038	0.5151	0.6292	0.7191	0.7084	0.2277	0.3030	0.6801	0.6650	0.2037	0.6252	0.6556	0.6935	0.7809	0.7280	0.1085	0.0628
0.5404	0.5186	0.6366	0.6987	0.6837	0.2732	0.2716	0.6866	0.6726	0.2005	0.6307	0.6501	0.6946	0.7620	0.7090	0.7260	0.0690
0.5296	0.4880	0.6093	0.6729	0.7131	0.2836	0.2747	0.6905	0.6699	0.2005	0.5867	0.6893	0.6836	0.7717	0.6619	0.6518	0.7232
