0.7782	2.0150	2.1299	1.8954	2.1971	2.0760	2.0850	2.1186	2.1200	2.0947	2.2319	2.1149	2.2111	2.1107	2.2880	2.0496	2.1208
0.9804	1.1420	2.1840	2.0840	2.1462	2.0325	2.0550	2.1255	2.1143	2.0842	2.1573	2.0435	2.3410	2.0945	2.1324	1.9918	2.1311
0.9243	1.1881	0.7827	2.0948	2.2036	2.1777	2.1544	2.0308	2.0665	2.0909	2.2029	2.0788	2.1176	2.1264	2.1079	2.0931	2.1228
0.9161	1.2933	0.7373	0.5922	2.3693	2.1779	2.1485	1.9762	1.9540	2.0224	2.2555	2.0686	2.2668	2.1688	2.1260	2.1326	2.0682
0.9535	1.1843	0.8042	0.5919	0.6159	2.1160	2.0512	1.9689	2.1007	2.0410	2.3577	2.1381	2.4555	2.1751	2.2716	1.9872	2.0171
0.8760	1.2278	0.7008	0.6222	0.6550	1.4196	2.1218	2.0133	2.0940	2.0379	2.2195	2.1736	2.4551	2.0309	2.1737	2.0543	1.9987
0.8623	1.3712	0.7519	0.6753	0.6785	1.3700	0.7663	2.0818	2.0767	2.0004	2.2943	2.0784	2.2548	2.1589	2.0573	2.1835	1.9957
0.8359	1.3037	0.6744	0.6257	0.6949	1.3953	0.7602	0.7013	2.0280	1.9843	2.1881	2.0857	2.3093	2.1572	2.1054	2.1322	2.0622
0.9476	1.3808	0.6132	0.6038	0.6544	1.4442	0.7302	0.7781	0.6767	1.9524	2.1893	2.1438	2.1873	2.1186	2.2163	2.0293	1.9786
0.8243	1.3550	0.7149	0.6187	0.6595	1.5009	0.7453	0.7595	0.6688	1.1447	2.2754	2.0761	2.1632	2.1435	2.2438	2.0846	2.0413
0.7678	1.4076	0.7742	0.6143	0.6988	1.4084	0.7321	0.7160	0.6963	1.2129	0.7741	2.0685	2.2889	2.3836	2.1287	2.1182	2.2450
0.7909	1.4395	0.9109	0.6698	0.6709	1.4222	0.7323	0.7529	0.7048	1.2908	0.7838	0.6283	2.1944	2.2159	2.2072	2.0636	2.0757
1.1676	1.3318	0.7021	1.0452	0.9856	1.5854	0.9897	1.0179	1.0572	1.3420	1.2703	0.9127	0.5797	2.1703	2.1571	2.0315	2.1313
0.9520	1.3457	0.7601	0.7894	0.8061	1.5428	0.8666	0.8250	0.8093	1.1802	0.9718	0.7199	0.6094	0.5446	2.2316	2.1228	2.0983
0.9156	1.2765	0.8504	0.7234	0.7864	1.5104	0.8667	0.7952	0.8438	1.2506	0.9578	0.7423	0.6234	0.5460	0.6737	2.1363	2.1211
1.0170	1.2792	0.7968	0.7615	0.8189	1.5070	0.8983	0.8122	0.8255	1.2565	1.0339	0.7761	0.6213	0.5851	0.7014	0.6533	2.1188
1.0242	1.3029	0.9179	0.7368	0.7418	1.4748	0.8538	0.7797	0.7973	1.3042	1.0169	0.7284	0.6563	0.5947	0.7479	0.8341	0.6305
