0.4828	0.0000	0.0000	0.0000	0.0000	0.0000	0.0000	0.0000	0.0000	0.0000	0.0000	0.0000	0.0000	0.0000	0.0000	0.0000	0.0000
0.2241	0.6350	0.0000	0.0000	0.0000	0.0000	0.0000	0.0000	0.0000	0.0000	0.0000	0.0000	0.0000	0.0000	0.0000	0.0000	0.0000
0.2241	0.5550	0.5700	0.0000	0.0000	0.0000	0.0000	0.0000	0.0000	0.0000	0.0000	0.0000	0.0000	0.0000	0.0000	0.0000	0.0000
0.2241	0.5175	0.5350	0.5925	0.0000	0.0000	0.0000	0.0000	0.0000	0.0000	0.0000	0.0000	0.0000	0.0000	0.0000	0.0000	0.0000
0.0517	0.0275	0.3925	0.3825	0.7055	0.0000	0.0000	0.0000	0.0000	0.0000	0.0000	0.0000	0.0000	0.0000	0.0000	0.0000	0.0000
0.1724	0.6400	0.4800	0.4250	0.5000	0.7100	0.0000	0.0000	0.0000	0.0000	0.0000	0.0000	0.0000	0.0000	0.0000	0.0000	0.0000
0.2241	0.2400	0.3825	0.3825	0.5000	0.2400	0.5400	0.0000	0.0000	0.0000	0.0000	0.0000	0.0000	0.0000	0.0000	0.0000	0.0000
0.2241	0.3675	0.4825	0.2975	0.0198	0.1525	0.3125	0.6325	0.0000	0.0000	0.0000	0.0000	0.0000	0.0000	0.0000	0.0000	0.0000
0.2241	0.3300	0.2100	0.2275	0.4954	0.3250	0.3825	0.3825	0.6275	0.0000	0.0000	0.0000	0.0000	0.0000	0.0000	0.0000	0.0000
0.1207	0.1525	0.4250	0.3850	0.5000	0.3725	0.3825	0.1625	0.2275	0.4523	0.0000	0.0000	0.0000	0.0000	0.0000	0.0000	0.0000
0.0000	0.0275	0.2325	0.2875	0.4554	0.3825	0.3775	0.0100	0.2025	0.2295	0.6150	0.0000	0.0000	0.0000	0.0000	0.0000	0.0000
0.0000	0.0000	0.1300	0.1825	0.4722	0.5175	0.3525	0.0000	0.1700	0.2659	0.5600	0.6150	0.0000	0.0000	0.0000	0.0000	0.0000
0.1897	0.2275	0.0000	0.0000	0.0006	0.0400	0.0000	0.0025	0.2425	0.0091	0.0675	0.0625	0.7120	0.0000	0.0000	0.0000	0.0000
0.0862	0.0875	0.0275	0.1475	0.4970	0.1650	0.1000	0.0200	0.4025	0.1455	0.5000	0.3775	0.5100	0.7113	0.0000	0.0000	0.0000
0.3448	0.3750	0.0000	0.0000	0.0000	0.0000	0.0000	0.2400	0.3825	0.1455	0.3775	0.3775	0.4120	0.0722	0.3400	0.0000	0.0000
0.1034	0.0900	0.1175	0.0900	0.0307	0.0000	0.0450	0.0850	0.0725	0.0318	0.1125	0.3775	0.4040	0.1134	0.3300	0.6700	0.0000
0.0517	0.0075	0.0000	0.0000	0.1134	0.0125	0.0000	0.0000	0.0675	0.0023	0.0900	0.0950	0.4480	0.7010	0.2000	0.4400	0.6950
