1.3418	0.0000	0.0000	0.0000	0.0000	0.0000	0.0000	0.0000	0.0000	0.0000	0.0000	0.0000	0.0000	0.0000	0.0000	0.0000	0.0000
1.8235	0.8458	0.0000	0.0000	0.0000	0.0000	0.0000	0.0000	0.0000	0.0000	0.0000	0.0000	0.0000	0.0000	0.0000	0.0000	0.0000
1.9998	1.0220	0.8888	0.0000	0.0000	0.0000	0.0000	0.0000	0.0000	0.0000	0.0000	0.0000	0.0000	0.0000	0.0000	0.0000	0.0000
2.0364	1.0779	0.9516	0.8671	0.0000	0.0000	0.0000	0.0000	0.0000	0.0000	0.0000	0.0000	0.0000	0.0000	0.0000	0.0000	0.0000
2.3965	2.5948	1.4099	1.5242	0.5894	0.0000	0.0000	0.0000	0.0000	0.0000	0.0000	0.0000	0.0000	0.0000	0.0000	0.0000	0.0000
1.9259	1.1248	1.1955	1.3609	1.7589	0.7254	0.0000	0.0000	0.0000	0.0000	0.0000	0.0000	0.0000	0.0000	0.0000	0.0000	0.0000
2.0256	1.5038	1.1108	1.0935	2.0335	1.8953	0.8910	0.0000	0.0000	0.0000	0.0000	0.0000	0.0000	0.0000	0.0000	0.0000	0.0000
1.5966	1.3160	1.3480	1.4844	4.4594	1.5276	1.6368	0.8001	0.0000	0.0000	0.0000	0.0000	0.0000	0.0000	0.0000	0.0000	0.0000
1.5859	1.3859	1.3079	1.5092	3.4093	1.2835	1.4169	1.1926	0.8224	0.0000	0.0000	0.0000	0.0000	0.0000	0.0000	0.0000	0.0000
2.0772	1.8652	1.2465	1.2544	1.3082	1.2034	1.3397	2.0880	1.8013	1.3075	0.0000	0.0000	0.0000	0.0000	0.0000	0.0000	0.0000
2.3457	3.1873	1.8011	1.7957	1.1115	1.3657	1.3187	2.9873	2.0252	1.7149	0.8726	0.0000	0.0000	0.0000	0.0000	0.0000	0.0000
3.0315	3.6025	2.2018	2.1222	0.8069	1.4714	2.0095	4.1386	2.3875	1.6648	0.9811	0.8668	0.0000	0.0000	0.0000	0.0000	0.0000
2.6984	2.8617	3.6024	5.0322	6.7901	3.6846	5.8616	3.7605	2.6567	4.9881	2.9446	2.5846	0.7267	0.0000	0.0000	0.0000	0.0000
2.3941	2.6786	2.3586	2.4865	1.5228	2.3268	3.0149	3.2927	1.6222	2.3544	1.2813	1.5039	1.1947	0.8120	0.0000	0.0000	0.0000
2.1186	2.0791	2.2814	2.5139	3.5677	2.5003	2.8896	2.7162	1.7938	3.1530	1.5961	1.6796	1.0836	1.4078	1.0870	0.0000	0.0000
2.5365	2.9335	3.2930	4.2340	3.9914	3.0742	4.4439	3.9405	3.1720	3.6439	2.4902	1.9902	1.2839	1.3015	1.1357	0.7359	0.0000
3.4679	4.2652	4.4435	6.0447	4.5112	4.4662	5.7315	5.1472	4.5072	4.7226	2.8040	2.1748	1.5689	0.9411	1.4962	1.1101	0.8088
