0.3085	0.0074	0.0247	0.0386	0.0039	0.0216	0.0137	0.1379	0.0034	0.0453	0.0152	0.0998	0.0000	0.0000	0.3404	0.0042	0.0512
-0.0325	0.7107	0.0474	0.0436	0.1145	0.0981	0.0008	0.0141	0.0231	0.0019	-0.0014	0.0286	0.0365	0.0137	-0.1734	0.0354	-0.0025
-0.0051	-0.0180	0.6514	-0.0021	-0.0495	-0.0916	0.0183	-0.0200	-0.0265	-0.0188	0.0617	-0.0297	0.0070	-0.0137	0.0141	-0.0302	-0.0062
0.0086	-0.0496	-0.1771	0.1116	0.0279	-0.0281	0.0281	0.0067	0.0000	-0.0074	-0.0675	0.0079	-0.0144	0.0333	0.0251	-0.0011	-0.0260
0.0182	-0.0067	-0.0201	0.0000	0.6050	0.0000	-0.0087	0.0126	0.0000	-0.0148	0.0000	-0.0527	-0.0109	0.0043	-0.0043	0.0152	-0.0031
-0.0564	0.0949	0.1648	0.0883	-0.0118	0.7318	0.0120	-0.0323	0.0000	0.0165	0.0061	0.0335	0.0172	-0.0266	0.0018	-0.0118	0.0682
0.0072	-0.0401	0.0432	0.0688	-0.0072	-0.0187	0.6568	-0.0495	0.0084	0.0057	0.0472	0.0252	-0.0001	-0.0110	-0.0583	0.0067	-0.0051
-0.0256	-0.0874	-0.0647	0.0280	0.0060	-0.1080	-0.0083	0.6721	-0.0084	0.0225	-0.0033	0.0138	-0.0085	0.0000	0.0093	-0.0034	0.0472
0.0718	0.0713	0.0681	0.0028	-0.0719	0.0944	0.0081	-0.0334	0.7166	0.0063	0.0217	-0.0167	-0.0073	0.0000	0.0448	0.0134	-0.0453
-0.0329	-0.0322	-0.0192	0.1124	0.0581	-0.0863	-0.0279	-0.0841	0.0010	0.5318	-0.0046	-0.0225	-0.0015	0.0000	-0.0760	0.0261	0.0039
-0.0041	0.0434	0.0040	-0.1180	-0.0490	0.0882	0.0268	0.0696	-0.0141	-0.0296	0.5970	-0.0088	-0.0099	0.0000	0.0955	-0.0128	-0.0309
0.0304	0.0394	0.0004	0.0097	-0.0183	0.0171	0.0019	0.0519	0.0003	-0.0274	0.0096	0.6084	0.0196	0.0000	-0.0713	0.0317	0.0104
0.0500	-0.0871	-0.0272	-0.0127	0.0387	-0.0624	-0.0693	-0.0152	0.0008	0.0076	-0.0381	-0.0024	0.5968	0.0000	-0.0136	0.0398	-0.0113
-0.0241	-0.0592	-0.0290	-0.0008	-0.0732	-0.0128	0.0074	-0.0175	-0.0225	-0.0314	-0.0121	0.0308	0.0481	0.3424	0.0215	0.0110	0.0132
-0.0004	-0.0317	-0.0026	0.0075	0.0381	0.0030	0.0099	-0.0072	0.0049	-0.0675	0.0075	-0.0232	-0.1351	0.0147	0.2439	-0.0265	0.0153
-0.0405	0.0778	-0.0164	-0.0059	-0.0292	0.0318	0.0326	0.0179	0.0092	0.0292	0.0420	-0.0017	0.0000	0.0394	-0.0334	0.6120	-0.0161
-0.0723	-0.0055	0.0661	0.0209	0.0208	0.0002	0.0146	0.0013	0.0182	0.0189	0.0212	0.0060	-0.0379	-0.0116	0.0674	0.0186	0.6537
