0.3085	0.0074	0.0247	0.0386	0.0039	0.0216	0.0137	0.1379	0.0034	0.0453	0.0152	0.0998	0.0000	0.0000	0.3404	0.0042	0.0512
0.2760	0.7181	0.0721	0.0822	0.1184	0.1197	0.0145	0.1520	0.0265	0.0472	0.0138	0.1284	0.0365	0.0137	0.1670	0.0396	0.0487
0.2709	0.7001	0.7235	0.0801	0.0689	0.0281	0.0328	0.1320	0.0000	0.0284	0.0755	0.0987	0.0435	0.0000	0.1811	0.0094	0.0425
0.2795	0.6505	0.5464	0.1917	0.0968	0.0000	0.0609	0.1387	0.0000	0.0210	0.0080	0.1066	0.0291	0.0333	0.2062	0.0083	0.0165
0.2977	0.6438	0.5263	0.1917	0.7018	0.0000	0.0522	0.1513	0.0000	0.0062	0.0080	0.0539	0.0182	0.0376	0.2019	0.0235	0.0134
0.2413	0.7387	0.6911	0.2800	0.6900	0.7318	0.0642	0.1190	0.0000	0.0227	0.0141	0.0874	0.0354	0.0110	0.2037	0.0117	0.0816
0.2485	0.6986	0.7343	0.3488	0.6828	0.7131	0.7210	0.0695	0.0084	0.0284	0.0613	0.1126	0.0353	0.0000	0.1454	0.0184	0.0765
0.2229	0.6112	0.6696	0.3768	0.6888	0.6051	0.7127	0.7416	0.0000	0.0509	0.0580	0.1264	0.0268	0.0000	0.1547	0.0150	0.1237
0.2947	0.6825	0.7377	0.3796	0.6169	0.6995	0.7208	0.7082	0.7166	0.0572	0.0797	0.1097	0.0195	0.0000	0.1995	0.0284	0.0784
0.2618	0.6503	0.7185	0.4920	0.6750	0.6132	0.6929	0.6241	0.7176	0.5890	0.0751	0.0872	0.0180	0.0000	0.1235	0.0545	0.0823
0.2577	0.6937	0.7225	0.3740	0.6260	0.7014	0.7197	0.6937	0.7035	0.5594	0.6721	0.0784	0.0081	0.0000	0.2190	0.0417	0.0514
0.2881	0.7331	0.7229	0.3837	0.6077	0.7185	0.7216	0.7456	0.7038	0.5320	0.6817	0.6868	0.0277	0.0000	0.1477	0.0734	0.0618
0.3381	0.6460	0.6957	0.3710	0.6464	0.6561	0.6523	0.7304	0.7046	0.5396	0.6436	0.6844	0.6245	0.0000	0.1341	0.1132	0.0505
0.3140	0.5868	0.6667	0.3702	0.5732	0.6433	0.6597	0.7129	0.6821	0.5082	0.6315	0.7152	0.6726	0.3424	0.1556	0.1242	0.0637
0.3136	0.5551	0.6641	0.3777	0.6113	0.6463	0.6696	0.7057	0.6870	0.4407	0.6390	0.6920	0.5375	0.3571	0.3995	0.0977	0.0790
0.2731	0.6329	0.6477	0.3718	0.5821	0.6781	0.7022	0.7236	0.6962	0.4699	0.6810	0.6903	0.5375	0.3965	0.3661	0.7097	0.0629
0.2008	0.6274	0.7138	0.3927	0.6029	0.6783	0.7168	0.7249	0.7144	0.4888	0.7022	0.6963	0.4996	0.3849	0.4335	0.7283	0.7166
