1.3531	2.1600	2.1040	2.0872	2.0056	2.1120	2.1244	1.9047	2.1055	2.1113	2.1359	2.0173	2.2139	2.0578	1.9147	2.0997	2.1087
1.3561	0.6778	2.0341	2.0594	1.8697	1.9972	2.1361	1.8581	2.1153	2.1614	2.1685	1.9707	2.1206	2.0664	1.9077	2.0599	2.0715
1.3600	0.7699	0.7165	2.1119	1.8992	2.0599	2.1450	1.9366	2.1723	2.2342	2.0809	1.9978	2.1229	2.0571	1.8654	2.1441	2.1032
1.3426	0.9177	1.3436	1.8057	2.0533	2.2777	2.2283	1.9146	2.4607	2.2809	2.2093	2.0167	2.2198	1.9461	1.9015	2.1514	2.1634
1.3221	0.8934	1.3303	1.6947	0.5699	2.3121	2.2430	1.9107	2.3990	2.2627	2.2327	2.0539	2.2005	1.9643	1.8696	2.1421	2.2000
1.3651	0.7078	0.9120	1.4391	0.5863	0.6588	2.1675	1.9982	2.2612	2.2901	2.2442	1.9638	2.3111	2.0661	1.8405	2.1330	2.0319
1.3432	0.7930	0.8157	1.2762	0.5975	0.7261	0.8161	1.9654	2.1946	2.2046	2.1246	1.9979	2.2464	2.1608	1.9479	2.1435	2.0107
1.3843	1.2029	1.0384	1.2629	0.5944	0.8846	0.9014	0.6614	2.2786	2.1562	2.2049	1.9853	2.1970	2.2507	1.8836	2.1425	1.9549
1.3586	0.8712	0.8056	1.2217	0.7409	0.7631	0.8594	0.7509	0.9967	2.1812	2.0586	1.9506	2.2234	2.2215	1.9015	2.1032	1.9848
1.3437	0.9625	0.8122	1.2974	0.6088	0.9146	0.8872	0.8948	0.9406	1.1177	2.0579	2.0467	2.1937	2.1851	1.9579	2.0765	2.0234
1.3472	0.8736	0.8259	1.2511	0.6774	0.7663	0.8393	0.7507	1.0114	1.1630	0.7495	2.0514	2.2185	2.1998	1.8509	2.1013	2.0198
1.3277	0.7743	0.8084	1.2331	0.6970	0.7366	0.8340	0.6922	0.9682	1.2591	0.7744	0.7236	2.2601	2.2217	1.8476	2.1106	2.0228
1.3253	0.9382	0.8796	1.4125	0.6405	0.8660	0.9877	0.6860	0.8379	1.1616	0.8678	0.7242	0.7390	2.2086	1.9011	2.1007	2.0200
1.3269	1.1256	0.9893	1.4019	0.7321	0.8478	0.9638	0.6681	0.8551	1.2186	0.9031	0.7191	0.7509	0.7745	1.8343	2.0762	2.0176
1.3501	1.2841	1.0667	1.4484	0.6946	0.8222	0.9684	0.6837	0.8732	1.4624	0.8826	0.7096	1.2439	0.7897	1.1400	2.0347	1.9954
1.3571	1.0164	1.0538	1.4284	0.7622	0.8040	0.8554	0.6822	0.8434	1.3771	0.7973	0.7321	1.4172	0.8148	1.1531	0.6688	2.0191
1.4002	1.0320	0.8478	1.3465	0.7143	0.8138	0.8343	0.7036	0.8846	1.3131	0.7515	0.7164	1.6785	0.8178	1.1644	0.6732	0.8056
