1.3253	2.3485	2.0950	1.9928	2.1264	2.1052	2.0278	2.1636	2.0720	2.0832	1.8954	2.0610	2.1680	2.2315	2.0768	2.5124	1.9316
1.7797	0.4216	2.2746	2.0579	2.4360	1.9745	2.0720	2.0450	2.3341	2.1517	2.0189	2.2285	2.2460	2.0044	2.1027	2.2478	2.0401
2.0589	1.1050	0.3075	2.0884	2.2243	2.1622	2.0206	2.1122	2.1823	2.2994	1.9721	2.0240	1.9272	2.0297	2.1300	2.0675	2.0265
2.0066	1.6819	0.8687	0.5741	2.2488	2.2450	1.9472	1.9540	2.2541	2.0521	2.1639	2.0789	1.9553	2.4059	2.2059	2.2673	2.4544
1.7842	2.0158	1.5822	1.4343	0.5305	1.9312	2.1311	2.1333	2.0511	2.0754	1.9259	1.9578	2.0751	2.3337	2.2264	2.3783	1.9045
2.2000	1.9075	1.9712	1.7461	1.1177	0.4624	1.9582	2.0479	2.0911	2.0961	1.9349	2.1317	2.1346	2.2771	2.3100	2.2426	2.0725
2.1311	2.0610	1.8583	1.9582	1.6794	0.8900	0.7012	2.2455	1.9466	2.1456	1.8278	2.1290	1.9370	2.2167	2.2866	2.3221	1.9915
2.0659	2.2019	2.0443	1.8536	1.8622	1.4452	1.2362	0.7819	2.3236	2.1244	2.0795	2.0033	2.0909	1.9704	2.1016	2.3943	2.1676
1.9382	2.5953	2.1183	2.2268	1.8504	1.8206	1.8852	1.3006	0.7007	2.0102	2.2046	1.9119	2.3195	2.0010	1.9245	2.2308	1.9166
2.0319	2.2183	2.2663	1.9248	2.0513	2.1574	2.0969	1.8213	1.2944	0.8417	2.1541	2.1902	2.2006	2.3267	2.1760	2.2117	2.1932
1.9383	2.1810	1.8470	2.1063	1.6951	1.7113	1.6638	2.2182	1.7539	1.2283	0.6739	1.9965	1.8844	2.2310	2.0096	2.3044	1.9033
2.0201	2.2795	2.0186	2.0616	1.4305	1.6941	1.8719	1.7950	1.7145	1.6814	1.2020	0.8904	1.8714	2.0568	2.0862	2.2787	1.9575
2.1420	2.2033	1.9944	1.9415	1.9343	2.0059	2.0427	2.2429	2.0593	1.7695	1.7058	1.3480	0.2797	2.1726	2.0468	1.9953	2.0985
2.1332	2.2956	2.1472	2.4010	1.8124	2.1250	2.1544	1.7407	2.0043	2.0085	1.8819	2.1045	1.0292	0.7454	2.0847	2.2992	2.1399
2.1568	2.3283	1.9996	2.5834	2.0681	2.2304	2.2365	2.0264	1.8679	2.0568	1.9343	2.1034	1.8055	1.1713	1.1302	2.0194	2.0722
2.2395	2.5523	2.2555	2.2411	2.6571	2.2322	2.2369	2.2476	1.9534	2.1321	1.9990	2.0472	1.6077	1.9675	1.6773	0.8964	2.0119
2.0213	2.2483	2.1799	2.4035	1.6641	2.0324	2.0842	1.9505	1.8773	1.9332	1.9500	1.8702	1.7783	1.7708	2.2708	1.5914	0.8301
