0.2593	0.0000	0.0964	0.0823	0.0051	0.0309	0.0697	0.0531	0.0352	0.0916	0.1506	0.0779	0.0636	0.0124	0.0655	0.0018	0.1661
0.2774	0.8566	0.0100	0.2196	0.0002	0.1532	0.0500	0.1065	0.0451	0.1147	0.0591	0.0063	0.0000	0.0863	0.1381	0.0436	0.0519
0.0857	0.7850	0.9035	0.1222	0.0001	0.0015	0.1620	0.0743	0.0019	0.0500	0.0568	0.0502	0.0832	0.0745	0.0000	0.0953	0.0015
0.0826	0.3305	0.8873	0.8447	0.0125	0.0000	0.1172	0.0579	0.0452	0.0898	0.0802	0.0453	0.1474	0.0057	0.0000	0.1010	0.0000
0.1943	0.1144	0.3068	0.4443	0.7407	0.0804	0.0367	0.0000	0.1273	0.0509	0.1021	0.0260	0.0990	0.0000	0.0000	0.0000	0.1487
0.0390	0.1760	0.0676	0.4713	0.6356	0.8574	0.0912	0.1081	0.0785	0.0688	0.1033	0.0861	0.0314	0.0000	0.0000	0.0000	0.0369
0.0798	0.0376	0.1458	0.0860	0.2390	0.8215	0.7572	0.0398	0.1783	0.0824	0.4201	0.0225	0.1762	0.0326	0.0000	0.0272	0.1539
0.0952	0.0000	0.1209	0.1666	0.1382	0.4255	0.6668	0.7211	0.0135	0.0744	0.0811	0.1928	0.0155	0.0741	0.0686	0.1057	0.0000
0.1057	0.0464	0.0380	0.0761	0.0487	0.2676	0.2331	0.4757	0.7563	0.0984	0.0000	0.2826	0.0000	0.0970	0.1745	0.0178	0.1801
0.0776	0.0622	0.0541	0.0820	0.0471	0.0184	0.0593	0.2116	0.5397	0.7251	0.0022	0.0016	0.0117	0.0000	0.0686	0.0016	0.0143
0.2334	0.0164	0.1799	0.1806	0.1100	0.1994	0.3252	0.0893	0.3323	0.5272	0.7760	0.0897	0.2850	0.0339	0.0718	0.0569	0.0794
0.0566	0.0147	0.0252	0.0751	0.1697	0.2734	0.1570	0.2370	0.4058	0.2409	0.7536	0.7326	0.2026	0.0913	0.0168	0.0176	0.0591
0.0260	0.0000	0.0353	0.1815	0.0474	0.0648	0.1600	0.0479	0.2059	0.3034	0.2518	0.7249	0.8705	0.0000	0.0074	0.1827	0.1504
0.0732	0.0000	0.0788	0.0108	0.1328	0.0853	0.1288	0.3346	0.1215	0.1011	0.3653	0.4304	0.6625	0.4171	0.0812	0.0000	0.0000
0.0000	0.0835	0.1593	0.0000	0.0329	0.0000	0.0000	0.0981	0.1714	0.1150	0.3365	0.1745	0.5110	0.2747	0.2980	0.1627	0.0062
0.0336	0.0000	0.0056	0.0181	0.0000	0.0041	0.0054	0.0988	0.0985	0.1270	0.1488	0.0939	0.3968	0.0361	0.1692	0.7219	0.2181
0.0662	0.0491	0.0064	0.0107	0.1670	0.0794	0.1583	0.2017	0.2562	0.2022	0.1763	0.2854	0.2060	0.2568	0.0000	0.4570	0.7728
