0.4655	0.0000	0.1175	0.1750	0.0079	0.0575	0.2250	0.0825	0.0300	0.2386	0.4525	0.1225	0.1620	0.0103	0.1100	0.0025	0.2975
0.3966	0.8650	0.0175	0.4825	0.0003	0.3400	0.1375	0.2300	0.0550	0.1727	0.0725	0.0075	0.0000	0.2268	0.2000	0.1275	0.1300
0.1724	0.8075	0.9100	0.2050	0.0001	0.0025	0.2150	0.0825	0.0025	0.0455	0.1625	0.0900	0.2000	0.2577	0.0000	0.1150	0.0025
0.1379	0.4850	0.8925	0.8500	0.0169	0.0000	0.2350	0.0650	0.0850	0.2477	0.1475	0.1125	0.4780	0.0103	0.0000	0.1325	0.0000
0.3966	0.2925	0.6125	0.4825	0.7410	0.1100	0.0325	0.0000	0.3400	0.1409	0.3400	0.0250	0.1420	0.0000	0.0000	0.0000	0.3750
0.1034	0.3800	0.0950	0.5075	0.6578	0.8625	0.2725	0.3000	0.1050	0.0955	0.3000	0.1550	0.0760	0.0000	0.0000	0.0000	0.0575
0.0862	0.0800	0.2675	0.1500	0.6189	0.8275	0.7675	0.0575	0.2050	0.1500	0.4975	0.0325	0.2580	0.0309	0.0000	0.0350	0.2525
0.1724	0.0000	0.2625	0.2850	0.4645	0.7225	0.6825	0.7250	0.0225	0.2545	0.1525	0.2975	0.0240	0.0515	0.0600	0.1300	0.0000
0.2759	0.0975	0.0400	0.1150	0.1275	0.4400	0.2750	0.6325	0.7725	0.1477	0.0000	0.4900	0.0000	0.1340	0.3400	0.0250	0.3650
0.1379	0.1475	0.0775	0.1825	0.0744	0.0400	0.1600	0.3875	0.7300	0.7182	0.0025	0.0025	0.0200	0.0000	0.1500	0.0025	0.0225
0.4828	0.0325	0.2600	0.3700	0.4909	0.4600	0.5375	0.1800	0.6225	0.6364	0.7850	0.1675	0.4240	0.0619	0.0700	0.0850	0.1950
0.0862	0.0250	0.0475	0.2100	0.4930	0.6500	0.3775	0.3750	0.6725	0.3955	0.7625	0.7400	0.3640	0.2165	0.0300	0.0275	0.1075
0.0517	0.0000	0.0425	0.3750	0.0732	0.1200	0.2125	0.0650	0.2725	0.4705	0.4050	0.7225	0.9060	0.0000	0.0100	0.3775	0.2325
0.2241	0.0000	0.1250	0.0200	0.4934	0.2175	0.3775	0.4675	0.2625	0.1682	0.5025	0.5025	0.7180	0.7010	0.1300	0.0000	0.0000
0.0000	0.2025	0.3000	0.0000	0.0261	0.0000	0.0000	0.0775	0.2550	0.2000	0.4825	0.3175	0.5620	0.7010	0.4000	0.3900	0.0075
0.0690	0.0000	0.0125	0.0375	0.0000	0.0100	0.0050	0.1200	0.2225	0.2068	0.2975	0.1875	0.6760	0.0619	0.3400	0.7225	0.3975
0.1552	0.1525	0.0075	0.0250	0.4976	0.1275	0.2825	0.3500	0.3675	0.2773	0.3475	0.5100	0.2740	0.4845	0.0000	0.6225	0.7800
