0.4310	0.0050	0.0825	0.0475	0.4587	0.0100	0.0850	0.0100	0.2875	0.1205	0.3650	0.1025	0.1420	0.0103	0.0000	0.0175	0.3775
0.3276	0.7800	0.0050	0.0050	0.3618	0.0625	0.0225	0.3775	0.1000	0.1591	0.0000	0.0000	0.0000	0.0000	0.1100	0.1950	0.2175
0.2069	0.3375	0.7700	0.0000	0.3462	0.0000	0.0125	0.3550	0.0000	0.0000	0.1225	0.2125	0.3720	0.0000	0.2400	0.1850	0.2000
0.1552	0.3975	0.3900	0.4275	0.4717	0.0000	0.3825	0.1425	0.0375	0.1500	0.1575	0.0250	0.0000	0.0000	0.3000	0.2400	0.1950
0.2241	0.3825	0.4050	0.6100	0.6970	0.0000	0.1325	0.0000	0.0000	0.3159	0.0150	0.0000	0.4160	0.0000	0.3400	0.1975	0.0000
0.0345	0.4250	0.3775	0.4075	0.6713	0.7525	0.5275	0.2575	0.0400	0.1886	0.0600	0.0000	0.3360	0.0103	0.2500	0.1750	0.0000
0.1897	0.2250	0.1550	0.3825	0.5637	0.5600	0.6050	0.0125	0.3775	0.1477	0.0250	0.0350	0.4160	0.0000	0.0000	0.2100	0.3775
0.3448	0.2400	0.2400	0.3825	0.4995	0.3775	0.3825	0.3825	0.2400	0.0000	0.3775	0.0000	0.0000	0.0000	0.3400	0.0000	0.3775
0.1724	0.3775	0.2400	0.2400	0.0000	0.3775	0.3825	0.3825	0.3825	0.2500	0.0000	0.3775	0.0000	0.0000	0.0000	0.0000	0.3775
0.1724	0.0000	0.3825	0.2400	0.5000	0.2400	0.3825	0.2400	0.3825	0.2500	0.0000	0.3775	0.0000	0.0000	0.0000	0.0000	0.0000
0.1724	0.2400	0.3825	0.0000	0.5000	0.2400	0.3825	0.3775	0.3825	0.2500	0.3825	0.0000	0.0000	0.0000	0.0000	0.0000	0.0000
0.1724	0.3775	0.3825	0.3825	0.0000	0.0000	0.3825	0.3775	0.3825	0.2500	0.3825	0.3825	0.0000	0.7010	0.0000	0.3825	0.3825
0.0000	0.0000	0.2400	0.2400	0.5000	0.2400	0.2400	0.2400	0.0000	0.1477	0.3775	0.3775	0.4160	0.0000	0.0000	0.0000	0.3825
0.0000	0.0000	0.0000	0.2400	0.0000	0.0000	0.0000	0.0000	0.0000	0.1477	0.0000	0.3825	0.4080	0.7010	0.0000	0.0000	0.0000
0.0000	0.0000	0.0000	0.0000	0.0000	0.0000	0.0000	0.0000	0.0000	0.0000	0.0000	0.3825	0.4080	0.7010	0.3400	0.0000	0.0000
0.0000	0.3825	0.0000	0.3825	0.0000	0.3775	0.0000	0.0000	0.0000	0.0000	0.0000	0.3825	0.0000	0.7010	0.3400	0.3825	0.0000
0.0000	0.3775	0.0000	0.0000	0.0000	0.3775	0.0000	0.0000	0.0000	0.2273	0.0000	0.3775	0.0000	0.0722	0.2200	0.3775	0.3775
