0.6825	0.0000	0.0000	0.0000	0.0000	0.0000	0.0000	0.0000	0.0000	0.0000	0.0000	0.0000	0.0000	0.0000	0.0000	0.0000	0.0000
0.1750	0.5864	0.0000	0.0000	0.0000	0.0000	0.0000	0.0000	0.0000	0.0000	0.0000	0.0000	0.0000	0.0000	0.0000	0.0000	0.0000
0.0900	0.0886	0.6820	0.0000	0.0000	0.0000	0.0000	0.0000	0.0000	0.0000	0.0000	0.0000	0.0000	0.0000	0.0000	0.0000	0.0000
0.1275	0.0500	0.0580	0.7400	0.0000	0.0000	0.0000	0.0000	0.0000	0.0000	0.0000	0.0000	0.0000	0.0000	0.0000	0.0000	0.0000
0.0250	0.2250	0.3700	0.0050	0.7175	0.0000	0.0000	0.0000	0.0000	0.0000	0.0000	0.0000	0.0000	0.0000	0.0000	0.0000	0.0000
0.0000	0.1409	0.0020	0.0625	0.3025	0.3966	0.0000	0.0000	0.0000	0.0000	0.0000	0.0000	0.0000	0.0000	0.0000	0.0000	0.0000
0.3375	0.2409	0.1340	0.0450	0.0250	0.0000	0.7010	0.0000	0.0000	0.0000	0.0000	0.0000	0.0000	0.0000	0.0000	0.0000	0.0000
0.2775	0.0455	0.2220	0.1375	0.2950	0.0000	0.0103	0.6925	0.0000	0.0000	0.0000	0.0000	0.0000	0.0000	0.0000	0.0000	0.0000
0.0475	0.1068	0.1700	0.0775	0.1150	0.0345	0.0412	0.0000	0.6850	0.0000	0.0000	0.0000	0.0000	0.0000	0.0000	0.0000	0.0000
0.0925	0.2205	0.0080	0.0000	0.0000	0.2069	0.0000	0.0000	0.2350	0.4600	0.0000	0.0000	0.0000	0.0000	0.0000	0.0000	0.0000
0.0575	0.1432	0.0000	0.1425	0.2450	0.3621	0.0206	0.0000	0.3300	0.3300	0.7150	0.0000	0.0000	0.0000	0.0000	0.0000	0.0000
0.1725	0.2136	0.0000	0.2925	0.1125	0.0345	0.0619	0.0200	0.3300	0.1300	0.0400	0.7225	0.0000	0.0000	0.0000	0.0000	0.0000
0.1525	0.1545	0.0100	0.0825	0.0775	0.2241	0.0000	0.0000	0.1800	0.0800	0.1875	0.0250	0.6995	0.0000	0.0000	0.0000	0.0000
0.2600	0.1682	0.2720	0.0675	0.0000	0.0345	0.0722	0.0000	0.2225	0.3300	0.0550	0.0525	0.4958	0.7175	0.0000	0.0000	0.0000
0.2675	0.2273	0.1280	0.0000	0.1400	0.2759	0.0515	0.0000	0.1700	0.1400	0.2450	0.0250	0.5046	0.0125	0.7425	0.0000	0.0000
0.2625	0.2091	0.0040	0.0125	0.0525	0.0000	0.0309	0.0800	0.2400	0.0000	0.2800	0.0000	0.4948	0.1950	0.0000	0.7300	0.0000
0.2250	0.1045	0.0380	0.0375	0.1300	0.3276	0.0103	0.0375	0.0475	0.0500	0.0325	0.0000	0.4950	0.0475	0.0225	0.2450	0.7425
