0.6745	0.0000	0.0000	0.0000	0.0000	0.0000	0.0000	0.0000	0.0000	0.0000	0.0000	0.0000	0.0000	0.0000	0.0000	0.0000	0.0000
0.0793	0.6081	0.0000	0.0000	0.0000	0.0000	0.0000	0.0000	0.0000	0.0000	0.0000	0.0000	0.0000	0.0000	0.0000	0.0000	0.0000
0.0412	0.0606	0.6187	0.0000	0.0000	0.0000	0.0000	0.0000	0.0000	0.0000	0.0000	0.0000	0.0000	0.0000	0.0000	0.0000	0.0000
0.0638	0.0450	0.0336	0.7322	0.0000	0.0000	0.0000	0.0000	0.0000	0.0000	0.0000	0.0000	0.0000	0.0000	0.0000	0.0000	0.0000
0.0228	0.1132	0.0926	0.0063	0.7061	0.0000	0.0000	0.0000	0.0000	0.0000	0.0000	0.0000	0.0000	0.0000	0.0000	0.0000	0.0000
0.0000	0.0801	0.0016	0.0499	0.0866	0.2462	0.0000	0.0000	0.0000	0.0000	0.0000	0.0000	0.0000	0.0000	0.0000	0.0000	0.0000
0.2133	0.0880	0.0533	0.0431	0.0178	0.0000	0.2747	0.0000	0.0000	0.0000	0.0000	0.0000	0.0000	0.0000	0.0000	0.0000	0.0000
0.1310	0.0474	0.1142	0.0843	0.0830	0.0000	0.0072	0.6792	0.0000	0.0000	0.0000	0.0000	0.0000	0.0000	0.0000	0.0000	0.0000
0.0306	0.0769	0.0641	0.0524	0.0534	0.0227	0.0345	0.0000	0.6754	0.0000	0.0000	0.0000	0.0000	0.0000	0.0000	0.0000	0.0000
0.0658	0.0852	0.0074	0.0000	0.0000	0.0577	0.0000	0.0000	0.1114	0.2797	0.0000	0.0000	0.0000	0.0000	0.0000	0.0000	0.0000
0.0594	0.0858	0.0000	0.1093	0.0648	0.1331	0.0674	0.0000	0.1554	0.1008	0.7066	0.0000	0.0000	0.0000	0.0000	0.0000	0.0000
0.0827	0.1020	0.0000	0.1015	0.0420	0.0192	0.0408	0.0211	0.2040	0.0982	0.0548	0.7105	0.0000	0.0000	0.0000	0.0000	0.0000
0.0569	0.0757	0.0084	0.0472	0.0337	0.0864	0.0000	0.0000	0.0557	0.0656	0.0652	0.0211	0.6992	0.0000	0.0000	0.0000	0.0000
0.1086	0.0853	0.0986	0.0595	0.0000	0.0192	0.0298	0.0000	0.0823	0.1386	0.0314	0.0406	0.1964	0.7042	0.0000	0.0000	0.0000
0.1122	0.0882	0.0633	0.0000	0.0577	0.0942	0.0281	0.0000	0.1147	0.0606	0.0836	0.0252	0.4382	0.0190	0.7384	0.0000	0.0000
0.0790	0.1077	0.0032	0.0139	0.0334	0.0000	0.0179	0.0422	0.1041	0.0000	0.0996	0.0000	0.1661	0.1164	0.0000	0.7253	0.0000
0.0591	0.0415	0.0285	0.0310	0.0613	0.0734	0.0072	0.0347	0.0533	0.0393	0.0322	0.0000	0.1342	0.0628	0.0216	0.0665	0.7319
