0.7880	0.4083	0.0000	0.2475	0.2150	0.0050	0.1897	0.1500	0.2775	0.2300	0.2300	0.0650	0.0400	0.0000	0.0000	0.0600	0.3625
0.0000	0.7097	0.0025	0.3825	0.3775	0.0000	0.2931	0.1477	0.3775	0.3825	0.3825	0.0000	0.2000	0.0000	0.0000	0.0125	0.3300
0.0860	0.0097	0.6950	0.2900	0.0000	0.1750	0.0517	0.0000	0.0775	0.0950	0.0000	0.2200	0.2000	0.3325	0.0000	0.0000	0.4150
0.0300	0.0072	0.3325	0.6975	0.1950	0.0125	0.1724	0.0455	0.0375	0.1100	0.4850	0.1975	0.0000	0.0575	0.0000	0.1350	0.3350
0.3660	0.5000	0.0000	0.3825	0.6475	0.0050	0.0000	0.1477	0.3450	0.4325	0.2400	0.0450	0.1900	0.0000	0.0000	0.3750	0.0375
0.0000	0.0000	0.1350	0.1925	0.0000	0.7100	0.0862	0.2182	0.0750	0.0850	0.0175	0.4675	0.0000	0.2175	0.0000	0.0025	0.0000
0.1020	0.0001	0.3575	0.0000	0.0000	0.3750	0.4828	0.1977	0.0225	0.2400	0.3150	0.3775	0.0000	0.0125	0.0000	0.0025	0.0500
0.4040	0.0547	0.0250	0.0125	0.0050	0.0100	0.0517	0.5773	0.0275	0.2275	0.0450	0.2950	0.0000	0.0000	0.0000	0.3525	0.0175
0.0740	0.5000	0.0000	0.2525	0.2650	0.1625	0.2069	0.1250	0.6700	0.3825	0.2300	0.0000	0.0000	0.1150	0.0309	0.2000	0.3825
0.4140	0.5000	0.0000	0.2550	0.0725	0.0000	0.0000	0.1500	0.0425	0.6650	0.3025	0.0000	0.0100	0.1050	0.0000	0.0475	0.2750
0.3480	0.1896	0.0000	0.0700	0.0550	0.0200	0.0345	0.1636	0.0425	0.3075	0.7100	0.1425	0.0000	0.0100	0.0000	0.3500	0.0525
0.4160	0.0000	0.0000	0.0475	0.0000	0.0000	0.1379	0.2273	0.0000	0.0000	0.1975	0.6950	0.0000	0.0675	0.0000	0.0200	0.0000
0.4160	0.0000	0.0000	0.0000	0.0000	0.0000	0.0690	0.2341	0.0000	0.0075	0.0000	0.3625	0.3500	0.0025	0.0000	0.3825	0.0000
0.0000	0.0000	0.3475	0.0125	0.0000	0.2850	0.0517	0.0432	0.1175	0.0475	0.3775	0.5075	0.1600	0.6975	0.0000	0.0175	0.0200
0.4160	0.4792	0.0000	0.0000	0.0000	0.0000	0.3448	0.0818	0.0000	0.3900	0.0000	0.3775	0.3300	0.2400	0.6804	0.3825	0.0000
0.3760	0.3969	0.0000	0.3825	0.3350	0.0000	0.0517	0.1568	0.2550	0.1450	0.2825	0.0175	0.2200	0.0025	0.0000	0.7125	0.0000
0.4040	0.0000	0.3550	0.3275	0.0150	0.1025	0.1034	0.0705	0.1400	0.0550	0.0425	0.2175	0.0000	0.2325	0.0000	0.0150	0.7725
