0.7602	0.2139	0.0000	0.1119	0.0632	0.0041	0.0938	0.0442	0.1541	0.1738	0.1796	0.0559	0.0238	0.0000	0.0000	0.0292	0.0874
0.0000	0.7091	0.0038	0.1875	0.1373	0.0000	0.0796	0.0515	0.1827	0.1844	0.1844	0.0000	0.0684	0.0000	0.0000	0.0123	0.1025
0.0843	0.0093	0.6993	0.1385	0.0000	0.1066	0.0197	0.0000	0.0761	0.0551	0.0000	0.1210	0.1111	0.1156	0.0000	0.0000	0.2693
0.0365	0.0070	0.1450	0.6833	0.1617	0.0196	0.0575	0.0284	0.0248	0.0845	0.3049	0.1038	0.0000	0.0301	0.0000	0.0864	0.1599
0.1423	0.3333	0.0000	0.1844	0.6543	0.0057	0.0000	0.0589	0.2431	0.2527	0.1290	0.0604	0.0941	0.0000	0.0000	0.1818	0.0336
0.0000	0.0000	0.0984	0.1126	0.0000	0.6818	0.0729	0.1509	0.1020	0.0872	0.0111	0.2146	0.0000	0.1166	0.0000	0.0022	0.0000
0.0669	0.0001	0.1149	0.0000	0.0000	0.1366	0.2564	0.0691	0.0344	0.1290	0.1994	0.1827	0.0000	0.0120	0.0000	0.0026	0.0503
0.1460	0.0368	0.0292	0.0123	0.0075	0.0083	0.0423	0.5915	0.0236	0.1055	0.0305	0.1750	0.0000	0.0000	0.0000	0.1197	0.0144
0.0638	0.3333	0.0000	0.1164	0.1363	0.1006	0.0940	0.0801	0.6568	0.1844	0.1341	0.0000	0.0000	0.0861	0.0168	0.1251	0.1844
0.2316	0.3333	0.0000	0.1192	0.0413	0.0000	0.0000	0.0625	0.0489	0.6473	0.1357	0.0000	0.0174	0.0805	0.0000	0.0363	0.1244
0.1412	0.1100	0.0000	0.0459	0.0698	0.0173	0.0220	0.0704	0.0198	0.1183	0.6994	0.1208	0.0000	0.0101	0.0000	0.1552	0.0495
0.1959	0.0000	0.0000	0.0459	0.0000	0.0000	0.0460	0.0741	0.0000	0.0000	0.1485	0.6667	0.0000	0.0527	0.0000	0.0170	0.0000
0.1959	0.0000	0.0000	0.0000	0.0000	0.0000	0.0460	0.0963	0.0000	0.0072	0.0000	0.2285	0.2072	0.0026	0.0000	0.1844	0.0000
0.0000	0.0000	0.1304	0.0148	0.0000	0.1109	0.0207	0.0275	0.0799	0.0373	0.1827	0.3859	0.1000	0.6983	0.0000	0.0151	0.0129
0.1959	0.1661	0.0000	0.0000	0.0000	0.0000	0.1026	0.0396	0.0000	0.2489	0.0000	0.1827	0.2599	0.1290	0.3298	0.1844	0.0000
0.2013	0.1546	0.0000	0.1844	0.1298	0.0000	0.0424	0.0885	0.0872	0.0642	0.1420	0.0202	0.0932	0.0034	0.0000	0.7041	0.0000
0.1599	0.0000	0.1921	0.2615	0.0221	0.0887	0.0429	0.0466	0.0851	0.0324	0.0291	0.1098	0.0000	0.0907	0.0000	0.0105	0.7519
