0.7602	0.2139	0.0000	0.1119	0.0632	0.0041	0.0938	0.0442	0.1541	0.1738	0.1796	0.0559	0.0238	0.0000	0.0000	0.0292	0.0874
-0.7602	0.4952	0.0038	0.0756	0.0741	-0.0041	-0.0142	0.0073	0.0286	0.0106	0.0048	-0.0559	0.0446	0.0000	0.0000	-0.0169	0.0151
0.0843	-0.6998	0.6955	-0.0490	-0.1373	0.1066	-0.0599	-0.0515	-0.1066	-0.1293	-0.1844	0.1210	0.0427	0.1156	0.0000	-0.0123	0.1668
-0.0478	-0.0023	-0.5543	0.5448	0.1617	-0.0870	0.0378	0.0284	-0.0513	0.0294	0.3049	-0.0172	-0.1111	-0.0855	0.0000	0.0864	-0.1094
0.1058	0.3263	-0.1450	-0.4989	0.4926	-0.0139	-0.0575	0.0305	0.2183	0.1682	-0.1759	-0.0434	0.0941	-0.0301	0.0000	0.0954	-0.1263
-0.1423	-0.3333	0.0984	-0.0718	-0.6543	0.6761	0.0729	0.0920	-0.1411	-0.1655	-0.1179	0.1542	-0.0941	0.1166	0.0000	-0.1796	-0.0336
0.0669	0.0001	0.0165	-0.1126	0.0000	-0.5452	0.1835	-0.0818	-0.0676	0.0418	0.1883	-0.0319	0.0000	-0.1046	0.0000	0.0004	0.0503
0.0791	0.0367	-0.0857	0.0123	0.0075	-0.1283	-0.2141	0.5224	-0.0108	-0.0235	-0.1689	-0.0077	0.0000	-0.0120	0.0000	0.1171	-0.0359
-0.0822	0.2965	-0.0292	0.1041	0.1288	0.0923	0.0517	-0.5114	0.6332	0.0789	0.1036	-0.1750	0.0000	0.0861	0.0168	0.0054	0.1700
0.1678	0.0000	0.0000	0.0028	-0.0950	-0.1006	-0.0940	-0.0176	-0.6079	0.4629	0.0016	0.0000	0.0174	-0.0056	-0.0168	-0.0888	-0.0600
-0.0904	-0.2233	0.0000	-0.0733	0.0285	0.0173	0.0220	0.0079	-0.0291	-0.5290	0.5637	0.1208	-0.0174	-0.0704	0.0000	0.1189	-0.0749
0.0547	-0.1100	0.0000	0.0000	-0.0698	-0.0173	0.0240	0.0037	-0.0198	-0.1183	-0.5509	0.5459	0.0000	0.0426	0.0000	-0.1382	-0.0495
0.0000	0.0000	0.0000	-0.0459	0.0000	0.0000	0.0000	0.0222	0.0000	0.0072	-0.1485	-0.4382	0.2072	-0.0501	0.0000	0.1674	0.0000
-0.1959	0.0000	0.1304	0.0148	0.0000	0.1109	-0.0253	-0.0688	0.0799	0.0301	0.1827	0.1574	-0.1072	0.6957	0.0000	-0.1693	0.0129
0.1959	0.1661	-0.1304	-0.0148	0.0000	-0.1109	0.0819	0.0121	-0.0799	0.2116	-0.1827	-0.2032	0.1599	-0.5693	0.3298	0.1693	-0.0129
0.0054	-0.0115	0.0000	0.1844	0.1298	0.0000	-0.0602	0.0489	0.0872	-0.1847	0.1420	-0.1625	-0.1667	-0.1256	-0.3298	0.5197	0.0000
-0.0414	-0.1546	0.1921	0.0771	-0.1077	0.0887	0.0005	-0.0419	-0.0021	-0.0318	-0.1129	0.0896	-0.0932	0.0873	0.0000	-0.6936	0.7519
