0.5656	1.8677	2.5098	1.9421	2.0489	2.1424	2.0254	2.1414	2.0208	1.8925	1.8906	2.1359	2.2368	2.4410	2.2241	1.9758	1.9678
2.0162	0.5629	2.7064	2.1414	1.9217	2.2202	2.1125	2.2707	1.7396	1.7343	2.0580	2.3847	2.1976	2.3486	2.0810	1.9678	2.2982
2.8501	2.9719	0.7711	2.1338	2.1030	2.0952	2.2110	2.0577	2.2907	2.8763	2.2565	2.0165	2.1099	1.8638	2.2183	2.5136	1.9318
2.1608	2.6163	2.1520	0.7269	1.9765	1.8619	2.1118	2.1178	2.2126	2.4915	1.8963	1.9875	2.1471	2.1366	2.6932	2.0360	2.0091
1.7481	1.7262	2.7037	1.9995	0.7906	2.0846	2.1969	2.0726	1.9759	1.8616	2.0477	2.2939	2.1130	2.3178	2.3423	1.7869	2.3088
2.4231	2.3364	1.9715	2.0737	2.1676	0.7675	2.1400	2.0603	2.0117	2.3819	2.1005	1.9879	2.3482	1.9440	2.2949	2.1840	2.1154
2.3345	2.6155	2.1149	2.0575	2.2710	1.8544	1.2840	2.0983	2.4015	2.5099	2.1300	1.8939	2.1617	2.0189	2.5252	2.2119	2.1624
1.8793	2.4044	2.5252	2.1384	2.1847	2.1776	2.1426	1.1699	2.2197	2.1283	2.0354	1.7838	2.0987	2.2079	2.2277	1.8462	2.3132
1.9516	1.4834	2.5489	2.1042	1.9526	1.9364	2.1313	2.0820	0.8072	1.8389	2.1338	2.4044	2.1510	2.1735	2.2871	1.9532	2.2070
1.6310	1.4338	2.4808	2.2234	2.1107	2.3299	2.1028	2.2262	1.8611	0.8082	2.2981	2.4344	2.2637	2.4086	2.1252	2.0103	2.1789
1.8732	2.1939	2.5691	1.9700	2.1417	2.0606	2.0984	2.0721	2.1588	2.1832	0.7472	2.1393	2.1860	2.3174	2.3945	1.9690	2.2853
2.0254	2.8848	2.3899	2.0748	2.2004	2.0790	2.0489	1.9878	2.3741	2.6236	2.1693	0.7697	2.1792	1.9230	2.1672	2.0617	2.1756
1.8860	2.3619	2.5997	2.0865	2.1715	2.3255	2.1849	2.0145	2.2924	2.2371	2.0123	1.8063	1.1170	2.0720	2.1760	1.9395	2.2802
2.5373	2.9753	1.8223	2.3459	2.2304	1.9421	2.1269	2.1091	2.3663	2.5290	2.3195	1.7896	2.0570	0.7799	1.9658	2.2950	2.3468
1.6774	1.9752	2.6189	2.4076	2.3755	2.4647	2.0289	2.1001	2.2849	1.8387	2.2260	1.8785	2.0452	2.0079	0.8338	1.9466	2.2042
1.7372	1.8376	2.7200	2.0462	2.0484	2.2167	2.1322	2.1486	1.9612	2.0009	1.8650	2.2192	2.1629	2.3731	1.9597	0.8154	2.2854
1.8952	2.8664	1.8996	1.8958	2.1832	1.9788	2.1244	2.1390	2.4220	2.2657	1.9950	1.9734	2.1652	2.2240	2.5580	2.1857	0.6683
