0.7680	0.0000	0.0000	0.0275	0.1300	0.0025	0.0000	0.1318	0.0800	0.1325	0.1000	0.0000	0.1100	0.0725	0.0206	0.0000	0.0050
0.0840	0.7326	0.0000	0.0000	0.0000	0.3775	0.2586	0.1500	0.0000	0.1375	0.0100	0.5050	0.1500	0.3825	0.7010	0.0125	0.2475
0.0760	0.5004	0.7750	0.0550	0.0925	0.1450	0.2241	0.1636	0.0825	0.0700	0.1600	0.1575	0.1800	0.3225	0.7010	0.1925	0.2925
0.3720	0.4571	0.3775	0.6875	0.3825	0.3825	0.0517	0.2477	0.3325	0.0000	0.2400	0.2400	0.0000	0.0000	0.7010	0.0725	0.0000
0.4160	0.4997	0.5200	0.2525	0.6325	0.2975	0.0690	0.2500	0.2775	0.0175	0.0525	0.1275	0.1600	0.1925	0.7010	0.0725	0.0250
0.3520	0.5000	0.2775	0.2400	0.3825	0.6950	0.0690	0.2500	0.5750	0.0000	0.3575	0.0200	0.0000	0.1300	0.6598	0.0175	0.0400
0.0000	0.5000	0.3775	0.4375	0.3825	0.4125	0.4138	0.2500	0.0625	0.0000	0.0000	0.2400	0.0000	0.1500	0.5155	0.1150	0.1825
0.1220	0.5000	0.3775	0.4450	0.3875	0.6075	0.2759	0.5614	0.2950	0.0000	0.2200	0.2350	0.0100	0.2100	0.5464	0.2350	0.1525
0.4160	0.5000	0.5125	0.2825	0.3925	0.3825	0.2241	0.1773	0.6900	0.0500	0.2350	0.0100	0.0000	0.1525	0.7010	0.0000	0.0000
0.4160	0.4963	0.2025	0.2400	0.3375	0.4025	0.1724	0.1477	0.3700	0.6625	0.2625	0.0000	0.0700	0.2750	0.0722	0.0000	0.0000
0.4140	0.4936	0.2925	0.2350	0.3550	0.4500	0.1897	0.1909	0.3400	0.6600	0.7125	0.0000	0.1900	0.0525	0.0825	0.0300	0.1075
0.3740	0.5000	0.1700	0.1825	0.2875	0.5825	0.2241	0.2136	0.1800	0.4625	0.6325	0.6800	0.0000	0.1025	0.7010	0.0000	0.4225
0.4160	0.5000	0.3750	0.3775	0.3825	0.3825	0.2241	0.2500	0.3700	0.4050	0.3950	0.2500	0.4400	0.0000	0.7010	0.0000	0.0000
0.3960	0.4913	0.3575	0.3225	0.3350	0.4150	0.2931	0.2477	0.5700	0.5900	0.5600	0.2975	0.3300	0.6475	0.1031	0.0725	0.1575
0.4160	0.5000	0.4175	0.2400	0.3825	0.3825	0.2241	0.1477	0.3975	0.3775	0.3250	0.2675	0.2200	0.3875	0.7010	0.0000	0.0000
0.4100	0.5000	0.4525	0.3650	0.4600	0.3200	0.2586	0.2341	0.5850	0.3775	0.1400	0.3000	0.2600	0.5275	0.6907	0.6875	0.0150
0.2520	0.5000	0.3775	0.6050	0.3825	0.5425	0.2241	0.2318	0.5900	0.4750	0.4150	0.4425	0.3400	0.5525	0.6598	0.3500	0.6875
