0.8020	0.0041	0.0550	0.3175	0.0000	0.0150	0.2069	0.1159	0.2275	0.0000	0.2425	0.0000	0.1100	0.1425	0.0000	0.0000	0.2225
0.2400	0.7173	0.2100	0.0275	0.2400	0.2875	0.0172	0.1455	0.3850	0.0000	0.2800	0.0000	0.2100	0.0000	0.0309	0.3525	0.0125
0.0020	0.5935	0.7475	0.1375	0.0050	0.3700	0.1897	0.2136	0.0550	0.3275	0.1350	0.2500	0.2900	0.0000	0.3196	0.0350	0.0000
0.0140	0.5000	0.5225	0.7525	0.0500	0.2950	0.0000	0.2432	0.2600	0.0025	0.0900	0.1275	0.0000	0.0000	0.2887	0.0475	0.0000
0.1460	0.5016	0.3525	0.2300	0.6650	0.1650	0.0000	0.2205	0.0775	0.1125	0.1000	0.2325	0.1400	0.0950	0.0000	0.0550	0.0000
0.0620	0.4880	0.3650	0.3650	0.5250	0.7625	0.0000	0.2023	0.0775	0.3125	0.1475	0.3575	0.2500	0.0000	0.0103	0.0125	0.0000
0.4080	0.4804	0.2375	0.3775	0.2375	0.2400	0.2241	0.0000	0.2400	0.0000	0.0000	0.3825	0.0000	0.0000	0.0000	0.0000	0.0000
0.1760	0.5000	0.2400	0.3825	0.3775	0.3825	0.2241	0.2500	0.3825	0.0000	0.2400	0.0000	0.0000	0.0000	0.0000	0.2400	0.0000
0.1760	0.5000	0.2400	0.3825	0.3825	0.2400	0.2241	0.2273	0.3775	0.0000	0.2400	0.3825	0.0000	0.0000	0.0000	0.0000	0.0000
0.1760	0.5000	0.2400	0.3775	0.3825	0.2400	0.2241	0.2295	0.3825	0.3825	0.2400	0.3825	0.0000	0.0000	0.0000	0.2400	0.0000
0.1760	0.5000	0.2400	0.3775	0.3825	0.2400	0.2241	0.2295	0.2400	0.3775	0.3825	0.0000	0.0000	0.0000	0.0000	0.0000	0.3825
0.1760	0.5000	0.2400	0.3825	0.3825	0.3825	0.2241	0.1455	0.3825	0.3775	0.3825	0.3775	0.0000	0.0000	0.0000	0.0000	0.3825
0.1760	0.5000	0.3825	0.3775	0.3775	0.3825	0.2241	0.2295	0.3825	0.3775	0.3825	0.2400	0.3400	0.0000	0.2268	0.3825	0.3825
0.1760	0.5000	0.3825	0.3825	0.3775	0.3825	0.2241	0.2295	0.3825	0.3775	0.3825	0.2400	0.4400	0.3825	0.2268	0.0000	0.3825
0.1760	0.5000	0.3825	0.3775	0.2400	0.2400	0.2241	0.2295	0.3825	0.3775	0.3825	0.2400	0.3400	0.3775	0.7010	0.0000	0.3825
0.1760	0.5000	0.3825	0.3825	0.2400	0.3825	0.2241	0.2295	0.3825	0.3775	0.3825	0.2400	0.3400	0.3775	0.7010	0.3825	0.0000
0.1760	0.5000	0.2400	0.3825	0.3825	0.2400	0.2069	0.1477	0.3825	0.3775	0.3825	0.3825	0.3400	0.2400	0.7010	0.2400	0.3825
