1.3683	2.4958	2.4637	2.4805	2.4341	2.4527	2.4670	2.4625	2.4980	2.4222	2.5058	2.3713	2.4167	2.4696	2.4948	2.4449	2.4439
1.3703	0.5128	2.4905	2.4741	2.4346	2.4392	2.4635	2.4785	2.5042	2.4245	2.5042	2.3897	2.4411	2.4643	2.4944	2.4529	2.4375
1.3726	0.5053	0.3093	2.4715	2.4411	2.4406	2.4407	2.4377	2.5214	2.4163	2.4771	2.3697	2.4315	2.4512	2.4871	2.4436	2.4305
1.3724	0.5050	0.3161	0.4830	2.4602	2.4260	2.4235	2.4408	2.5043	2.4201	2.4863	2.3965	2.4516	2.4529	2.5168	2.4185	2.4617
1.3881	0.5266	0.2989	0.5042	0.6098	2.4194	2.4380	2.4354	2.5151	2.4195	2.4847	2.3965	2.4385	2.4563	2.5061	2.4049	2.4544
1.3912	0.5288	0.3026	0.5039	0.6095	0.4935	2.4465	2.4453	2.4938	2.3950	2.4839	2.3836	2.4321	2.4196	2.4872	2.4291	2.4416
1.3910	0.5295	0.2970	0.5014	0.6100	0.5133	0.7144	2.4634	2.4925	2.3995	2.4785	2.3904	2.3850	2.4225	2.5099	2.4438	2.4328
1.3917	0.5314	0.2913	0.5144	0.6102	0.5196	0.7173	0.7966	2.5061	2.4028	2.5132	2.3851	2.3727	2.4293	2.4897	2.4452	2.4244
1.3917	0.5315	0.2917	0.5130	0.6103	0.5205	0.7181	0.7970	0.5987	2.4116	2.5129	2.3738	2.3562	2.4346	2.4903	2.4844	2.4358
1.3869	0.5320	0.2904	0.5121	0.6114	0.5188	0.7151	0.7957	0.5991	1.0335	2.5188	2.3874	2.3269	2.4397	2.4848	2.4921	2.4042
1.3869	0.5320	0.2904	0.5121	0.6114	0.5188	0.7151	0.7957	0.5991	1.0335	0.6742	2.3954	2.3074	2.4512	2.4709	2.5029	2.3697
1.3869	0.5320	0.2904	0.5121	0.6114	0.5188	0.7151	0.7957	0.5991	1.0335	0.6742	0.6764	2.2903	2.4695	2.4534	2.5339	2.3502
1.3869	0.5320	0.2904	0.5121	0.6114	0.5188	0.7151	0.7957	0.5991	1.0335	0.6742	0.6764	0.3960	2.4688	2.4495	2.5351	2.3506
1.3869	0.5320	0.2904	0.5121	0.6114	0.5188	0.7151	0.7957	0.5991	1.0335	0.6742	0.6764	0.3960	0.7425	2.4392	2.5617	2.3521
1.3869	0.5320	0.2904	0.5121	0.6114	0.5188	0.7151	0.7957	0.5991	1.0335	0.6742	0.6764	0.3960	0.7425	1.1088	2.5542	2.3883
1.3869	0.5320	0.2904	0.5121	0.6114	0.5188	0.7151	0.7957	0.5991	1.0335	0.6742	0.6764	0.3960	0.7425	1.1088	0.7855	2.3877
1.3869	0.5320	0.2904	0.5121	0.6114	0.5188	0.7151	0.7957	0.5991	1.0335	0.6742	0.6764	0.3960	0.7425	1.1088	0.7855	0.6029
