0.4483	0.0000	0.0775	0.0000	0.4105	0.0025	0.2250	0.0100	0.1875	0.2295	0.0000	0.2275	0.1720	0.0000	0.0000	0.0000	0.0000
0.4655	0.8375	0.0400	0.0000	0.2034	0.0025	0.3425	0.0150	0.2150	0.1500	0.0000	0.1875	0.1720	0.0412	0.0000	0.0275	0.0000
0.4655	0.8400	0.9025	0.0000	0.4373	0.0075	0.2450	0.1825	0.2375	0.2227	0.0000	0.1475	0.1740	0.0206	0.0100	0.0000	0.0025
0.4655	0.8375	0.9000	0.8125	0.3498	0.0275	0.2175	0.1025	0.2375	0.2273	0.0000	0.1125	0.1660	0.0103	0.0100	0.1550	0.0000
0.4138	0.8350	0.9025	0.8175	0.6737	0.0025	0.0300	0.2875	0.2375	0.1955	0.0000	0.1575	0.1800	0.0412	0.0600	0.2975	0.0050
0.4310	0.8350	0.8950	0.8075	0.6731	0.8025	0.0750	0.3775	0.2300	0.1727	0.0000	0.1825	0.1980	0.2165	0.1200	0.1950	0.0400
0.4310	0.8300	0.9050	0.8175	0.6734	0.8050	0.6925	0.3550	0.2175	0.1659	0.0000	0.1875	0.2400	0.3814	0.0200	0.1375	0.0075
0.4310	0.8275	0.9075	0.8050	0.6732	0.8100	0.7050	0.6550	0.2300	0.1614	0.0000	0.2025	0.2000	0.2474	0.0100	0.3200	0.0200
0.4310	0.8275	0.9075	0.8050	0.6729	0.8100	0.7050	0.6600	0.7550	0.1705	0.0000	0.1600	0.1780	0.2371	0.0100	0.3150	0.0150
0.4138	0.8300	0.9100	0.8100	0.6734	0.8100	0.7025	0.6575	0.7575	0.5864	0.0000	0.1625	0.1740	0.1649	0.0400	0.3350	0.0775
0.4138	0.8300	0.9100	0.8100	0.6734	0.8100	0.7025	0.6575	0.7575	0.5864	0.7425	0.1350	0.1860	0.2784	0.1500	0.0200	0.1575
0.4138	0.8300	0.9100	0.8100	0.6734	0.8100	0.7025	0.6575	0.7575	0.5864	0.7425	0.6925	0.1800	0.1649	0.0400	0.0000	0.2075
0.4138	0.8300	0.9100	0.8100	0.6734	0.8100	0.7025	0.6575	0.7575	0.5864	0.7425	0.6925	0.8280	0.1649	0.0400	0.0000	0.2100
0.4138	0.8300	0.9100	0.8100	0.6734	0.8100	0.7025	0.6575	0.7575	0.5864	0.7425	0.6925	0.8280	0.7010	0.0100	0.0050	0.2825
0.4138	0.8300	0.9100	0.8100	0.6734	0.8100	0.7025	0.6575	0.7575	0.5864	0.7425	0.6925	0.8280	0.7010	0.3900	0.0150	0.2900
0.4138	0.8300	0.9100	0.8100	0.6734	0.8100	0.7025	0.6575	0.7575	0.5864	0.7425	0.6925	0.8280	0.7010	0.3900	0.6600	0.2025
0.4138	0.8300	0.9100	0.8100	0.6734	0.8100	0.7025	0.6575	0.7575	0.5864	0.7425	0.6925	0.8280	0.7010	0.3900	0.6600	0.7575
