0.2497	0.0000	0.0674	0.0000	0.1248	0.0052	0.0679	0.0098	0.0824	0.0747	0.0000	0.1758	0.0989	0.0000	0.0000	0.0000	0.0000
0.2606	0.8324	0.0402	0.0000	0.1132	0.0040	0.1276	0.0182	0.0898	0.0700	0.0000	0.0822	0.0989	0.0171	0.0000	0.0177	0.0000
0.2606	0.8346	0.8946	0.0000	0.1606	0.0121	0.0992	0.1020	0.0960	0.0988	0.0000	0.0596	0.0803	0.0080	0.0121	0.0000	0.0021
0.2606	0.8324	0.8921	0.8041	0.1477	0.0333	0.0904	0.0779	0.0960	0.0897	0.0000	0.0595	0.0806	0.0106	0.0090	0.0749	0.0000
0.2265	0.8297	0.8947	0.8079	0.6736	0.0041	0.0226	0.1245	0.0960	0.0890	0.0000	0.0791	0.0793	0.0260	0.0357	0.1021	0.0067
0.2506	0.8292	0.8875	0.7984	0.6729	0.7894	0.0421	0.1380	0.0939	0.0571	0.0000	0.0777	0.1193	0.0625	0.0759	0.0894	0.0538
0.2506	0.8247	0.8972	0.8075	0.6730	0.7907	0.6735	0.1072	0.0764	0.0592	0.0000	0.1085	0.1330	0.0758	0.0157	0.0800	0.0097
0.2506	0.8220	0.9004	0.7969	0.6729	0.7943	0.6852	0.6515	0.0786	0.0542	0.0000	0.1184	0.1357	0.0897	0.0147	0.1138	0.0147
0.2506	0.8220	0.8994	0.7969	0.6726	0.7943	0.6852	0.6554	0.7419	0.0550	0.0000	0.0859	0.1095	0.0876	0.0087	0.1110	0.0138
0.2265	0.8247	0.9028	0.8016	0.6728	0.7943	0.6841	0.6534	0.7441	0.5512	0.0000	0.0823	0.1132	0.0674	0.0226	0.1126	0.0438
0.2265	0.8247	0.9028	0.8016	0.6728	0.7943	0.6841	0.6534	0.7441	0.5512	0.7326	0.0843	0.1351	0.1019	0.0815	0.0189	0.0802
0.2265	0.8247	0.9028	0.8016	0.6728	0.7943	0.6841	0.6534	0.7441	0.5512	0.7326	0.6902	0.1181	0.0711	0.0246	0.0000	0.0844
0.2265	0.8247	0.9028	0.8016	0.6728	0.7943	0.6841	0.6534	0.7441	0.5512	0.7326	0.6902	0.7777	0.0736	0.0276	0.0000	0.0850
0.2265	0.8247	0.9028	0.8016	0.6728	0.7943	0.6841	0.6534	0.7441	0.5512	0.7326	0.6902	0.7777	0.3945	0.0148	0.0051	0.1178
0.2265	0.8247	0.9028	0.8016	0.6728	0.7943	0.6841	0.6534	0.7441	0.5512	0.7326	0.6902	0.7777	0.3945	0.2736	0.0141	0.1120
0.2265	0.8247	0.9028	0.8016	0.6728	0.7943	0.6841	0.6534	0.7441	0.5512	0.7326	0.6902	0.7777	0.3945	0.2736	0.6547	0.0954
0.2265	0.8247	0.9028	0.8016	0.6728	0.7943	0.6841	0.6534	0.7441	0.5512	0.7326	0.6902	0.7777	0.3945	0.2736	0.6547	0.7498
