0.4310	0.0000	0.0000	0.0000	0.0000	0.0000	0.0000	0.0000	0.0000	0.0000	0.0000	0.0000	0.0000	0.0000	0.0000	0.0000	0.0000
0.0000	0.7125	0.0000	0.0000	0.0000	0.0000	0.0000	0.0000	0.0000	0.0000	0.0000	0.0000	0.0000	0.0000	0.0000	0.0000	0.0000
0.0862	0.0500	0.7150	0.0000	0.0000	0.0000	0.0000	0.0000	0.0000	0.0000	0.0000	0.0000	0.0000	0.0000	0.0000	0.0000	0.0000
0.0000	0.0000	0.0525	0.7100	0.0000	0.0000	0.0000	0.0000	0.0000	0.0000	0.0000	0.0000	0.0000	0.0000	0.0000	0.0000	0.0000
0.0000	0.0175	0.0075	0.0100	0.7046	0.0000	0.0000	0.0000	0.0000	0.0000	0.0000	0.0000	0.0000	0.0000	0.0000	0.0000	0.0000
0.1724	0.0150	0.0000	0.0050	0.0001	0.7175	0.0000	0.0000	0.0000	0.0000	0.0000	0.0000	0.0000	0.0000	0.0000	0.0000	0.0000
0.1724	0.0000	0.0000	0.2800	0.0000	0.3875	0.7325	0.0000	0.0000	0.0000	0.0000	0.0000	0.0000	0.0000	0.0000	0.0000	0.0000
0.0000	0.0000	0.3575	0.0000	0.0000	0.2550	0.0075	0.7575	0.0000	0.0000	0.0000	0.0000	0.0000	0.0000	0.0000	0.0000	0.0000
0.0862	0.0225	0.0000	0.3300	0.0001	0.0475	0.2225	0.0000	0.6825	0.0000	0.0000	0.0000	0.0000	0.0000	0.0000	0.0000	0.0000
0.2241	0.0675	0.0325	0.2000	0.0126	0.2300	0.0000	0.0050	0.0175	0.5932	0.0000	0.0000	0.0000	0.0000	0.0000	0.0000	0.0000
0.0172	0.0100	0.0000	0.0675	0.0000	0.0950	0.0325	0.0125	0.2175	0.1364	0.7000	0.0000	0.0000	0.0000	0.0000	0.0000	0.0000
0.0000	0.0025	0.0000	0.1700	0.0111	0.2000	0.0375	0.0025	0.0875	0.1273	0.0600	0.7350	0.0000	0.0000	0.0000	0.0000	0.0000
0.0862	0.0825	0.0125	0.1000	0.0018	0.2225	0.0250	0.0650	0.0925	0.1545	0.1275	0.0225	0.7280	0.0000	0.0000	0.0000	0.0000
0.0000	0.0000	0.0000	0.0000	0.0000	0.3500	0.1450	0.0025	0.3825	0.2091	0.0575	0.0000	0.3860	0.7010	0.0000	0.0000	0.0000
0.0172	0.0300	0.0000	0.1175	0.0132	0.3775	0.0225	0.0000	0.0925	0.0545	0.3025	0.0300	0.0260	0.2165	0.5100	0.0000	0.0000
0.0000	0.0000	0.0000	0.0000	0.0000	0.2650	0.0250	0.0025	0.0775	0.0000	0.2450	0.0000	0.0000	0.2165	0.3400	0.7075	0.0000
0.1379	0.0000	0.0375	0.0000	0.1422	0.2625	0.0000	0.0675	0.0500	0.0909	0.1175	0.0600	0.0000	0.3608	0.3500	0.0025	0.6650
