1.4606	2.5027	2.1163	2.2646	1.9967	2.3351	2.2124	2.2903	1.9317	2.2382	2.1459	2.0972	2.1300	2.1152	2.0815	2.1606	2.1564
1.4611	0.6846	2.0839	2.3288	2.1511	2.2780	2.3946	2.3340	2.0614	2.2767	2.3774	2.1369	2.0737	2.1049	2.0700	2.2714	2.2494
1.4602	0.7026	0.7102	2.3164	2.1288	2.3128	2.5165	2.3545	2.0374	2.3242	2.5102	2.2074	1.9514	2.1557	2.0963	2.2450	2.2869
1.4955	0.7094	0.7183	0.7416	2.0640	2.3450	2.4871	2.2967	2.0413	2.2858	2.4281	2.2563	1.9433	2.1668	2.1657	2.2979	2.2398
1.4837	0.7107	0.7224	0.7534	0.5689	2.2959	2.4105	2.2278	2.0439	2.2045	2.2741	2.1925	1.9691	2.2049	2.1424	2.2257	2.2864
1.4802	0.7472	0.7193	0.7607	0.5831	0.7414	2.3449	2.1948	2.0425	2.2037	2.3321	2.2122	1.8886	2.1733	2.1718	2.2470	2.3336
1.4776	0.7205	0.7217	0.7542	0.5783	0.7469	0.7303	2.1646	2.0231	2.2312	2.4537	2.2391	1.9850	2.1697	2.2011	2.2606	2.2151
1.4457	0.7780	0.7632	0.7845	0.5819	0.7649	0.7504	0.6700	2.0966	2.2189	2.4931	2.2071	1.9906	2.2055	2.1163	2.2691	2.1730
1.4759	0.7794	0.7717	0.7672	0.5793	0.7587	0.7499	0.6854	0.8244	2.3218	2.4965	2.1069	1.9338	2.1392	2.0785	2.2158	2.1791
1.4654	0.8173	0.8019	0.8125	0.5851	0.7936	0.7830	0.7157	0.8793	1.1776	2.3872	2.1503	1.9307	2.1349	2.1297	2.1912	2.1048
1.4492	0.8575	0.7695	0.8158	0.5985	0.7721	0.8001	0.7454	0.8698	1.1940	0.7988	2.0556	1.8878	2.1957	2.0381	2.2221	2.0791
1.4635	0.8655	0.8143	0.8181	0.6452	0.7725	0.7931	0.7815	0.8682	1.1893	0.8093	0.7927	1.9783	2.1510	2.0982	2.1328	2.1327
1.4574	0.7685	0.6962	0.7644	0.6053	0.7894	0.7589	0.7242	0.8610	1.1814	0.8014	0.8000	0.7701	2.2172	2.0768	2.0446	2.1006
1.4704	0.7600	0.6987	0.7696	0.6706	0.8128	0.7547	0.6983	0.8571	1.1844	0.7981	0.7933	0.7608	0.8193	2.0501	2.1019	2.0432
1.4723	0.7988	0.7124	0.7602	0.7411	0.8235	0.7587	0.7094	0.8591	1.1927	0.7933	0.7924	0.8055	0.8107	1.0710	2.0853	1.9818
1.4989	0.8186	0.7807	0.7721	0.8425	0.8153	0.7701	0.7174	0.8441	1.2095	0.8089	0.7907	0.7587	0.8116	1.0701	0.7467	2.0372
1.4759	0.8190	0.8459	0.8724	0.8116	0.7968	0.7673	0.7456	0.8385	1.2455	0.8075	0.7875	0.8553	0.8219	1.0747	0.7612	0.8017
