0.7600	0.1477	0.1500	0.1450	0.0025	0.2241	0.0000	0.2325	0.0075	0.1800	0.3350	0.0175	0.0950	0.0400	0.0625	0.0775	0.0775
0.7650	0.7000	0.0260	0.2500	0.1325	0.1897	0.0309	0.1275	0.0900	0.1600	0.1300	0.0475	0.0908	0.0350	0.0325	0.0850	0.1100
0.7750	0.7091	0.8980	0.2400	0.1000	0.2069	0.0412	0.1250	0.1125	0.2300	0.0800	0.0850	0.0790	0.2250	0.0700	0.0825	0.0975
0.7400	0.6955	0.8860	0.8225	0.1100	0.1897	0.0309	0.1275	0.1225	0.1000	0.0100	0.0525	0.0282	0.2950	0.0975	0.0325	0.0850
0.7650	0.6932	0.8920	0.8025	0.7475	0.1897	0.0309	0.2450	0.2225	0.1400	0.0025	0.1750	0.0113	0.2575	0.0950	0.0275	0.0250
0.7550	0.6841	0.9020	0.7925	0.7475	0.4828	0.0309	0.1375	0.1450	0.1500	0.0350	0.2100	0.1042	0.2075	0.0425	0.0575	0.0200
0.7650	0.6909	0.8920	0.8050	0.7450	0.5000	0.7113	0.0525	0.1900	0.1700	0.0025	0.2700	0.0035	0.2200	0.1650	0.0175	0.0250
0.7450	0.6886	0.8940	0.8175	0.7350	0.4655	0.7113	0.7275	0.0500	0.1400	0.0125	0.1475	0.1174	0.3000	0.1625	0.0175	0.0025
0.7425	0.6841	0.8920	0.8000	0.7125	0.5000	0.7010	0.7375	0.7925	0.1000	0.0175	0.1425	0.2679	0.2600	0.2475	0.0175	0.0275
0.7325	0.6818	0.8940	0.8100	0.7175	0.5172	0.7113	0.7350	0.7850	0.3600	0.0250	0.1350	0.1392	0.2325	0.1625	0.0075	0.0875
0.7325	0.6705	0.8920	0.7850	0.7050	0.5345	0.7010	0.7475	0.7925	0.4700	0.7450	0.2000	0.1298	0.2125	0.0775	0.0275	0.0650
0.7525	0.6386	0.8780	0.8150	0.6950	0.4828	0.7010	0.7600	0.7375	0.4700	0.7275	0.8150	0.1725	0.2600	0.0850	0.0125	0.1225
0.7575	0.6455	0.8800	0.8175	0.6975	0.4828	0.7010	0.7675	0.7300	0.4600	0.7300	0.8050	0.7128	0.2850	0.0925	0.0250	0.1125
0.7800	0.6182	0.8480	0.8250	0.6900	0.5517	0.7010	0.7625	0.7425	0.4900	0.7450	0.8050	0.7090	0.9125	0.0525	0.0325	0.1075
0.7400	0.6227	0.8520	0.8050	0.6900	0.5172	0.7010	0.7425	0.7650	0.4600	0.7375	0.8175	0.7129	0.9100	0.6900	0.0600	0.1300
0.7750	0.6205	0.8460	0.8300	0.7350	0.5517	0.7010	0.7450	0.7500	0.4700	0.7225	0.7975	0.6783	0.9150	0.7100	0.7525	0.0575
0.7725	0.6136	0.8680	0.8300	0.7075	0.5345	0.7010	0.7500	0.7525	0.4800	0.7425	0.8150	0.6885	0.9050	0.7025	0.7425	0.8425
