0.6020	2.0485	2.2847	2.1755	2.2594	2.4146	2.2751	2.0238	2.1776	2.0648	2.0762	2.1552	1.8616	2.0544	2.1814	2.1286	2.0566
0.6116	0.7968	2.1978	2.0757	2.1266	2.1563	2.1382	2.0608	2.1001	2.0740	2.1766	2.1535	1.9742	2.1410	2.1328	2.1428	2.1042
0.6073	0.8004	0.2996	2.0486	2.1889	2.1813	2.1692	2.1064	2.0660	2.0579	2.2258	2.1174	1.9689	2.0358	2.1645	2.1356	2.1266
0.5937	0.8052	0.3093	0.4894	2.1584	2.2815	2.1839	2.0905	2.0592	2.1052	2.3880	2.1447	1.9767	1.9813	2.2598	2.2357	2.1287
0.5925	0.8279	0.3034	0.5388	0.6210	2.2161	2.3199	2.0442	2.0696	2.0987	2.3941	2.1049	2.1633	2.0512	2.1540	2.2099	2.2678
0.6021	0.8310	0.2723	0.5797	0.6344	1.1976	2.2591	2.0972	2.1316	2.0976	2.3216	1.9793	2.0211	2.0821	2.1013	2.1602	2.2974
0.6021	0.8408	0.2716	0.5762	0.6536	1.2185	0.7392	2.1422	2.0825	2.0355	2.3817	1.8992	2.0942	2.0356	2.0918	2.2235	2.2814
0.6443	0.8418	0.2686	0.5125	0.6523	1.2235	0.7386	0.6804	2.1398	2.0073	2.2830	2.0797	1.9942	2.0411	2.0588	2.2604	2.4061
0.6385	0.8556	0.2829	0.5553	0.6686	1.2217	0.7445	0.6857	0.5677	2.0006	2.2913	2.0508	1.7714	2.0716	2.0688	2.2454	2.2481
0.7255	0.8488	0.2685	0.5416	0.6905	1.2233	0.7797	0.7450	0.5767	1.1199	2.2275	2.0867	1.8184	2.0881	2.1212	2.2640	2.1796
0.6593	0.8885	0.2922	0.5739	0.6884	1.2209	0.7741	0.7480	0.5802	1.1139	0.6533	2.0215	1.7988	2.0833	2.2649	2.2491	2.2076
0.6247	0.9351	0.3446	0.5178	0.7597	1.2512	0.7681	0.6874	0.7828	1.1212	0.7245	0.4973	1.7559	2.0701	2.3905	2.2673	2.0722
0.6204	0.9214	0.3331	0.5218	0.7702	1.2412	0.7759	0.6871	0.7987	1.1261	0.7220	0.5061	0.5616	2.0498	2.3207	2.2292	2.0510
0.6098	0.9930	0.4608	0.5240	0.7954	1.2304	0.7889	0.7178	0.7459	1.1311	0.7000	0.5231	0.5663	0.2208	2.3472	2.2068	2.0852
0.6611	0.9827	0.4402	0.5298	0.7498	1.2431	0.7929	0.7361	0.6400	1.1132	0.7123	0.5230	0.5643	0.2235	0.7560	2.1415	2.1104
0.6145	1.0296	0.4470	0.5372	0.6702	1.2283	0.7849	0.7195	0.7387	1.1249	0.7321	0.5192	0.6346	0.2204	0.7288	0.6179	2.1930
0.6338	1.0321	0.3961	0.5417	0.6956	1.2340	0.7752	0.7144	0.7201	1.1185	0.6999	0.5136	0.6127	0.2272	0.7404	0.6192	0.4806
