0.7480	0.0702	0.0617	0.0448	0.0032	0.0732	0.0000	0.0695	0.0064	0.0562	0.0754	0.0143	0.0473	0.0268	0.0313	0.0477	0.0439
0.7527	0.7078	0.0165	0.0678	0.0574	0.0731	0.0169	0.0614	0.0622	0.0486	0.0543	0.0305	0.0376	0.0181	0.0241	0.0467	0.0429
0.7623	0.7125	0.8633	0.0718	0.0467	0.0727	0.0159	0.0598	0.0750	0.0878	0.0369	0.0486	0.0308	0.0826	0.0340	0.0486	0.0423
0.7315	0.6966	0.8575	0.8171	0.0465	0.0571	0.0119	0.0680	0.0710	0.0583	0.0060	0.0322	0.0130	0.1190	0.0451	0.0247	0.0415
0.7549	0.6982	0.8630	0.7911	0.7349	0.0848	0.0121	0.0849	0.0803	0.0797	0.0016	0.0890	0.0054	0.0951	0.0481	0.0242	0.0137
0.7316	0.6870	0.8758	0.7655	0.7280	0.3207	0.0121	0.0612	0.0781	0.0717	0.0162	0.1089	0.0370	0.0691	0.0281	0.0378	0.0100
0.7502	0.6967	0.8646	0.7754	0.7352	0.3690	0.4417	0.0320	0.0842	0.1027	0.0016	0.1406	0.0023	0.0761	0.0649	0.0141	0.0117
0.7127	0.6899	0.8652	0.8013	0.7277	0.3016	0.4417	0.6967	0.0374	0.0843	0.0098	0.0941	0.0397	0.0795	0.0818	0.0118	0.0017
0.7071	0.6840	0.8647	0.7853	0.7033	0.3724	0.3945	0.6960	0.7842	0.0477	0.0128	0.0801	0.0863	0.0781	0.0731	0.0141	0.0144
0.6847	0.6827	0.8693	0.7945	0.7038	0.3924	0.4417	0.6788	0.7741	0.3438	0.0135	0.0628	0.0567	0.0927	0.0658	0.0063	0.0363
0.7037	0.6754	0.8653	0.7648	0.6999	0.4200	0.4409	0.7014	0.7830	0.3238	0.7336	0.1145	0.0570	0.0703	0.0351	0.0224	0.0306
0.7401	0.6431	0.8541	0.8059	0.6945	0.3752	0.3945	0.7344	0.7302	0.3235	0.7228	0.8080	0.0701	0.0934	0.0360	0.0089	0.0568
0.7442	0.6484	0.8545	0.8085	0.6970	0.3756	0.3945	0.7414	0.7221	0.3175	0.7233	0.7977	0.7128	0.0878	0.0361	0.0148	0.0560
0.7687	0.6289	0.8265	0.8148	0.6902	0.5179	0.3945	0.7366	0.7347	0.3258	0.7383	0.7977	0.7083	0.9060	0.0247	0.0213	0.0478
0.7153	0.6317	0.8292	0.7996	0.6913	0.4828	0.3945	0.7176	0.7591	0.2452	0.7299	0.8101	0.7127	0.9038	0.6640	0.0346	0.0522
0.7598	0.6298	0.8236	0.8193	0.7280	0.5200	0.3945	0.7163	0.7386	0.2745	0.7102	0.7917	0.6656	0.9109	0.6901	0.7463	0.0299
0.7628	0.6232	0.8468	0.8192	0.7039	0.4097	0.3945	0.7260	0.7415	0.3228	0.7354	0.8090	0.6825	0.8990	0.6765	0.7383	0.8329
