0.1927	0.0000	0.0000	0.0000	0.0000	0.0000	0.0000	0.0000	0.1290	0.0430	0.1827	0.1827	0.0000	0.0133	0.0000	0.0000	0.1827
0.0738	0.7200	0.0773	0.0063	0.1278	0.0000	0.0000	0.0052	0.1140	0.0726	0.0874	0.0157	0.0168	0.0286	0.0408	0.0969	0.0410
0.1371	0.3770	0.6616	0.0000	0.2453	0.0000	0.0092	0.0000	0.3019	0.0862	0.0151	0.0293	0.0399	0.0852	0.1132	0.1354	0.1288
0.0732	0.2436	0.5858	0.6844	0.0344	0.0000	0.0000	0.0809	0.1844	0.0950	0.0000	0.0191	0.0429	0.0449	0.1911	0.1084	0.1333
0.0585	0.5100	0.2338	0.4035	0.7214	0.0000	0.1490	0.2736	0.0820	0.0748	0.0117	0.0032	0.0368	0.0000	0.2896	0.1022	0.1092
0.1123	0.1634	0.0245	0.0331	0.2627	0.7565	0.0982	0.0000	0.0528	0.0823	0.1072	0.0000	0.1626	0.0978	0.0738	0.0315	0.0000
0.0000	0.0551	0.0645	0.0476	0.1969	0.6010	0.6855	0.0767	0.0000	0.0853	0.1384	0.0000	0.0371	0.1892	0.1909	0.0000	0.0000
0.0000	0.3373	0.1250	0.1501	0.3348	0.3962	0.4056	0.6451	0.0000	0.1072	0.0946	0.0682	0.0000	0.2088	0.1635	0.0000	0.0000
0.1200	0.2152	0.5368	0.5379	0.3494	0.1902	0.0941	0.2158	0.5872	0.1092	0.0737	0.0742	0.0632	0.0500	0.0000	0.1589	0.0828
0.0732	0.1739	0.2150	0.2326	0.2232	0.1087	0.0974	0.1587	0.1608	0.5224	0.0123	0.0850	0.0207	0.0244	0.1063	0.0932	0.1228
0.0994	0.2941	0.0712	0.1322	0.3485	0.2876	0.2778	0.1844	0.2762	0.0883	0.6610	0.0000	0.2472	0.0000	0.0875	0.0293	0.0000
0.0979	0.3160	0.0746	0.0562	0.2205	0.4143	0.3725	0.2521	0.1647	0.0968	0.6772	0.6548	0.1804	0.0000	0.1202	0.0396	0.0020
0.1180	0.3243	0.0124	0.0100	0.0269	0.4868	0.2726	0.2398	0.0192	0.0122	0.2088	0.2371	0.7515	0.0528	0.0119	0.0050	0.0419
0.1026	0.1364	0.0000	0.0000	0.3333	0.1961	0.1844	0.1827	0.1827	0.0000	0.1827	0.1871	0.1932	0.2747	0.0000	0.1162	0.0000
0.0000	0.1827	0.0000	0.0000	0.3333	0.1827	0.1827	0.1827	0.1827	0.0800	0.1844	0.1844	0.1932	0.2747	0.2799	0.0000	0.0000
0.0000	0.1800	0.0835	0.1071	0.3333	0.0730	0.3691	0.2841	0.1411	0.0674	0.1774	0.1399	0.0708	0.2747	0.2005	0.6779	0.0000
0.0000	0.1844	0.1827	0.1019	0.3836	0.1290	0.2065	0.1844	0.1844	0.0910	0.1290	0.1290	0.0824	0.0449	0.2143	0.4368	0.4942
