0.3103	0.3775	0.0050	0.0000	0.2650	0.0000	0.0000	0.0000	0.2350	0.0000	0.0250	0.0000	0.4120	0.0722	0.2100	0.3400	0.2400
0.1897	0.7050	0.2575	0.1250	0.0000	0.0000	0.0175	0.0000	0.1625	0.0000	0.0000	0.0350	0.1660	0.0722	0.0000	0.1600	0.2400
0.1552	0.5225	0.6125	0.0750	0.0000	0.1425	0.1825	0.4025	0.3775	0.1455	0.1775	0.3825	0.0120	0.5876	0.0000	0.2425	0.2250
0.2586	0.2900	0.5375	0.6450	0.0000	0.2375	0.2525	0.3725	0.2475	0.1455	0.2550	0.3825	0.0980	0.0722	0.2000	0.2275	0.0750
0.2586	0.1900	0.1550	0.2975	0.6930	0.0000	0.3775	0.0000	0.3825	0.0114	0.0000	0.3775	0.4080	0.1237	0.0000	0.3775	0.2400
0.2586	0.0000	0.3725	0.3750	0.5003	0.4400	0.3600	0.0000	0.2400	0.0000	0.0000	0.4050	0.0000	0.2062	0.0000	0.0000	0.0000
0.3448	0.0000	0.3825	0.3775	0.5000	0.3950	0.3900	0.0000	0.2400	0.0000	0.0000	0.3775	0.0000	0.0206	0.4400	0.0000	0.2350
0.0000	0.0000	0.3975	0.3775	0.4998	0.3825	0.2400	0.4050	0.2400	0.1455	0.0275	0.3775	0.0000	0.0309	0.0000	0.0000	0.0000
0.0000	0.0000	0.2400	0.3775	0.5000	0.3925	0.2400	0.3925	0.3900	0.1455	0.0000	0.3825	0.0000	0.7010	0.0000	0.0000	0.0000
0.0000	0.0000	0.2400	0.3775	0.0000	0.3825	0.2400	0.2400	0.3975	0.2500	0.0000	0.3825	0.0000	0.7010	0.0000	0.0000	0.3825
0.0000	0.0000	0.2400	0.3775	0.0000	0.4550	0.1225	0.2400	0.3775	0.2500	0.4450	0.3825	0.0000	0.3196	0.0700	0.0000	0.3450
0.0000	0.0000	0.2400	0.3775	0.0000	0.3825	0.2400	0.2900	0.3775	0.2500	0.3100	0.3975	0.0000	0.7010	0.0600	0.0000	0.3225
0.0000	0.0000	0.2400	0.3775	0.4822	0.1675	0.2400	0.2400	0.1850	0.2500	0.4225	0.3775	0.4040	0.7010	0.0000	0.0000	0.0450
0.0000	0.0000	0.2400	0.3775	0.0000	0.3825	0.2400	0.2400	0.3625	0.2500	0.2400	0.3825	0.1760	0.7010	0.0000	0.0000	0.0000
0.0000	0.0000	0.2400	0.3775	0.0000	0.3825	0.2400	0.2400	0.3775	0.2500	0.2400	0.3825	0.1760	0.7010	0.3400	0.0000	0.0000
0.0000	0.0000	0.2400	0.3775	0.0000	0.3825	0.2400	0.2400	0.3775	0.2500	0.2400	0.3775	0.4080	0.7010	0.4400	0.3800	0.0000
0.0000	0.0000	0.2400	0.3825	0.0000	0.3825	0.2400	0.2400	0.3775	0.2295	0.2400	0.3825	0.4080	0.7010	0.3400	0.3800	0.3775
