0.1574	0.1827	0.0050	0.0000	0.1304	0.0000	0.0000	0.0000	0.1130	0.0000	0.0198	0.0000	0.1635	0.0449	0.0875	0.1331	0.1290
0.0647	0.6864	0.1195	0.0500	0.0000	0.0000	0.0146	0.0000	0.0900	0.0000	0.0000	0.0313	0.1041	0.0449	0.0000	0.0967	0.1290
0.1059	0.2573	0.6097	0.0622	0.0000	0.0896	0.0979	0.3218	0.1827	0.0508	0.1039	0.1844	0.0177	0.1913	0.0000	0.1600	0.1475
0.1459	0.1419	0.4096	0.6427	0.0000	0.1823	0.1191	0.1357	0.1042	0.0508	0.1937	0.1844	0.0407	0.0449	0.0917	0.2234	0.0458
0.0725	0.1064	0.0665	0.1469	0.6904	0.0000	0.1827	0.0000	0.1844	0.0123	0.0000	0.1827	0.1932	0.0862	0.0000	0.1827	0.1290
0.0746	0.0000	0.1433	0.1412	0.3356	0.3337	0.1473	0.0000	0.1290	0.0000	0.0000	0.2839	0.0000	0.1064	0.0000	0.0000	0.0000
0.1026	0.0000	0.1388	0.1827	0.3333	0.2191	0.2058	0.0000	0.1290	0.0000	0.0000	0.1827	0.0000	0.0143	0.2037	0.0000	0.0951
0.0000	0.0000	0.2413	0.1827	0.2222	0.1844	0.1290	0.2532	0.1290	0.0508	0.0500	0.1827	0.0000	0.0211	0.0000	0.0000	0.0000
0.0000	0.0000	0.1290	0.1827	0.3333	0.2125	0.1290	0.2125	0.2174	0.0508	0.0000	0.1858	0.0000	0.2747	0.0000	0.0000	0.0000
0.0000	0.0000	0.1290	0.1827	0.0000	0.1844	0.1290	0.1290	0.2367	0.0800	0.0000	0.1844	0.0000	0.2747	0.0000	0.0000	0.1404
0.0000	0.0000	0.1290	0.1827	0.0000	0.3758	0.0593	0.1290	0.1827	0.1237	0.3507	0.1844	0.0000	0.1462	0.0625	0.0000	0.1388
0.0000	0.0000	0.1290	0.1827	0.0000	0.1844	0.1290	0.2172	0.1827	0.0800	0.2430	0.2293	0.0000	0.2747	0.0588	0.0000	0.1344
0.0000	0.0000	0.1290	0.1827	0.2206	0.1342	0.1290	0.1290	0.1238	0.0800	0.3447	0.1827	0.2338	0.2747	0.0000	0.0000	0.0435
0.0000	0.0000	0.1290	0.1827	0.0000	0.1844	0.1290	0.1290	0.1803	0.0800	0.1290	0.1844	0.0998	0.2747	0.0000	0.0000	0.0000
0.0000	0.0000	0.1290	0.1827	0.0000	0.1844	0.1290	0.1290	0.1827	0.0800	0.1290	0.1844	0.0998	0.2747	0.1692	0.0000	0.0000
0.0000	0.0000	0.1290	0.1827	0.0000	0.1388	0.1290	0.1290	0.1827	0.0800	0.1290	0.1827	0.1932	0.2747	0.2037	0.1899	0.0000
0.0000	0.0000	0.1290	0.1844	0.0000	0.1844	0.1290	0.1290	0.1827	0.0747	0.1290	0.1844	0.1932	0.2747	0.1692	0.1899	0.1827
