1.5492	1.7819	2.3644	2.0906	1.9499	2.4818	2.0616	2.3999	2.1779	2.3986	2.2354	2.3021	1.9077	2.5674	2.1560	1.9259	2.1194
1.6487	0.7318	2.2106	2.2001	2.0835	2.2665	2.1619	2.1152	1.9218	2.3029	2.4922	2.2578	2.0137	2.2634	2.4029	2.0715	2.1311
1.9583	1.4309	0.8774	2.0131	2.3300	1.9373	2.3614	1.9824	1.9317	2.1735	1.8373	1.9398	2.2496	1.7409	2.0619	1.9663	2.2271
1.7119	1.9033	0.9181	0.8676	2.3670	1.9881	2.3674	2.0345	2.0041	2.2388	1.8674	1.8686	2.3135	2.1472	1.9699	1.8413	2.3331
2.0537	2.1570	3.3850	2.3035	0.5903	2.3591	1.7649	2.3963	2.1183	2.3350	2.4733	1.9934	2.0552	2.6524	2.2168	2.0949	2.2395
2.5345	2.5874	1.4327	1.5312	1.2897	1.0292	1.9905	2.0156	2.0914	2.4777	2.1836	1.7142	2.4036	1.9905	2.0231	2.1279	2.4701
2.1189	2.3449	1.7185	1.5555	1.1050	1.1562	1.0774	2.1043	2.0883	2.4183	2.2356	1.7780	2.2212	2.3811	2.0027	2.1597	2.4975
2.8634	3.1624	1.4390	1.4257	1.1855	1.1531	1.2343	1.0661	2.0478	2.3916	2.2699	1.6920	2.4265	1.8005	2.1615	2.1785	2.3784
2.8869	3.8222	1.2635	1.2943	1.5711	1.2154	1.4982	1.1062	1.0660	2.3446	2.0748	1.7387	2.3931	1.5108	2.1477	2.2561	2.2466
3.0367	3.6966	1.3412	1.3051	2.2982	1.3757	1.8348	1.1350	1.0697	1.5837	2.0457	1.7667	2.2895	1.5258	2.1481	2.3253	2.1260
2.9058	4.3464	1.3838	1.2812	3.3958	1.3832	2.0692	1.2034	1.1233	1.5889	1.0795	1.7890	2.3471	1.5785	2.1035	2.3295	2.1704
3.0999	4.6608	1.4511	1.3769	2.3066	1.3717	1.9097	1.1558	1.0998	1.5887	1.1232	1.0210	2.3680	1.4479	2.0648	2.4168	2.1523
3.0314	5.1458	1.7981	1.6934	1.6187	1.3807	1.6388	1.2507	1.1839	1.6152	1.0674	1.2570	1.2083	1.5158	2.2082	2.3065	2.1902
2.9679	4.8225	1.6048	1.4768	2.2377	1.4648	2.0382	1.1605	1.1050	1.5945	1.2334	1.0838	1.2463	0.8263	2.0105	2.4943	2.2066
2.9105	5.0487	1.6562	1.4625	2.6241	1.5261	2.2245	1.1802	1.1183	1.5992	1.1784	1.0873	1.2504	0.8273	1.0945	2.4605	2.1464
2.9053	4.9869	1.6055	1.3855	3.2131	1.3361	2.0474	1.2222	1.1039	1.5930	1.1268	1.0984	1.1448	0.8515	1.0718	1.0778	2.1210
2.8663	4.8604	1.5863	1.3972	3.5278	1.4053	2.4361	1.2433	1.1308	1.5951	1.1744	1.0911	1.1468	0.8385	1.0968	1.0876	1.0808
