0.1574	0.1827	0.0050	0.0000	0.1304	0.0000	0.0000	0.0000	0.1130	0.0000	0.0198	0.0000	0.1635	0.0449	0.0875	0.1331	0.1290
-0.0927	0.5037	0.1145	0.0500	-0.1304	0.0000	0.0146	0.0000	-0.0230	0.0000	-0.0198	0.0313	-0.0594	0.0000	-0.0875	-0.0364	0.0000
0.0412	-0.4291	0.4902	0.0122	0.0000	0.0896	0.0833	0.3218	0.0927	0.0508	0.1039	0.1531	-0.0864	0.1464	0.0000	0.0633	0.0185
0.0400	-0.1154	-0.2001	0.5805	0.0000	0.0927	0.0212	-0.1861	-0.0785	0.0000	0.0898	0.0000	0.0230	-0.1464	0.0917	0.0634	-0.1017
-0.0734	-0.0355	-0.3431	-0.4958	0.6904	-0.1823	0.0636	-0.1357	0.0802	-0.0385	-0.1937	-0.0017	0.1525	0.0413	-0.0917	-0.0407	0.0832
0.0021	-0.1064	0.0768	-0.0057	-0.3548	0.3337	-0.0354	0.0000	-0.0554	-0.0123	0.0000	0.1012	-0.1932	0.0202	0.0000	-0.1827	-0.1290
0.0280	0.0000	-0.0045	0.0415	-0.0023	-0.1146	0.0585	0.0000	0.0000	0.0000	0.0000	-0.1012	0.0000	-0.0921	0.2037	0.0000	0.0951
-0.1026	0.0000	0.1025	0.0000	-0.1111	-0.0347	-0.0768	0.2532	0.0000	0.0508	0.0500	0.0000	0.0000	0.0068	-0.2037	0.0000	-0.0951
0.0000	0.0000	-0.1123	0.0000	0.1111	0.0281	0.0000	-0.0407	0.0884	0.0000	-0.0500	0.0031	0.0000	0.2536	0.0000	0.0000	0.0000
0.0000	0.0000	0.0000	0.0000	-0.3333	-0.0281	0.0000	-0.0835	0.0193	0.0292	0.0000	-0.0014	0.0000	0.0000	0.0000	0.0000	0.1404
0.0000	0.0000	0.0000	0.0000	0.0000	0.1914	-0.0697	0.0000	-0.0540	0.0437	0.3507	0.0000	0.0000	-0.1285	0.0625	0.0000	-0.0016
0.0000	0.0000	0.0000	0.0000	0.0000	-0.1914	0.0697	0.0882	0.0000	-0.0437	-0.1077	0.0449	0.0000	0.1285	-0.0037	0.0000	-0.0044
0.0000	0.0000	0.0000	0.0000	0.2206	-0.0502	0.0000	-0.0882	-0.0589	0.0000	0.1017	-0.0466	0.2338	0.0000	-0.0588	0.0000	-0.0909
0.0000	0.0000	0.0000	0.0000	-0.2206	0.0502	0.0000	0.0000	0.0565	0.0000	-0.2157	0.0017	-0.1340	0.0000	0.0000	0.0000	-0.0435
0.0000	0.0000	0.0000	0.0000	0.0000	0.0000	0.0000	0.0000	0.0024	0.0000	0.0000	0.0000	0.0000	0.0000	0.1692	0.0000	0.0000
0.0000	0.0000	0.0000	0.0000	0.0000	-0.0456	0.0000	0.0000	0.0000	0.0000	0.0000	-0.0017	0.0934	0.0000	0.0345	0.1899	0.0000
0.0000	0.0000	0.0000	0.0017	0.0000	0.0456	0.0000	0.0000	0.0000	-0.0053	0.0000	0.0017	0.0000	0.0000	-0.0345	0.0000	0.1827
