0.7344	0.0742	0.1957	0.1290	0.0052	0.0526	0.1833	0.1110	0.1827	0.0000	0.0000	0.0000	0.0004	0.1827	0.0000	0.0000	0.0000
0.7290	0.6980	0.1599	0.1111	0.0037	0.0996	0.2292	0.1503	0.1818	0.0000	0.0000	0.0000	0.0001	0.1464	0.0000	0.0000	0.0106
0.7192	0.7047	0.8246	0.0876	0.0030	0.1135	0.1240	0.1127	0.1821	0.0115	0.0000	0.0000	0.0001	0.2454	0.0000	0.0000	0.0114
0.7186	0.7047	0.8301	0.8039	0.0019	0.1253	0.1313	0.0976	0.2498	0.0000	0.0000	0.0000	0.0000	0.2207	0.0000	0.0000	0.0039
0.7239	0.7005	0.8369	0.8020	0.7468	0.0862	0.1283	0.1079	0.2023	0.0333	0.0000	0.0000	0.0000	0.1362	0.0000	0.0000	0.0041
0.7213	0.6984	0.8408	0.8023	0.7366	0.3005	0.1585	0.0915	0.2912	0.0364	0.0000	0.0000	0.0000	0.1795	0.0000	0.0000	0.0078
0.7158	0.7027	0.8331	0.8070	0.7398	0.3005	0.4091	0.0960	0.2056	0.0353	0.0000	0.0000	0.0000	0.1818	0.0000	0.0000	0.0081
0.7208	0.7050	0.8369	0.8070	0.7404	0.3005	0.4091	0.7622	0.1910	0.0476	0.0000	0.0000	0.0000	0.1353	0.0000	0.0000	0.0043
0.7208	0.7050	0.8331	0.8069	0.7404	0.3005	0.4091	0.7634	0.7395	0.0387	0.0000	0.0000	0.0000	0.1827	0.0000	0.0000	0.0042
0.7180	0.7073	0.8331	0.8073	0.7404	0.3005	0.4091	0.7654	0.7393	0.2923	0.0000	0.0000	0.0000	0.1827	0.0000	0.0000	0.0022
0.7180	0.7072	0.8316	0.8113	0.7315	0.3005	0.4091	0.7646	0.7383	0.2923	0.6699	0.0000	0.0000	0.1366	0.0000	0.0000	0.0022
0.7180	0.7073	0.8316	0.8093	0.7339	0.3005	0.4091	0.7637	0.7400	0.2923	0.6711	0.8071	0.0001	0.1398	0.0000	0.0000	0.0023
0.7210	0.6993	0.8394	0.7963	0.7302	0.2895	0.4091	0.7635	0.7212	0.3121	0.6708	0.7968	0.6286	0.1390	0.0000	0.0000	0.0023
0.7210	0.6969	0.8392	0.7975	0.7342	0.2895	0.4091	0.7667	0.7291	0.3049	0.6798	0.7993	0.6255	0.9300	0.0000	0.0000	0.0025
0.7181	0.6969	0.8379	0.7972	0.7290	0.2895	0.4091	0.7641	0.7308	0.3137	0.6843	0.8049	0.6256	0.9292	0.6784	0.0000	0.0026
0.7178	0.6968	0.8340	0.8023	0.7249	0.2886	0.4091	0.7628	0.7287	0.3137	0.6798	0.8098	0.6197	0.9262	0.6808	0.7072	0.0027
0.7178	0.6968	0.8340	0.8023	0.7289	0.2886	0.4091	0.7679	0.7311	0.3130	0.6773	0.8043	0.6208	0.9262	0.6808	0.7037	0.7879
