0.7450	0.2273	0.4100	0.2400	0.0050	0.1034	0.5670	0.3775	0.3775	0.0000	0.0000	0.0000	0.0005	0.3775	0.0000	0.0000	0.0000
0.7400	0.7000	0.4180	0.2375	0.0050	0.1724	0.5052	0.3225	0.3750	0.0000	0.0000	0.0000	0.0001	0.4075	0.0000	0.0000	0.0125
0.7300	0.7045	0.8760	0.1850	0.0050	0.1897	0.4124	0.3450	0.3750	0.0100	0.0000	0.0000	0.0001	0.5225	0.0000	0.0000	0.0150
0.7300	0.7045	0.8780	0.8125	0.0025	0.2069	0.4433	0.3450	0.4025	0.0000	0.0000	0.0000	0.0000	0.4400	0.0000	0.0000	0.0050
0.7350	0.7000	0.8820	0.8100	0.7550	0.1897	0.2990	0.2225	0.4100	0.0300	0.0000	0.0000	0.0000	0.3725	0.0000	0.0000	0.0050
0.7325	0.6977	0.8840	0.8100	0.7450	0.4828	0.4021	0.1500	0.3950	0.0300	0.0000	0.0000	0.0000	0.3675	0.0000	0.0000	0.0100
0.7275	0.7023	0.8800	0.8150	0.7475	0.4828	0.7113	0.1750	0.3800	0.0300	0.0000	0.0000	0.0000	0.3750	0.0000	0.0000	0.0100
0.7325	0.7045	0.8820	0.8150	0.7475	0.4828	0.7113	0.7775	0.3800	0.0500	0.0000	0.0000	0.0000	0.3700	0.0000	0.0000	0.0050
0.7325	0.7045	0.8800	0.8150	0.7475	0.4828	0.7113	0.7775	0.7475	0.0300	0.0000	0.0000	0.0000	0.3775	0.0000	0.0000	0.0050
0.7300	0.7068	0.8800	0.8150	0.7475	0.4828	0.7113	0.7800	0.7475	0.3400	0.0000	0.0000	0.0000	0.3775	0.0000	0.0000	0.0025
0.7300	0.7068	0.8800	0.8200	0.7400	0.4828	0.7113	0.7800	0.7475	0.3400	0.6800	0.0000	0.0000	0.3750	0.0000	0.0000	0.0025
0.7300	0.7068	0.8800	0.8175	0.7425	0.4828	0.7113	0.7800	0.7500	0.3400	0.6800	0.8175	0.0001	0.3775	0.0000	0.0000	0.0025
0.7325	0.6977	0.8840	0.8050	0.7400	0.4655	0.7113	0.7775	0.7300	0.3600	0.6750	0.8050	0.6286	0.3775	0.0000	0.0000	0.0025
0.7325	0.6955	0.8820	0.8050	0.7425	0.4655	0.7113	0.7800	0.7375	0.3500	0.6825	0.8075	0.6266	0.9350	0.0000	0.0000	0.0025
0.7300	0.6955	0.8820	0.8050	0.7375	0.4655	0.7113	0.7775	0.7400	0.3600	0.6875	0.8125	0.6263	0.9350	0.6825	0.0000	0.0025
0.7300	0.6955	0.8800	0.8100	0.7350	0.4655	0.7113	0.7775	0.7375	0.3600	0.6825	0.8175	0.6230	0.9325	0.6850	0.7100	0.0025
0.7300	0.6955	0.8800	0.8100	0.7400	0.4655	0.7113	0.7825	0.7400	0.3600	0.6800	0.8125	0.6235	0.9325	0.6850	0.7075	0.7950
