0.7051	2.4140	2.3825	2.4255	2.4689	2.4340	2.4036	2.4282	2.4348	2.4949	2.5211	2.5211	2.4442	2.3886	2.5007	2.5613	2.5336
0.7101	0.8910	2.3468	2.4025	2.4802	2.4113	2.3853	2.4129	2.4297	2.5234	2.5255	2.5134	2.4727	2.3847	2.4895	2.6137	2.4946
0.7151	0.8762	0.3588	2.4110	2.4803	2.4119	2.3732	2.3990	2.4254	2.5138	2.5407	2.5449	2.4720	2.3717	2.5264	2.6016	2.5331
0.7088	0.8788	0.3563	0.4806	2.4977	2.4064	2.3409	2.4024	2.3892	2.5227	2.5641	2.5927	2.4770	2.3624	2.5580	2.6491	2.5272
0.7063	0.8797	0.3531	0.4805	0.6436	2.4194	2.3465	2.4004	2.3796	2.5083	2.5611	2.6282	2.5569	2.3690	2.5774	2.6854	2.4996
0.7076	0.8830	0.3492	0.4817	0.6446	1.2876	2.3126	2.3862	2.3665	2.4818	2.5803	2.6410	2.5744	2.3789	2.5720	2.7080	2.4826
0.7078	0.8839	0.3515	0.4808	0.6447	1.2887	0.7276	2.4016	2.3610	2.4967	2.6169	2.6586	2.5419	2.3559	2.5823	2.7220	2.4910
0.7057	0.8841	0.3509	0.4805	0.6459	1.2934	0.7272	0.5689	2.3542	2.5252	2.5936	2.6376	2.5545	2.4096	2.5858	2.6994	2.5069
0.7067	0.8854	0.3514	0.4786	0.6450	1.2887	0.7253	0.5678	0.6420	2.5024	2.6029	2.6332	2.5319	2.4302	2.5705	2.6922	2.5061
0.7064	0.8856	0.3516	0.4797	0.6465	1.2895	0.7233	0.5681	0.6425	1.1083	2.6024	2.6620	2.5326	2.4143	2.6039	2.7196	2.5017
0.7063	0.8891	0.3558	0.4771	0.6488	1.2896	0.7226	0.5733	0.6442	1.1075	0.7572	2.6531	2.5208	2.3960	2.5888	2.7518	2.5080
0.7060	0.8898	0.3556	0.4747	0.6449	1.2898	0.7214	0.5726	0.6459	1.1083	0.7580	0.4882	2.5122	2.4072	2.5696	2.8001	2.5041
0.7161	0.8832	0.3423	0.5414	0.6498	1.2887	0.7198	0.5707	0.6615	1.1016	0.7948	0.4908	0.6461	2.4127	2.5579	2.7794	2.5049
0.7154	0.8843	0.3406	0.5430	0.6445	1.2890	0.7179	0.5679	0.6623	1.0997	0.8069	0.4917	0.6467	0.1745	2.5258	2.7315	2.5251
0.7145	0.8845	0.3458	0.5450	0.6454	1.2893	0.7187	0.5685	0.6680	1.1108	0.7941	0.4939	0.6480	0.1729	0.7947	2.7171	2.5272
0.7165	0.8882	0.3478	0.5472	0.6418	1.2857	0.7195	0.5650	0.6717	1.1123	0.7984	0.4962	0.6503	0.1719	0.7941	0.6724	2.5204
0.7160	0.8907	0.3486	0.5428	0.6444	1.2859	0.7219	0.5671	0.6704	1.1114	0.7957	0.4952	0.6499	0.1712	0.7943	0.6706	0.4932
