1.5206	0.0000	0.0000	0.0000	0.0000	0.0000	0.0000	0.0000	0.0000	0.0000	0.0000	0.0000	0.0000	0.0000	0.0000	0.0000	0.0000
1.7998	0.8859	0.0000	0.0000	0.0000	0.0000	0.0000	0.0000	0.0000	0.0000	0.0000	0.0000	0.0000	0.0000	0.0000	0.0000	0.0000
3.1979	1.7084	1.0432	0.0000	0.0000	0.0000	0.0000	0.0000	0.0000	0.0000	0.0000	0.0000	0.0000	0.0000	0.0000	0.0000	0.0000
2.4578	1.3495	1.1222	1.0391	0.0000	0.0000	0.0000	0.0000	0.0000	0.0000	0.0000	0.0000	0.0000	0.0000	0.0000	0.0000	0.0000
2.1406	2.4966	2.3502	2.3212	0.6932	0.0000	0.0000	0.0000	0.0000	0.0000	0.0000	0.0000	0.0000	0.0000	0.0000	0.0000	0.0000
2.7335	2.3118	1.4889	1.8455	0.6933	1.0821	0.0000	0.0000	0.0000	0.0000	0.0000	0.0000	0.0000	0.0000	0.0000	0.0000	0.0000
2.6422	3.1003	1.6441	2.2353	0.6949	1.1203	1.0822	0.0000	0.0000	0.0000	0.0000	0.0000	0.0000	0.0000	0.0000	0.0000	0.0000
3.3876	5.2079	1.2895	1.9263	0.7297	1.1675	1.1276	1.0806	0.0000	0.0000	0.0000	0.0000	0.0000	0.0000	0.0000	0.0000	0.0000
4.2691	4.0863	1.1836	1.7544	0.9211	1.1452	1.1866	1.0979	1.0810	0.0000	0.0000	0.0000	0.0000	0.0000	0.0000	0.0000	0.0000
3.3178	3.3081	1.5267	2.2868	0.7014	1.1865	1.1586	1.1923	1.1720	1.5857	0.0000	0.0000	0.0000	0.0000	0.0000	0.0000	0.0000
3.6887	3.4323	1.2065	1.5009	0.7584	1.1780	1.1921	1.1232	1.1378	1.6065	1.0816	0.0000	0.0000	0.0000	0.0000	0.0000	0.0000
3.9055	3.2056	1.1805	1.4413	0.7810	1.1935	1.1980	1.1175	1.1402	1.6221	1.0860	1.0809	0.0000	0.0000	0.0000	0.0000	0.0000
2.8251	2.1944	1.1596	1.1814	5.4090	2.0508	2.2702	1.3632	1.3042	1.8544	1.2159	1.1813	1.0997	0.0000	0.0000	0.0000	0.0000
3.5840	2.2479	1.0895	1.1104	5.7791	1.4889	2.0830	1.1673	1.1573	1.7554	1.1486	1.1353	1.1140	0.8314	0.0000	0.0000	0.0000
2.4227	1.2535	1.1672	1.1085	1.3811	1.4380	2.3643	1.9901	1.7450	1.9535	1.6475	1.5015	1.0792	0.9519	1.0814	0.0000	0.0000
3.6573	2.1214	1.1115	1.1347	5.3289	1.4212	1.8744	1.1642	1.1285	1.6991	1.1528	1.1198	1.1142	0.8168	1.1081	1.0804	0.0000
3.7087	2.2253	1.0850	1.1078	5.7553	1.4417	1.9849	1.1636	1.1448	1.7546	1.1513	1.1338	1.0865	0.8278	1.1378	1.0833	1.0802
