0.3966	0.3425	0.0000	0.0000	0.0022	0.0000	0.1750	0.1725	0.0000	0.1386	0.2550	0.2825	0.0000	0.1856	0.2700	0.1950	0.1600
0.2241	0.7075	0.0600	0.0275	0.2782	0.0125	0.0000	0.0075	0.0050	0.1386	0.2925	0.1025	0.0000	0.0825	0.0000	0.0600	0.2225
0.2586	0.6125	0.6425	0.0250	0.0000	0.0325	0.0000	0.0200	0.0275	0.0000	0.2300	0.1100	0.3160	0.0000	0.3900	0.1275	0.0800
0.1552	0.3775	0.6150	0.6600	0.0811	0.4625	0.1700	0.0000	0.3725	0.0000	0.2850	0.2075	0.3460	0.0206	0.2200	0.2300	0.2900
0.0000	0.3775	0.3775	0.3775	0.5000	0.3775	0.0000	0.0000	0.3825	0.0000	0.3775	0.0000	0.0000	0.0000	0.0000	0.3775	0.0000
0.0000	0.3775	0.3775	0.3775	0.5000	0.3775	0.0000	0.0000	0.3825	0.0000	0.3775	0.0000	0.0000	0.0000	0.2200	0.3775	0.0000
0.0000	0.0000	0.3775	0.3825	0.5000	0.3825	0.3775	0.0000	0.3775	0.0000	0.3775	0.0000	0.0000	0.0000	0.2200	0.3825	0.0000
0.0000	0.0000	0.0000	0.3775	0.0000	0.3825	0.3775	0.3775	0.3775	0.0000	0.2400	0.0000	0.0000	0.0000	0.2200	0.0000	0.0000
0.0000	0.0000	0.0000	0.3775	0.0000	0.3825	0.3775	0.3825	0.3775	0.0000	0.2400	0.0000	0.0000	0.0000	0.2200	0.0000	0.0000
0.2241	0.2400	0.2400	0.0000	0.0000	0.0000	0.0000	0.0000	0.0000	0.2500	0.0000	0.3825	0.1760	0.0000	0.4400	0.0000	0.3775
0.0000	0.0000	0.0000	0.0000	0.0000	0.0000	0.0000	0.0000	0.0000	0.2295	0.3825	0.3825	0.1760	0.0000	0.0000	0.0000	0.3775
0.0000	0.2400	0.0000	0.0000	0.0000	0.0000	0.0000	0.0000	0.0000	0.2295	0.2400	0.3825	0.0000	0.0000	0.0000	0.0000	0.3775
0.2241	0.2400	0.2400	0.0000	0.0000	0.0000	0.0000	0.0000	0.0000	0.2295	0.3825	0.3775	0.4160	0.0722	0.0000	0.0000	0.3775
0.3448	0.3825	0.0000	0.0000	0.0000	0.0000	0.0000	0.0000	0.0000	0.2295	0.3825	0.3775	0.4160	0.7010	0.0000	0.0000	0.3775
0.3448	0.0000	0.0000	0.0000	0.0000	0.3775	0.0000	0.0000	0.2400	0.0000	0.3775	0.2400	0.4160	0.7010	0.3400	0.0000	0.0000
0.3448	0.0000	0.0000	0.0000	0.0000	0.3775	0.0000	0.0000	0.0000	0.0000	0.3775	0.3825	0.4160	0.7010	0.4400	0.3825	0.0000
0.3448	0.3825	0.2400	0.0000	0.0000	0.0000	0.0000	0.0000	0.0000	0.2295	0.3775	0.3775	0.4160	0.7010	0.3400	0.3775	0.3825
