0.3222	0.1362	0.0000	0.0000	0.0029	0.0000	0.0770	0.0950	0.0000	0.0796	0.1020	0.1370	0.0000	0.1746	0.1351	0.1066	0.0833
0.1110	0.6894	0.0513	0.0189	0.1071	0.0109	0.0000	0.0063	0.0051	0.0834	0.1789	0.0599	0.0000	0.0546	0.0000	0.0344	0.2125
0.1109	0.4670	0.6275	0.0184	0.0000	0.0225	0.0000	0.0124	0.0205	0.0000	0.1136	0.0667	0.1341	0.0000	0.2517	0.0775	0.0745
0.0833	0.1827	0.4706	0.6022	0.0488	0.2954	0.1102	0.0000	0.1493	0.0000	0.1557	0.0994	0.1302	0.0345	0.1202	0.1278	0.1140
0.0000	0.1827	0.1827	0.1827	0.3333	0.1827	0.0000	0.0000	0.1844	0.0000	0.1827	0.0000	0.0000	0.0000	0.0000	0.1827	0.0000
0.0000	0.1827	0.1827	0.1827	0.3333	0.1827	0.0000	0.0000	0.1844	0.0000	0.1827	0.0000	0.0000	0.0000	0.1202	0.1827	0.0000
0.0000	0.0000	0.1827	0.1844	0.3333	0.1844	0.1827	0.0000	0.1827	0.0000	0.1827	0.0000	0.0000	0.0000	0.1202	0.1844	0.0000
0.0000	0.0000	0.0000	0.1827	0.0000	0.1844	0.1827	0.1827	0.1827	0.0000	0.1290	0.0000	0.0000	0.0000	0.1202	0.0000	0.0000
0.0000	0.0000	0.0000	0.1827	0.0000	0.1844	0.1827	0.1844	0.1827	0.0000	0.1290	0.0000	0.0000	0.0000	0.1202	0.0000	0.0000
0.0732	0.1290	0.1290	0.0000	0.0000	0.0000	0.0000	0.0000	0.0000	0.0800	0.0000	0.1844	0.0998	0.0000	0.2037	0.0000	0.1827
0.0000	0.0000	0.0000	0.0000	0.0000	0.0000	0.0000	0.0000	0.0000	0.0747	0.1844	0.1844	0.0998	0.0000	0.0000	0.0000	0.1827
0.0000	0.1290	0.0000	0.0000	0.0000	0.0000	0.0000	0.0000	0.0000	0.0747	0.1290	0.1844	0.0000	0.0000	0.0000	0.0000	0.1827
0.0732	0.1290	0.1290	0.0000	0.0000	0.0000	0.0000	0.0000	0.0000	0.0747	0.1844	0.1827	0.1959	0.0449	0.0000	0.0000	0.1827
0.1026	0.1844	0.0000	0.0000	0.0000	0.0000	0.0000	0.0000	0.0000	0.0747	0.1844	0.1827	0.1959	0.2747	0.0000	0.0000	0.1827
0.1026	0.0000	0.0000	0.0000	0.0000	0.1827	0.0000	0.0000	0.1290	0.0000	0.1827	0.1290	0.1959	0.2747	0.1692	0.0000	0.0000
0.1026	0.0000	0.0000	0.0000	0.0000	0.1827	0.0000	0.0000	0.0000	0.0000	0.1827	0.1844	0.1959	0.2747	0.2037	0.1844	0.0000
0.1026	0.1844	0.1290	0.0000	0.0000	0.0000	0.0000	0.0000	0.0000	0.0747	0.1827	0.1827	0.1959	0.2747	0.1692	0.1827	0.1844
