1.4604	1.9655	2.2257	2.4777	2.3185	2.1041	2.4284	2.4862	2.3196	2.0720	2.1177	2.0139	2.0938	1.8891	2.0703	2.1444	1.9202
1.6752	0.7737	2.2047	2.2753	2.0052	2.2028	2.5100	2.5497	2.4701	2.2106	2.0146	2.1650	2.1716	2.1792	2.2224	2.1924	2.0364
1.5866	1.0037	0.8855	2.1080	2.1456	2.1439	2.3308	2.7438	2.1959	2.2202	2.1141	2.3469	1.9764	2.0878	1.9956	2.0798	2.0372
1.9083	2.3252	1.2284	0.8668	2.1636	1.9913	2.0917	2.7887	1.9357	2.3146	2.0373	2.1832	1.9410	2.0244	1.9537	2.0088	2.0947
2.5125	2.2500	1.6179	1.5254	0.6932	2.0300	2.3512	2.4092	2.0375	2.1839	1.9099	2.2777	2.0798	2.1976	2.0542	1.9864	2.2144
2.3616	2.4904	1.4547	1.1753	0.6935	1.1241	2.1150	2.8660	1.9406	2.3086	2.0360	2.1916	2.0538	2.0072	1.9684	2.0352	2.2093
2.6312	3.6068	1.7410	1.2148	0.7022	1.2835	1.0829	2.6528	1.9077	2.2797	1.9797	2.2997	2.2261	2.3014	1.9890	2.1548	2.2394
4.0890	6.1456	3.7577	2.3165	3.3100	1.7978	1.1640	1.0811	1.9523	2.2578	1.9939	2.4987	2.2297	2.3182	2.0006	2.2199	2.5464
4.1725	6.3111	3.6737	2.1950	2.9731	1.7632	1.1927	1.0941	1.3334	2.2351	1.9172	2.4639	2.1695	2.2802	1.9302	2.2302	2.4290
1.8915	2.4995	3.3929	3.9855	11.4211	3.3633	4.2780	3.2093	2.5897	1.5864	2.2545	1.8688	2.0096	2.1320	2.0302	2.1646	1.9283
2.3456	2.8382	4.0102	4.4070	10.1445	2.9586	4.6804	2.4957	2.2721	1.7060	1.0814	1.9975	2.1593	1.9279	2.4326	2.2967	2.0328
2.0446	2.7212	4.1507	4.0582	12.8780	3.2535	4.3689	2.4932	2.3130	1.6338	1.1550	1.0843	2.1123	2.0774	2.2991	2.3584	2.0280
1.7833	2.0440	2.5426	2.6766	9.3947	2.8917	4.3102	3.2165	2.5660	1.6287	1.1913	1.1478	1.0970	2.2128	2.3055	2.2689	1.9484
1.8138	1.8121	3.0059	3.2890	10.1884	2.8923	5.3247	3.3289	2.5670	1.7064	1.1278	1.1559	1.1964	0.8344	2.0828	2.2794	2.1352
2.2058	2.4025	2.8375	2.0901	5.0674	1.8402	3.3564	1.9740	1.8666	2.0047	1.2396	1.4925	1.4163	0.8010	1.0983	2.3859	2.4048
2.0510	2.1110	2.5388	2.1428	4.1642	1.9467	3.2772	2.1117	2.0258	2.0373	1.3212	1.5789	1.4064	0.8495	1.0953	1.0839	2.3920
1.6225	1.5701	2.3483	2.7992	7.3086	2.6868	4.4243	3.8287	3.0239	1.6986	1.1673	1.2566	1.1490	0.9140	1.1751	1.2083	1.0824
