0.3448	0.0000	0.3825	0.3050	0.0000	0.0000	0.3775	0.2325	0.2400	0.1455	0.0000	0.0000	0.4080	0.0722	0.2200	0.0000	0.0000
0.3448	0.4200	0.0725	0.0000	0.0000	0.0000	0.3775	0.2400	0.2400	0.2273	0.0000	0.0000	0.0000	0.0722	0.2200	0.0425	0.3750
0.3448	0.4200	0.6325	0.0050	0.0000	0.0000	0.3775	0.2400	0.2400	0.2273	0.0000	0.0000	0.0000	0.0722	0.2200	0.0000	0.0000
0.3448	0.4550	0.6225	0.6050	0.0000	0.0000	0.3775	0.0000	0.2400	0.2273	0.0000	0.0000	0.0000	0.0722	0.2200	0.0000	0.0000
0.3448	0.4600	0.6225	0.6075	0.5341	0.0000	0.3775	0.0000	0.2400	0.2159	0.0000	0.0000	0.0000	0.0722	0.2200	0.0000	0.0000
0.3448	0.4575	0.6300	0.5950	0.5351	0.6150	0.3775	0.0000	0.2400	0.2068	0.0000	0.0000	0.0000	0.0722	0.2200	0.0000	0.0000
0.3448	0.4525	0.6200	0.5950	0.5333	0.6150	0.5975	0.0000	0.2400	0.2273	0.0000	0.0000	0.0000	0.0722	0.2200	0.0000	0.0000
0.3448	0.4500	0.6225	0.5925	0.5332	0.6150	0.5900	0.5600	0.2400	0.2273	0.0000	0.0000	0.0000	0.0722	0.2200	0.0000	0.0000
0.3448	0.4500	0.6325	0.5975	0.5334	0.6125	0.5950	0.5625	0.5850	0.2250	0.0000	0.0000	0.0000	0.0722	0.2200	0.0000	0.0000
0.3448	0.4500	0.6300	0.6000	0.5321	0.6125	0.5950	0.5600	0.5875	0.2727	0.0000	0.0000	0.0000	0.0722	0.2200	0.0000	0.0000
0.3448	0.4500	0.6250	0.5950	0.5297	0.6100	0.5850	0.5650	0.5675	0.2682	0.5625	0.0000	0.0000	0.0722	0.2200	0.0000	0.0000
0.3448	0.4525	0.6275	0.5975	0.5286	0.6125	0.5850	0.5650	0.5650	0.2682	0.5625	0.5550	0.0000	0.0722	0.2200	0.0000	0.0000
0.3448	0.4675	0.6100	0.5950	0.5281	0.5875	0.5925	0.5625	0.5875	0.2523	0.5700	0.5725	0.4020	0.0722	0.2200	0.0000	0.0000
0.3448	0.4650	0.6100	0.5975	0.5294	0.5875	0.5975	0.5575	0.5850	0.2523	0.5700	0.5750	0.4000	0.7010	0.2200	0.0000	0.0000
0.3448	0.4650	0.6075	0.5975	0.5294	0.5875	0.6000	0.5525	0.5825	0.2523	0.5700	0.5750	0.4000	0.7010	0.3400	0.0000	0.0000
0.3448	0.4650	0.6075	0.5900	0.5297	0.5875	0.6075	0.5650	0.6075	0.2523	0.5675	0.5850	0.4000	0.7010	0.3400	0.5950	0.0000
0.3448	0.4650	0.6050	0.5875	0.5292	0.5875	0.6050	0.5550	0.5925	0.2523	0.5625	0.5800	0.4040	0.7010	0.3400	0.5900	0.5625
