0.1026	0.0000	0.1386	0.1865	0.0000	0.0000	0.1827	0.0951	0.1290	0.0508	0.0000	0.0000	0.1932	0.0340	0.1202	0.0000	0.0000
0.1026	0.2739	0.0628	0.0000	0.0000	0.0000	0.1827	0.1290	0.1290	0.0741	0.0000	0.0000	0.0000	0.0449	0.1202	0.0390	0.1376
0.1026	0.2742	0.6238	0.0080	0.0000	0.0000	0.1827	0.1290	0.1290	0.0741	0.0000	0.0000	0.0000	0.0449	0.1202	0.0000	0.0000
0.1026	0.3193	0.6136	0.5938	0.0000	0.0000	0.1827	0.0000	0.1290	0.0750	0.0000	0.0000	0.0000	0.0449	0.1202	0.0000	0.0000
0.1026	0.3247	0.6137	0.5957	0.5300	0.0000	0.1827	0.0000	0.1290	0.0958	0.0000	0.0000	0.0000	0.0449	0.1202	0.0000	0.0000
0.1026	0.3221	0.6229	0.5850	0.5341	0.6029	0.1827	0.0000	0.1290	0.1052	0.0000	0.0000	0.0000	0.0449	0.1202	0.0000	0.0000
0.1026	0.3167	0.6114	0.5850	0.5312	0.6029	0.5828	0.0000	0.1290	0.0741	0.0000	0.0000	0.0000	0.0449	0.1202	0.0000	0.0000
0.1026	0.3115	0.6136	0.5834	0.5299	0.6028	0.5738	0.5497	0.1290	0.0742	0.0000	0.0000	0.0000	0.0449	0.1202	0.0000	0.0000
0.1026	0.3128	0.6253	0.5897	0.5286	0.6001	0.5797	0.5549	0.5612	0.0842	0.0000	0.0000	0.0000	0.0449	0.1202	0.0000	0.0000
0.1026	0.3140	0.6233	0.5927	0.5264	0.6002	0.5797	0.5522	0.5647	0.1570	0.0000	0.0000	0.0000	0.0449	0.1202	0.0000	0.0000
0.1026	0.3140	0.6167	0.5858	0.5212	0.5977	0.5613	0.5482	0.5418	0.1546	0.5437	0.0000	0.0000	0.0449	0.1202	0.0000	0.0000
0.1026	0.3167	0.6191	0.5897	0.5182	0.6001	0.5613	0.5482	0.5395	0.1546	0.5437	0.5277	0.0000	0.0449	0.1202	0.0000	0.0000
0.1026	0.3325	0.6057	0.5904	0.4862	0.5837	0.5849	0.5656	0.5795	0.1448	0.5694	0.5623	0.2944	0.0449	0.1202	0.0000	0.0000
0.1026	0.3299	0.6057	0.5931	0.4925	0.5837	0.5897	0.5614	0.5762	0.1448	0.5694	0.5648	0.2930	0.2747	0.1202	0.0000	0.0000
0.1026	0.3299	0.6036	0.5931	0.4927	0.5837	0.5917	0.5564	0.5719	0.1438	0.5685	0.5648	0.2930	0.2747	0.1692	0.0000	0.0000
0.1026	0.3299	0.6036	0.5865	0.4934	0.5837	0.5950	0.5660	0.5892	0.1448	0.5644	0.5725	0.2995	0.2747	0.1692	0.5856	0.0000
0.1026	0.3299	0.6015	0.5845	0.4934	0.5841	0.5936	0.5568	0.5800	0.1428	0.5598	0.5684	0.3021	0.2747	0.1692	0.5820	0.5213
