1.5090	2.4522	2.4567	2.4385	2.5211	2.5054	2.4452	2.4638	2.4751	2.4541	2.5160	2.4508	2.4526	2.5057	2.4287	2.4341	2.4398
1.5108	1.0435	2.4271	2.4531	2.5535	2.5347	2.4547	2.4598	2.4652	2.4451	2.5399	2.4688	2.4830	2.5398	2.4277	2.4159	2.4055
1.5118	1.0423	0.8468	2.4257	2.5808	2.5042	2.4588	2.4690	2.4771	2.4105	2.5642	2.4960	2.4940	2.5460	2.4198	2.4067	2.4455
1.5118	1.0416	0.8450	0.8626	2.5901	2.4473	2.4286	2.4841	2.4847	2.4212	2.5740	2.4704	2.5359	2.5557	2.4084	2.3893	2.4207
1.5106	1.0416	0.8454	0.8623	0.6913	2.4541	2.4202	2.4825	2.4908	2.4153	2.5851	2.4668	2.5358	2.5507	2.4113	2.3878	2.4362
1.5108	1.0416	0.8466	0.8633	0.6912	0.8773	2.4008	2.4886	2.5057	2.4044	2.5852	2.4551	2.5483	2.5635	2.4323	2.3905	2.4481
1.5110	1.0413	0.8458	0.8632	0.6912	0.8771	0.8972	2.4916	2.5050	2.3933	2.5518	2.4610	2.5610	2.6177	2.4592	2.4332	2.4745
1.5110	1.0413	0.8463	0.8636	0.6912	0.8773	0.8973	0.9289	2.4719	2.4010	2.5195	2.4520	2.5595	2.6080	2.4649	2.4379	2.4905
1.5110	1.0413	0.8468	0.8641	0.6913	0.8772	0.8972	0.9288	0.8893	2.3690	2.5317	2.4205	2.5728	2.5979	2.4548	2.4650	2.5026
1.5110	1.0413	0.8469	0.8641	0.6913	0.8771	0.8971	0.9287	0.8888	1.5678	2.5243	2.4081	2.5760	2.6013	2.4462	2.4644	2.4938
1.5110	1.0413	0.8465	0.8639	0.6913	0.8773	0.8992	0.9291	0.8912	1.5682	0.9092	2.3912	2.5875	2.6270	2.4443	2.4795	2.5037
1.5111	1.0413	0.8466	0.8642	0.6913	0.8769	0.8987	0.9290	0.8916	1.5682	0.9095	0.9076	2.6088	2.5993	2.4235	2.4724	2.4933
1.5094	1.0418	0.8546	0.8678	0.6916	0.8814	0.8978	0.9393	0.8901	1.5679	0.9192	0.9119	1.1363	2.5906	2.4233	2.4658	2.4976
1.5094	1.0418	0.8543	0.8674	0.6916	0.8809	0.8973	0.9393	0.8899	1.5677	0.9184	0.9115	1.1388	0.8147	2.4391	2.4827	2.4665
1.5095	1.0418	0.8542	0.8673	0.6916	0.8807	0.8967	0.9390	0.8896	1.5677	0.9179	0.9110	1.1402	0.8148	1.0960	2.4762	2.4538
1.5095	1.0418	0.8542	0.8679	0.6916	0.8805	0.8925	0.9328	0.8877	1.5676	0.9131	0.9080	1.1418	0.8146	1.0960	0.8781	2.4782
1.5095	1.0418	0.8546	0.8685	0.6916	0.8805	0.8929	0.9350	0.8883	1.5676	0.9138	0.9082	1.1412	0.8144	1.0960	0.8779	0.9207
