0.6805	1.6922	2.1104	2.1553	2.4480	2.1664	2.0835	2.3155	2.4790	2.4517	2.3991	2.2378	2.8176	2.0133	1.8117	2.0224	2.1217
0.8609	0.5646	2.1531	2.0513	2.3278	2.0562	2.0869	2.2747	2.4535	2.4454	2.3614	2.1723	2.6713	2.0018	1.8856	1.9732	2.1194
0.7203	0.6125	0.7220	2.0017	2.3543	2.0703	2.1071	2.2813	2.3636	2.3770	2.3581	2.1497	2.6865	1.9902	1.8106	1.9433	2.1227
0.7580	0.7369	0.7884	0.6297	2.2956	2.0235	2.0649	2.2438	2.1764	2.2472	2.3109	2.1017	2.5771	2.1162	1.7106	1.9277	2.1205
0.8428	0.7950	0.8023	0.6385	0.7491	1.9935	2.0295	2.1906	2.1097	2.2020	2.2984	2.0908	2.4527	2.1193	1.7159	1.9759	2.1182
0.9295	0.7239	0.7993	0.6842	0.8116	0.6470	1.9980	2.1720	2.0622	2.2968	2.1776	2.0373	2.3132	2.0453	1.7281	2.0855	2.1210
0.9028	0.6627	0.7862	0.6823	0.8856	0.6375	1.4664	2.2111	2.0750	2.3147	2.1447	2.0334	2.3138	2.0018	1.7309	2.0983	2.1297
1.0488	1.1280	0.7903	0.6921	0.7664	0.8455	1.5780	1.2701	2.0054	2.2085	2.1189	1.9965	2.2040	2.0975	1.7338	2.0432	2.1264
0.9943	0.9834	0.7746	0.6735	0.8048	0.7019	1.5243	1.3530	0.8204	2.2337	2.1312	2.0071	2.1878	2.0383	1.7529	2.0905	2.1291
1.1104	1.2806	0.8401	0.7563	0.7799	0.8505	1.6234	1.3143	0.8141	0.7154	2.1080	1.9748	2.1463	2.1592	1.7776	2.0909	2.1377
1.4845	1.1095	0.9866	0.8525	0.8689	0.7524	1.5478	1.3327	0.8594	0.7153	0.7635	1.9690	2.0901	2.1224	1.8239	2.1445	2.1465
1.4521	1.0746	0.9780	0.8467	0.8870	0.7488	1.5300	1.3527	0.8447	0.7222	0.7592	0.8036	2.1026	2.1122	1.8139	2.1545	2.1536
2.0050	1.1216	1.1326	1.0254	1.0953	0.8484	1.6041	1.3780	1.0265	0.9084	0.7489	0.7854	1.0971	2.0378	1.9011	2.1924	2.1685
2.1172	1.1621	1.1521	1.0677	1.1266	0.9190	1.6406	1.3892	1.0614	0.9855	0.7584	0.7991	1.0996	0.8491	1.9461	2.2079	2.1796
1.7070	1.2548	1.0610	0.8995	0.8414	0.7682	1.6307	1.3259	0.8556	0.7562	0.7787	0.8218	1.1016	0.9850	0.7751	2.1447	2.1698
1.4241	1.3462	0.9818	0.8028	0.7721	0.8769	1.5815	1.3516	0.8295	0.8019	0.8938	0.9421	1.1029	1.1393	0.7773	0.7319	2.1585
1.5092	0.7057	0.8796	0.9896	1.3382	0.7365	1.4342	1.5537	1.0563	1.0833	0.9733	1.0014	1.0841	0.9527	0.7962	1.1672	0.9754
