0.6868	0.2222	0.0155	0.0419	0.0033	0.0127	0.0588	0.0336	0.0000	0.0000	0.0529	0.0000	0.0000	0.0074	0.1841	0.2237	0.0000
0.5730	0.7176	0.0714	0.0000	0.0150	0.0857	0.0588	0.0087	0.0000	0.0000	0.0000	0.0000	0.0000	0.0297	0.1232	0.2827	0.0064
0.6997	0.6947	0.7050	0.0386	0.0054	0.0303	0.0545	0.0047	0.0033	0.0000	0.0760	0.0000	0.0000	0.0520	0.1444	0.2062	0.0000
0.6563	0.6380	0.6611	0.7425	0.0552	0.0461	0.0588	0.0219	0.0632	0.0000	0.0300	0.0255	0.0000	0.0245	0.1752	0.2540	0.0064
0.6396	0.5992	0.6399	0.7423	0.6584	0.0633	0.0588	0.0466	0.0509	0.0047	0.0471	0.0282	0.0000	0.0231	0.2996	0.2243	0.0094
0.5925	0.6293	0.6635	0.7127	0.6577	0.7281	0.0674	0.0607	0.0159	0.0000	0.0596	0.0994	0.0000	0.0496	0.2163	0.0833	0.0032
0.6189	0.6814	0.6810	0.7193	0.6276	0.7383	0.1938	0.0452	0.0065	0.0000	0.0489	0.1053	0.0139	0.0772	0.1855	0.0657	0.0033
0.5380	0.5254	0.6662	0.7244	0.6330	0.6652	0.1714	0.4086	0.0699	0.0026	0.0471	0.1068	0.0226	0.0279	0.2578	0.1384	0.0051
0.5925	0.5665	0.6809	0.7155	0.6431	0.7130	0.1785	0.3886	0.6310	0.0000	0.0599	0.0839	0.0247	0.0589	0.2281	0.1201	0.0000
0.5327	0.4679	0.6419	0.6881	0.6352	0.6738	0.1714	0.3726	0.6356	0.7099	0.0570	0.1118	0.0328	0.0356	0.2836	0.1345	0.0000
0.4384	0.5160	0.5078	0.5897	0.6016	0.6993	0.1801	0.3733	0.6262	0.7195	0.6226	0.0899	0.0411	0.0496	0.1398	0.0721	0.0000
0.4473	0.5110	0.4991	0.5989	0.6039	0.6979	0.1801	0.3797	0.6466	0.7157	0.6630	0.6521	0.0462	0.0501	0.1156	0.0685	0.0000
0.3600	0.4544	0.4493	0.4892	0.5015	0.6051	0.1743	0.3367	0.4647	0.5929	0.6791	0.6463	0.2007	0.0798	0.0667	0.0481	0.0000
0.3462	0.2863	0.3347	0.4896	0.4871	0.5641	0.1552	0.3352	0.4633	0.5699	0.6641	0.6266	0.2007	0.6027	0.0368	0.0386	0.0000
0.3833	0.4082	0.4407	0.5650	0.6398	0.6779	0.1540	0.3578	0.6276	0.6711	0.6163	0.6141	0.2007	0.4518	0.2747	0.0689	0.0000
0.4356	0.4037	0.5129	0.6300	0.6456	0.6548	0.1705	0.3537	0.6303	0.6351	0.5217	0.5187	0.2014	0.3537	0.2747	0.6921	0.0000
0.4469	0.6204	0.5578	0.5435	0.3554	0.7080	0.1908	0.3013	0.4187	0.5095	0.5632	0.4466	0.3219	0.4770	0.2747	0.4944	0.4566
