0.7300	0.5000	0.0150	0.0450	0.0025	0.0300	0.1724	0.0500	0.0000	0.0000	0.0400	0.0000	0.0000	0.0075	0.2268	0.2850	0.0000
0.6460	0.7179	0.1075	0.0000	0.0075	0.2700	0.1724	0.0045	0.0000	0.0000	0.0000	0.0000	0.0000	0.0400	0.2268	0.3850	0.0050
0.7200	0.6975	0.7175	0.0525	0.0050	0.0600	0.1552	0.0045	0.0025	0.0000	0.0850	0.0000	0.0000	0.0975	0.2474	0.3225	0.0000
0.6800	0.6598	0.6750	0.7525	0.1350	0.0725	0.1724	0.0273	0.0550	0.0000	0.0575	0.0425	0.0000	0.0350	0.2577	0.3925	0.0050
0.6500	0.6357	0.6575	0.7525	0.6675	0.1075	0.1724	0.0886	0.0550	0.0050	0.0750	0.0525	0.0000	0.0350	0.3299	0.3375	0.0075
0.6080	0.6546	0.6850	0.7225	0.6575	0.7350	0.1379	0.1205	0.0125	0.0000	0.1200	0.2900	0.0000	0.0925	0.4330	0.1200	0.0025
0.6300	0.6903	0.6975	0.7250	0.6250	0.7425	0.3793	0.0773	0.0050	0.0000	0.1150	0.2475	0.0200	0.1625	0.4536	0.0850	0.0025
0.5760	0.5940	0.6850	0.7375	0.6400	0.6800	0.3966	0.4727	0.0625	0.0025	0.0900	0.2625	0.0300	0.0350	0.5361	0.2575	0.0050
0.6160	0.6178	0.6975	0.7275	0.6450	0.7225	0.3966	0.4614	0.6400	0.0000	0.1250	0.2150	0.0400	0.1025	0.5155	0.1900	0.0000
0.5720	0.5626	0.6650	0.7100	0.6475	0.6825	0.3966	0.4364	0.6500	0.7225	0.1175	0.2975	0.0600	0.0425	0.5258	0.2550	0.0000
0.4980	0.5882	0.5850	0.6325	0.6125	0.7125	0.3966	0.4636	0.6325	0.7250	0.6425	0.2575	0.0900	0.0925	0.4433	0.1650	0.0000
0.5020	0.5850	0.5775	0.6375	0.6100	0.7100	0.3966	0.4636	0.6525	0.7200	0.6750	0.6725	0.0900	0.0925	0.4433	0.1525	0.0000
0.4220	0.5554	0.5525	0.5600	0.5100	0.6350	0.3966	0.4318	0.4900	0.5925	0.6875	0.6575	0.3600	0.1625	0.1856	0.0975	0.0000
0.4080	0.5430	0.5475	0.5625	0.4925	0.6050	0.3793	0.4250	0.4825	0.5700	0.6700	0.6350	0.3600	0.6075	0.0722	0.0750	0.0000
0.4600	0.5333	0.5400	0.6175	0.6400	0.6925	0.3793	0.4273	0.6375	0.6800	0.6400	0.6500	0.3600	0.5000	0.7010	0.1550	0.0000
0.5100	0.5310	0.5750	0.6650	0.6600	0.6650	0.3966	0.4159	0.6450	0.6550	0.5750	0.5875	0.3600	0.4500	0.7010	0.7075	0.0000
0.4800	0.6486	0.6075	0.5475	0.3850	0.7050	0.3966	0.3773	0.4625	0.5400	0.5625	0.4950	0.4300	0.5300	0.7010	0.5150	0.5075
