0.6400	0.0000	0.0000	0.0000	0.0000	0.0000	0.0000	0.0000	0.0000	0.0000	0.0000	0.0000	0.0000	0.0000	0.0000	0.0000	0.0000
0.4750	0.5659	0.0000	0.0000	0.0000	0.0000	0.0000	0.0000	0.0000	0.0000	0.0000	0.0000	0.0000	0.0000	0.0000	0.0000	0.0000
0.0000	0.1500	0.7580	0.0000	0.0000	0.0000	0.0000	0.0000	0.0000	0.0000	0.0000	0.0000	0.0000	0.0000	0.0000	0.0000	0.0000
0.2400	0.1455	0.6140	0.7650	0.0000	0.0000	0.0000	0.0000	0.0000	0.0000	0.0000	0.0000	0.0000	0.0000	0.0000	0.0000	0.0000
0.0000	0.1159	0.6100	0.5575	0.7425	0.0000	0.0000	0.0000	0.0000	0.0000	0.0000	0.0000	0.0000	0.0000	0.0000	0.0000	0.0000
0.0050	0.1205	0.2320	0.3225	0.3825	0.3621	0.0000	0.0000	0.0000	0.0000	0.0000	0.0000	0.0000	0.0000	0.0000	0.0000	0.0000
0.3775	0.1477	0.0000	0.0000	0.2400	0.3448	0.7010	0.0000	0.0000	0.0000	0.0000	0.0000	0.0000	0.0000	0.0000	0.0000	0.0000
0.3100	0.0136	0.0000	0.0000	0.2400	0.3448	0.7010	0.6225	0.0000	0.0000	0.0000	0.0000	0.0000	0.0000	0.0000	0.0000	0.0000
0.0000	0.1386	0.0840	0.1025	0.2400	0.3448	0.7010	0.3825	0.4650	0.0000	0.0000	0.0000	0.0000	0.0000	0.0000	0.0000	0.0000
0.3775	0.1477	0.0000	0.0000	0.2400	0.3448	0.7010	0.3825	0.3775	0.4400	0.0000	0.0000	0.0000	0.0000	0.0000	0.0000	0.0000
0.3775	0.1477	0.0000	0.0000	0.2400	0.3448	0.7010	0.3825	0.3775	0.4400	0.3825	0.0000	0.0000	0.0000	0.0000	0.0000	0.0000
0.3775	0.1477	0.0000	0.0000	0.2400	0.3448	0.7010	0.3825	0.3775	0.3400	0.3775	0.3825	0.0000	0.0000	0.0000	0.0000	0.0000
0.0000	0.2295	0.1760	0.2400	0.2400	0.3448	0.0722	0.3825	0.3825	0.3400	0.3825	0.2400	0.5000	0.0000	0.0000	0.0000	0.0000
0.0000	0.1477	0.0000	0.0000	0.2400	0.3448	0.7010	0.3825	0.3825	0.3400	0.3775	0.3775	0.5000	0.3825	0.0000	0.0000	0.0000
0.0000	0.1477	0.0000	0.0000	0.2400	0.3448	0.0722	0.3825	0.3825	0.3400	0.3775	0.3825	0.5000	0.2400	0.3775	0.0000	0.0000
0.0000	0.1477	0.0000	0.0000	0.2400	0.3448	0.0722	0.3825	0.3775	0.3400	0.3775	0.3825	0.5000	0.2400	0.3775	0.3775	0.0000
0.2400	0.2500	0.0000	0.0000	0.0000	0.0000	0.0000	0.0000	0.3825	0.3400	0.2400	0.3825	0.5000	0.3825	0.3775	0.3825	0.3825
