0.6387	0.0000	0.0000	0.0000	0.0000	0.0000	0.0000	0.0000	0.0000	0.0000	0.0000	0.0000	0.0000	0.0000	0.0000	0.0000	0.0000
0.4786	0.5853	0.0000	0.0000	0.0000	0.0000	0.0000	0.0000	0.0000	0.0000	0.0000	0.0000	0.0000	0.0000	0.0000	0.0000	0.0000
0.0000	0.0495	0.7127	0.0000	0.0000	0.0000	0.0000	0.0000	0.0000	0.0000	0.0000	0.0000	0.0000	0.0000	0.0000	0.0000	0.0000
0.1391	0.0428	0.5959	0.7497	0.0000	0.0000	0.0000	0.0000	0.0000	0.0000	0.0000	0.0000	0.0000	0.0000	0.0000	0.0000	0.0000
0.0000	0.0422	0.5984	0.4711	0.7351	0.0000	0.0000	0.0000	0.0000	0.0000	0.0000	0.0000	0.0000	0.0000	0.0000	0.0000	0.0000
0.0037	0.0423	0.1884	0.2519	0.3773	0.2745	0.0000	0.0000	0.0000	0.0000	0.0000	0.0000	0.0000	0.0000	0.0000	0.0000	0.0000
0.1827	0.0515	0.0000	0.0000	0.1290	0.1026	0.2747	0.0000	0.0000	0.0000	0.0000	0.0000	0.0000	0.0000	0.0000	0.0000	0.0000
0.1968	0.0143	0.0000	0.0000	0.1290	0.1026	0.2747	0.4767	0.0000	0.0000	0.0000	0.0000	0.0000	0.0000	0.0000	0.0000	0.0000
0.0000	0.0418	0.0652	0.0906	0.1290	0.1026	0.2747	0.1844	0.3627	0.0000	0.0000	0.0000	0.0000	0.0000	0.0000	0.0000	0.0000
0.1827	0.0515	0.0000	0.0000	0.1290	0.1026	0.2747	0.1844	0.1827	0.2037	0.0000	0.0000	0.0000	0.0000	0.0000	0.0000	0.0000
0.1827	0.0515	0.0000	0.0000	0.1290	0.1026	0.2747	0.1844	0.1827	0.2037	0.1844	0.0000	0.0000	0.0000	0.0000	0.0000	0.0000
0.1827	0.0515	0.0000	0.0000	0.1290	0.1026	0.2747	0.1844	0.1827	0.1692	0.1827	0.1844	0.0000	0.0000	0.0000	0.0000	0.0000
0.0000	0.0747	0.0998	0.1290	0.1290	0.1026	0.0449	0.1844	0.1844	0.1692	0.1844	0.1290	0.3333	0.0000	0.0000	0.0000	0.0000
0.0000	0.0515	0.0000	0.0000	0.1290	0.1026	0.2747	0.1844	0.1844	0.1692	0.1827	0.1827	0.3333	0.1844	0.0000	0.0000	0.0000
0.0000	0.0515	0.0000	0.0000	0.1290	0.1026	0.0449	0.1844	0.1844	0.1692	0.1827	0.1844	0.3333	0.1290	0.1827	0.0000	0.0000
0.0000	0.0515	0.0000	0.0000	0.1290	0.1026	0.0449	0.1844	0.1827	0.1692	0.1827	0.1844	0.3333	0.1290	0.1827	0.1827	0.0000
0.1290	0.0800	0.0000	0.0000	0.0000	0.0000	0.0000	0.0000	0.1844	0.1692	0.1290	0.1844	0.3333	0.1844	0.1827	0.1844	0.1844
