0.4302	2.4106	2.1228	2.2673	2.2912	1.7440	2.0643	2.0086	2.3211	1.9878	2.1698	1.9540	2.1514	1.9972	1.9216	2.1542	2.2532
4.1888	0.5478	1.9346	1.9724	2.1466	2.3708	2.1926	2.2606	2.0362	2.2645	2.1898	2.0925	2.1580	2.2470	2.3523	1.9554	1.9356
2.9632	0.8385	0.7190	2.1992	2.0660	2.2697	2.2442	2.1255	2.1401	2.1256	2.2206	2.1466	2.2196	2.2115	2.3232	1.9253	1.9869
5.6898	1.0428	1.3349	0.9184	2.0289	2.4179	2.3355	2.2866	1.9516	2.4084	2.2254	2.2582	2.3011	2.4337	2.0859	1.9425	2.0292
5.3964	0.9821	1.3883	1.2291	0.8588	2.3946	2.2962	2.2349	1.9497	2.3736	2.1634	2.2882	2.3232	2.4061	2.2009	1.9888	2.0508
2.4292	0.9421	1.4301	1.5782	1.5375	1.0845	2.2874	2.0912	2.1836	2.1480	2.2063	2.0066	2.1390	2.2505	2.0734	1.9793	1.9986
1.9192	1.3842	1.6218	1.8263	1.9710	1.1769	1.5413	2.1207	2.2275	2.0184	2.1521	2.0555	2.0340	2.1856	2.1507	2.0330	2.1232
1.3401	4.9576	2.5970	2.9233	4.1687	1.7417	1.7055	1.5855	2.3314	1.9418	2.0385	1.9402	2.0513	2.0554	2.0244	2.0675	2.3798
1.3129	3.7497	2.3416	2.5928	3.4637	1.5157	1.7339	1.6008	1.0835	2.0488	2.2000	1.8582	2.0994	2.1123	1.7535	1.9840	2.3191
1.4658	5.3477	3.1197	3.2357	4.3675	2.1044	1.9102	1.6027	1.1053	1.0823	2.0841	1.9255	2.0933	2.1567	1.8174	2.1786	2.4272
1.4728	7.2597	3.8804	3.9144	5.9684	3.3256	2.4119	1.6109	1.1927	1.0919	1.0811	1.9974	2.0705	1.8846	1.9663	2.2081	2.4267
1.4522	7.1149	3.3880	3.9111	6.0495	3.1149	2.1983	1.6075	1.1608	1.0983	1.1058	1.0808	2.2008	1.8738	1.8960	2.2143	2.3966
1.3432	7.4011	3.7615	4.0277	6.1948	3.2557	2.1967	1.6008	1.1711	1.1009	1.1120	1.0970	1.0916	1.9146	2.0150	2.2631	2.4267
1.3403	8.7470	4.4689	4.6865	7.5876	4.1083	2.5881	1.6016	1.3208	1.1215	1.1278	1.1002	1.0736	1.0802	2.3156	2.3599	2.5037
1.3824	7.4216	3.8066	3.9831	6.5497	3.3335	2.4405	1.6120	1.2002	1.1136	1.1228	1.0875	1.0817	1.0955	0.8261	2.2448	2.4146
1.3777	6.4958	3.3244	3.5168	5.9264	2.9355	2.2839	1.6190	1.2038	1.1421	1.1240	1.0984	1.1217	1.1168	0.8278	1.0818	2.4493
1.3296	5.8640	3.3056	3.5140	5.8175	2.9108	2.3898	1.6294	1.2942	1.1746	1.1170	1.1328	1.1158	1.1193	0.8559	1.0990	1.0824
