0.8620	0.0000	0.0375	0.0275	0.2400	0.5025	0.1724	0.1727	0.0000	0.3825	0.0000	0.3550	0.0800	0.2000	0.3093	0.0025	0.0025
0.0000	0.7439	0.0350	0.2250	0.3825	0.0000	0.0000	0.0000	0.2250	0.0000	0.0000	0.2300	0.0000	0.0000	0.0000	0.0175	0.3775
0.0960	0.5000	0.7750	0.0425	0.2875	0.1575	0.1207	0.0000	0.0875	0.0000	0.0000	0.0500	0.0000	0.0025	0.0412	0.4275	0.2375
0.0000	0.5000	0.2400	0.5975	0.3825	0.0000	0.0000	0.0000	0.3200	0.0175	0.0000	0.1075	0.0000	0.0000	0.0000	0.2325	0.3775
0.0000	0.5000	0.2400	0.5400	0.5975	0.0000	0.0000	0.0000	0.2850	0.0350	0.0000	0.1625	0.0000	0.0000	0.0000	0.0000	0.3775
0.0000	0.5000	0.3825	0.2400	0.2400	0.3825	0.0000	0.0000	0.2400	0.0000	0.0000	0.0000	0.0000	0.0000	0.2268	0.3825	0.0000
0.4160	0.5000	0.3825	0.2400	0.2400	0.3775	0.2241	0.1477	0.0000	0.3825	0.0000	0.0000	0.2200	0.0000	0.0000	0.3825	0.0000
0.4080	0.0000	0.0000	0.0000	0.0000	0.3775	0.2069	0.2500	0.0000	0.3825	0.0000	0.3825	0.3400	0.0000	0.0000	0.0000	0.2400
0.4080	0.0000	0.0000	0.0000	0.0000	0.3825	0.2069	0.2500	0.3825	0.3825	0.0000	0.3825	0.2200	0.0000	0.2268	0.3825	0.0000
0.4080	0.0000	0.0000	0.0000	0.0000	0.0000	0.2069	0.2500	0.3825	0.3825	0.0000	0.0000	0.2200	0.0000	0.2268	0.0000	0.0000
0.1760	0.0000	0.0000	0.0000	0.0000	0.0000	0.0000	0.2500	0.3775	0.3825	0.3825	0.3825	0.0000	0.3825	0.0000	0.0000	0.0000
0.4080	0.0000	0.0000	0.0000	0.0000	0.0000	0.0000	0.2500	0.3775	0.3775	0.3775	0.3825	0.0000	0.3825	0.7010	0.0000	0.0000
0.4080	0.0000	0.0000	0.0000	0.0000	0.0000	0.0000	0.2500	0.3825	0.3825	0.3775	0.3825	0.3400	0.0000	0.0000	0.0000	0.0000
0.4080	0.0000	0.0000	0.0000	0.0000	0.0000	0.0000	0.2500	0.3775	0.3775	0.3775	0.3825	0.4400	0.3825	0.0000	0.0000	0.0000
0.1760	0.0000	0.0000	0.0000	0.0000	0.0000	0.0000	0.2500	0.3775	0.3775	0.3775	0.3825	0.4400	0.3775	0.7010	0.0000	0.0000
0.1760	0.0000	0.0000	0.0000	0.0000	0.0000	0.0000	0.2500	0.3775	0.3825	0.3775	0.3825	0.4400	0.3775	0.7010	0.3825	0.0000
0.4080	0.0000	0.0000	0.0000	0.0000	0.0000	0.0000	0.2500	0.3775	0.3825	0.3775	0.3825	0.4400	0.3775	0.7010	0.3775	0.3775
