0.3448	0.0000	0.0000	0.0000	0.0000	0.0000	0.0000	0.0000	0.0000	0.0000	0.0000	0.0000	0.0000	0.0000	0.0000	0.0000	0.0000
0.3621	0.6625	0.0000	0.0000	0.0000	0.0000	0.0000	0.0000	0.0000	0.0000	0.0000	0.0000	0.0000	0.0000	0.0000	0.0000	0.0000
0.3621	0.6600	0.6275	0.0000	0.0000	0.0000	0.0000	0.0000	0.0000	0.0000	0.0000	0.0000	0.0000	0.0000	0.0000	0.0000	0.0000
0.3448	0.6625	0.6225	0.6300	0.0000	0.0000	0.0000	0.0000	0.0000	0.0000	0.0000	0.0000	0.0000	0.0000	0.0000	0.0000	0.0000
0.3621	0.6675	0.6225	0.6375	0.6570	0.0000	0.0000	0.0000	0.0000	0.0000	0.0000	0.0000	0.0000	0.0000	0.0000	0.0000	0.0000
0.3448	0.6925	0.6450	0.6450	0.6413	0.5950	0.0000	0.0000	0.0000	0.0000	0.0000	0.0000	0.0000	0.0000	0.0000	0.0000	0.0000
0.3448	0.6950	0.6375	0.6425	0.6424	0.5950	0.6850	0.0000	0.0000	0.0000	0.0000	0.0000	0.0000	0.0000	0.0000	0.0000	0.0000
0.3448	0.6925	0.6350	0.6450	0.6394	0.5900	0.6900	0.6425	0.0000	0.0000	0.0000	0.0000	0.0000	0.0000	0.0000	0.0000	0.0000
0.3448	0.7000	0.6150	0.6350	0.6307	0.5775	0.6925	0.6375	0.6250	0.0000	0.0000	0.0000	0.0000	0.0000	0.0000	0.0000	0.0000
0.3448	0.6975	0.6100	0.6325	0.6397	0.5700	0.6950	0.6375	0.6200	0.3591	0.0000	0.0000	0.0000	0.0000	0.0000	0.0000	0.0000
0.3448	0.7025	0.6075	0.6375	0.6390	0.5850	0.6900	0.6350	0.6100	0.3636	0.5750	0.0000	0.0000	0.0000	0.0000	0.0000	0.0000
0.3448	0.7025	0.6075	0.6350	0.6273	0.5875	0.6875	0.6375	0.6100	0.3477	0.5900	0.6025	0.0000	0.0000	0.0000	0.0000	0.0000
0.3448	0.7025	0.6075	0.6450	0.6073	0.5925	0.6900	0.6300	0.6150	0.3727	0.5825	0.6075	0.5680	0.0000	0.0000	0.0000	0.0000
0.3621	0.7050	0.5975	0.6400	0.5918	0.5900	0.6800	0.6300	0.6075	0.3886	0.5625	0.6175	0.5620	0.6598	0.0000	0.0000	0.0000
0.3793	0.7000	0.5725	0.6300	0.6044	0.5750	0.6950	0.6300	0.5750	0.3818	0.5575	0.6175	0.5500	0.7010	0.3500	0.0000	0.0000
0.3966	0.7025	0.5625	0.6250	0.6010	0.5675	0.6875	0.6350	0.5900	0.3795	0.5625	0.6000	0.5560	0.7010	0.3700	0.6400	0.0000
0.3621	0.7100	0.5625	0.6400	0.6158	0.5725	0.6850	0.6250	0.5850	0.3591	0.5700	0.6300	0.5360	0.6082	0.4100	0.6300	0.6225
