0.3793	0.1150	0.0925	0.2375	0.4836	0.2625	0.3775	0.1175	0.3775	0.2227	0.3775	0.0000	0.1760	0.1856	0.0000	0.1850	0.0000
0.4310	0.6600	0.3775	0.2350	0.3719	0.2350	0.2325	0.2350	0.3125	0.2432	0.3775	0.0375	0.1760	0.0825	0.0100	0.2275	0.1225
0.4483	0.6225	0.6150	0.0500	0.0023	0.1900	0.2325	0.2200	0.2425	0.2500	0.3650	0.0000	0.2820	0.0103	0.0100	0.1850	0.0450
0.3966	0.6650	0.6175	0.6350	0.1339	0.2400	0.3500	0.1225	0.3900	0.2500	0.3625	0.0100	0.1880	0.0103	0.0000	0.1925	0.0425
0.3276	0.6375	0.5775	0.6100	0.7160	0.3225	0.3025	0.2075	0.1600	0.2273	0.3375	0.0000	0.3940	0.2165	0.0100	0.2025	0.0000
0.3621	0.6075	0.6225	0.6100	0.7019	0.6650	0.3775	0.2400	0.0575	0.2250	0.3675	0.0800	0.3800	0.0928	0.1000	0.3675	0.0225
0.3621	0.6025	0.5775	0.6450	0.6638	0.6950	0.6650	0.2350	0.0000	0.2273	0.3650	0.0000	0.3640	0.2165	0.0400	0.3825	0.0400
0.3621	0.5825	0.5300	0.6425	0.6977	0.6550	0.6550	0.6875	0.0000	0.2227	0.3825	0.0050	0.3840	0.2784	0.1700	0.3825	0.0025
0.3621	0.5925	0.5875	0.6350	0.6815	0.6525	0.6075	0.6800	0.6425	0.2205	0.3825	0.0050	0.3640	0.2577	0.0200	0.3825	0.0150
0.0000	0.0000	0.0000	0.0000	0.0000	0.0000	0.0000	0.0000	0.0000	0.0000	0.0000	0.0000	0.0000	0.0000	0.0000	0.0000	0.0000
0.0000	0.0000	0.0000	0.0000	0.0000	0.0000	0.0000	0.0000	0.0000	0.0000	0.0000	0.0000	0.0000	0.0000	0.0000	0.0000	0.0000
0.0000	0.0000	0.0000	0.0000	0.0000	0.0000	0.0000	0.0000	0.0000	0.0000	0.0000	0.0000	0.0000	0.0000	0.0000	0.0000	0.0000
0.0000	0.0000	0.0000	0.0000	0.0000	0.0000	0.0000	0.0000	0.0000	0.0000	0.0000	0.0000	0.0000	0.0000	0.0000	0.0000	0.0000
0.0000	0.0000	0.0000	0.0000	0.0000	0.0000	0.0000	0.0000	0.0000	0.0000	0.0000	0.0000	0.0000	0.0000	0.0000	0.0000	0.0000
0.0000	0.0000	0.0000	0.0000	0.0000	0.0000	0.0000	0.0000	0.0000	0.0000	0.0000	0.0000	0.0000	0.0000	0.0000	0.0000	0.0000
0.0000	0.0000	0.0000	0.0000	0.0000	0.0000	0.0000	0.0000	0.0000	0.0000	0.0000	0.0000	0.0000	0.0000	0.0000	0.0000	0.0000
0.0000	0.0000	0.0000	0.0000	0.0000	0.0000	0.0000	0.0000	0.0000	0.0000	0.0000	0.0000	0.0000	0.0000	0.0000	0.0000	0.0000
