1.4997	2.1261	2.1435	2.0651	1.9938	2.0273	2.0960	2.1342	1.9755	2.0689	1.8548	2.1456	2.2033	1.9116	2.1261	2.1184	2.0625
1.4834	0.8044	2.0079	2.0908	1.9648	2.0279	2.1973	2.1168	1.9078	2.1896	1.7030	2.1256	2.0191	1.9591	2.2020	2.1236	2.0992
1.4892	0.8422	0.8353	2.2111	2.0556	2.1853	2.2334	2.2451	1.9139	2.2780	1.6875	2.2574	1.9033	2.1057	2.2164	2.1216	2.2454
1.4980	0.8150	0.8505	0.8125	1.9095	2.0942	2.2878	2.2635	1.8105	2.2921	1.6733	2.0928	1.8304	2.1492	2.3576	2.1441	2.2954
1.5191	0.8538	0.9002	0.8778	0.5549	1.8965	2.2625	2.2363	1.8724	2.1902	1.8281	2.1926	1.8802	1.9771	2.3232	2.2442	2.1838
1.5087	0.8574	0.8694	0.8539	0.5768	0.7844	2.3525	2.2827	1.9600	2.2073	1.7976	2.1082	1.8357	2.0949	2.2528	2.1346	2.1323
1.5240	0.8470	0.8988	0.8281	0.6512	0.8044	0.7899	2.3096	2.0897	2.1628	1.8055	2.2684	1.8065	1.9728	2.2159	2.1010	2.1027
1.5572	0.8596	0.9380	0.8300	0.5930	0.8350	0.8122	0.7959	2.1617	2.1827	1.8193	2.1596	1.7219	1.9464	2.1511	2.1733	2.1700
1.5648	0.8742	0.8804	0.8227	0.6237	0.8302	0.8321	0.8058	0.8366	2.2336	1.8823	2.1857	1.7424	1.9666	2.2200	2.0881	2.1074
0.0000	0.0000	0.0000	0.0000	0.0000	0.0000	0.0000	0.0000	0.0000	0.0000	0.0000	0.0000	0.0000	0.0000	0.0000	0.0000	0.0000
0.0000	0.0000	0.0000	0.0000	0.0000	0.0000	0.0000	0.0000	0.0000	0.0000	0.0000	0.0000	0.0000	0.0000	0.0000	0.0000	0.0000
0.0000	0.0000	0.0000	0.0000	0.0000	0.0000	0.0000	0.0000	0.0000	0.0000	0.0000	0.0000	0.0000	0.0000	0.0000	0.0000	0.0000
0.0000	0.0000	0.0000	0.0000	0.0000	0.0000	0.0000	0.0000	0.0000	0.0000	0.0000	0.0000	0.0000	0.0000	0.0000	0.0000	0.0000
0.0000	0.0000	0.0000	0.0000	0.0000	0.0000	0.0000	0.0000	0.0000	0.0000	0.0000	0.0000	0.0000	0.0000	0.0000	0.0000	0.0000
0.0000	0.0000	0.0000	0.0000	0.0000	0.0000	0.0000	0.0000	0.0000	0.0000	0.0000	0.0000	0.0000	0.0000	0.0000	0.0000	0.0000
0.0000	0.0000	0.0000	0.0000	0.0000	0.0000	0.0000	0.0000	0.0000	0.0000	0.0000	0.0000	0.0000	0.0000	0.0000	0.0000	0.0000
0.0000	0.0000	0.0000	0.0000	0.0000	0.0000	0.0000	0.0000	0.0000	0.0000	0.0000	0.0000	0.0000	0.0000	0.0000	0.0000	0.0000
