0.7760	0.0000	0.0000	0.0000	0.0000	0.0000	0.0000	0.0000	0.0000	0.0000	0.0000	0.0000	0.0000	0.0000	0.0000	0.0000	0.0000
0.1197	0.7032	0.0000	0.0000	0.0000	0.0000	0.0000	0.0000	0.0000	0.0000	0.0000	0.0000	0.0000	0.0000	0.0000	0.0000	0.0000
0.0000	0.3757	0.5491	0.0000	0.0000	0.0000	0.0000	0.0000	0.0000	0.0000	0.0000	0.0000	0.0000	0.0000	0.0000	0.0000	0.0000
0.0328	0.3333	0.4341	0.7828	0.0000	0.0000	0.0000	0.0000	0.0000	0.0000	0.0000	0.0000	0.0000	0.0000	0.0000	0.0000	0.0000
0.0000	0.3333	0.3182	0.3587	0.5774	0.0000	0.0000	0.0000	0.0000	0.0000	0.0000	0.0000	0.0000	0.0000	0.0000	0.0000	0.0000
0.0279	0.3333	0.1290	0.1293	0.1290	0.2552	0.0000	0.0000	0.0000	0.0000	0.0000	0.0000	0.0000	0.0000	0.0000	0.0000	0.0000
0.0000	0.3333	0.1290	0.1290	0.1290	0.2308	0.0732	0.0000	0.0000	0.0000	0.0000	0.0000	0.0000	0.0000	0.0000	0.0000	0.0000
0.0000	0.3427	0.1428	0.1290	0.1844	0.1844	0.1025	0.1482	0.0000	0.0000	0.0000	0.0000	0.0000	0.0000	0.0000	0.0000	0.0000
0.0894	0.4283	0.1290	0.2199	0.3301	0.1844	0.0732	0.1099	0.4100	0.0000	0.0000	0.0000	0.0000	0.0000	0.0000	0.0000	0.0000
0.0000	0.3333	0.1844	0.1290	0.1290	0.1844	0.0732	0.0747	0.1844	0.1844	0.0000	0.0000	0.0000	0.0000	0.0000	0.0000	0.0000
0.0000	0.3333	0.1844	0.1290	0.1827	0.1844	0.0732	0.0747	0.1844	0.1827	0.1827	0.0000	0.0000	0.0000	0.0000	0.0000	0.0000
0.0000	0.3333	0.1844	0.1290	0.1827	0.1844	0.0732	0.0747	0.1844	0.1827	0.1844	0.1827	0.0000	0.0000	0.0000	0.0000	0.0000
0.0000	0.3333	0.1844	0.1844	0.1290	0.1844	0.0000	0.0800	0.1844	0.1827	0.1844	0.1827	0.1692	0.0000	0.0000	0.0000	0.0000
0.0000	0.3333	0.1844	0.0000	0.1290	0.1844	0.0000	0.0747	0.1844	0.1827	0.1844	0.1290	0.1692	0.1844	0.0000	0.0000	0.0000
0.0000	0.3333	0.1844	0.1844	0.1290	0.1844	0.0732	0.0800	0.1844	0.1827	0.1844	0.1827	0.1692	0.1844	0.2747	0.0000	0.0000
0.0000	0.3333	0.1844	0.1844	0.1290	0.1844	0.0732	0.0800	0.1844	0.1827	0.1844	0.1290	0.1692	0.1844	0.2747	0.1844	0.0000
0.0000	0.3333	0.1844	0.1844	0.1290	0.1844	0.0732	0.0747	0.1844	0.1827	0.1844	0.1827	0.1692	0.1844	0.2747	0.1844	0.1844
