0.6525	0.0000	0.0000	0.0000	0.0000	0.0000	0.0000	0.0000	0.0000	0.0000	0.0000	0.0000	0.0000	0.0000	0.0000	0.0000	0.0000
0.6025	0.4932	0.0000	0.0000	0.0000	0.0000	0.0000	0.0000	0.0000	0.0000	0.0000	0.0000	0.0000	0.0000	0.0000	0.0000	0.0000
0.6175	0.4864	0.6100	0.0000	0.0000	0.0000	0.0000	0.0000	0.0000	0.0000	0.0000	0.0000	0.0000	0.0000	0.0000	0.0000	0.0000
0.6350	0.4636	0.6000	0.6800	0.0000	0.0000	0.0000	0.0000	0.0000	0.0000	0.0000	0.0000	0.0000	0.0000	0.0000	0.0000	0.0000
0.6350	0.4818	0.5940	0.6775	0.7025	0.0000	0.0000	0.0000	0.0000	0.0000	0.0000	0.0000	0.0000	0.0000	0.0000	0.0000	0.0000
0.6450	0.4955	0.6020	0.6775	0.6850	0.3103	0.0000	0.0000	0.0000	0.0000	0.0000	0.0000	0.0000	0.0000	0.0000	0.0000	0.0000
0.6300	0.4750	0.6080	0.6925	0.7000	0.3621	0.7010	0.0000	0.0000	0.0000	0.0000	0.0000	0.0000	0.0000	0.0000	0.0000	0.0000
0.6350	0.4932	0.6020	0.6875	0.6925	0.3276	0.7010	0.6250	0.0000	0.0000	0.0000	0.0000	0.0000	0.0000	0.0000	0.0000	0.0000
0.6175	0.4864	0.6000	0.6750	0.7100	0.3621	0.7010	0.6200	0.6350	0.0000	0.0000	0.0000	0.0000	0.0000	0.0000	0.0000	0.0000
0.6450	0.4773	0.6080	0.6900	0.6825	0.3448	0.7010	0.6175	0.6325	0.3700	0.0000	0.0000	0.0000	0.0000	0.0000	0.0000	0.0000
0.6325	0.4591	0.6000	0.6875	0.6775	0.3621	0.7010	0.6175	0.6175	0.4100	0.6825	0.0000	0.0000	0.0000	0.0000	0.0000	0.0000
0.6225	0.4614	0.5940	0.6850	0.7025	0.3621	0.7010	0.6275	0.6175	0.3600	0.6900	0.7025	0.0000	0.0000	0.0000	0.0000	0.0000
0.6525	0.4750	0.6080	0.6950	0.6675	0.3276	0.7010	0.6250	0.6375	0.4100	0.6825	0.6800	0.6950	0.0000	0.0000	0.0000	0.0000
0.6475	0.4705	0.5960	0.6900	0.7000	0.3448	0.7010	0.6200	0.6275	0.4100	0.6875	0.6800	0.6956	0.7225	0.0000	0.0000	0.0000
0.6500	0.4818	0.6100	0.6900	0.6775	0.3966	0.7010	0.6200	0.6375	0.3600	0.6975	0.6700	0.6951	0.7100	0.6700	0.0000	0.0000
0.6375	0.4568	0.6080	0.6850	0.6900	0.3103	0.7010	0.6200	0.6300	0.4300	0.6700	0.6625	0.6948	0.7225	0.6675	0.6550	0.0000
0.6350	0.4682	0.6000	0.6850	0.6850	0.3621	0.7010	0.6100	0.6275	0.4000	0.6800	0.6650	0.6937	0.7150	0.6725	0.6475	0.6875
