0.6353	0.0000	0.0000	0.0000	0.0000	0.0000	0.0000	0.0000	0.0000	0.0000	0.0000	0.0000	0.0000	0.0000	0.0000	0.0000	0.0000
0.5686	0.5048	0.0000	0.0000	0.0000	0.0000	0.0000	0.0000	0.0000	0.0000	0.0000	0.0000	0.0000	0.0000	0.0000	0.0000	0.0000
0.5874	0.4966	0.5378	0.0000	0.0000	0.0000	0.0000	0.0000	0.0000	0.0000	0.0000	0.0000	0.0000	0.0000	0.0000	0.0000	0.0000
0.6060	0.4620	0.5193	0.6628	0.0000	0.0000	0.0000	0.0000	0.0000	0.0000	0.0000	0.0000	0.0000	0.0000	0.0000	0.0000	0.0000
0.6114	0.4792	0.5179	0.6548	0.6812	0.0000	0.0000	0.0000	0.0000	0.0000	0.0000	0.0000	0.0000	0.0000	0.0000	0.0000	0.0000
0.6185	0.5043	0.5272	0.6517	0.6678	0.1579	0.0000	0.0000	0.0000	0.0000	0.0000	0.0000	0.0000	0.0000	0.0000	0.0000	0.0000
0.6010	0.4711	0.5332	0.6669	0.6819	0.1866	0.2747	0.0000	0.0000	0.0000	0.0000	0.0000	0.0000	0.0000	0.0000	0.0000	0.0000
0.6093	0.5024	0.5208	0.6606	0.6777	0.1681	0.2747	0.6062	0.0000	0.0000	0.0000	0.0000	0.0000	0.0000	0.0000	0.0000	0.0000
0.5885	0.4931	0.5254	0.6495	0.6971	0.1842	0.2747	0.6013	0.6192	0.0000	0.0000	0.0000	0.0000	0.0000	0.0000	0.0000	0.0000
0.6205	0.4835	0.5333	0.6675	0.6692	0.1782	0.2747	0.5942	0.6184	0.3058	0.0000	0.0000	0.0000	0.0000	0.0000	0.0000	0.0000
0.6120	0.4580	0.5145	0.6644	0.6660	0.1857	0.2747	0.5964	0.6041	0.2970	0.6692	0.0000	0.0000	0.0000	0.0000	0.0000	0.0000
0.6033	0.4610	0.5178	0.6658	0.6881	0.1849	0.2747	0.6058	0.6016	0.2810	0.6770	0.6808	0.0000	0.0000	0.0000	0.0000	0.0000
0.6229	0.4766	0.5347	0.6735	0.6488	0.1625	0.2747	0.6019	0.6242	0.3477	0.6720	0.6586	0.6950	0.0000	0.0000	0.0000	0.0000
0.6237	0.4663	0.5194	0.6651	0.6829	0.1760	0.2747	0.6006	0.6123	0.3354	0.6756	0.6552	0.6955	0.7039	0.0000	0.0000	0.0000
0.6263	0.4869	0.5307	0.6664	0.6634	0.2004	0.2747	0.6028	0.6216	0.2917	0.6875	0.6422	0.6950	0.6912	0.6544	0.0000	0.0000
0.6169	0.4515	0.5288	0.6618	0.6762	0.1565	0.2747	0.6004	0.6174	0.3548	0.6569	0.6398	0.6948	0.7024	0.6467	0.6426	0.0000
0.6116	0.4627	0.5212	0.6581	0.6689	0.1803	0.2747	0.5893	0.6155	0.3248	0.6676	0.6465	0.6935	0.6966	0.6534	0.6348	0.6737
