0.7986	0.0000	0.0000	0.0000	0.0000	0.0000	0.0000	0.0000	0.0000	0.0000	0.0000	0.0000	0.0000	0.0000	0.0000	0.0000	0.0000
0.8604	1.2708	0.0000	0.0000	0.0000	0.0000	0.0000	0.0000	0.0000	0.0000	0.0000	0.0000	0.0000	0.0000	0.0000	0.0000	0.0000
0.8373	1.2847	0.8738	0.0000	0.0000	0.0000	0.0000	0.0000	0.0000	0.0000	0.0000	0.0000	0.0000	0.0000	0.0000	0.0000	0.0000
0.8355	1.2923	0.8761	0.7767	0.0000	0.0000	0.0000	0.0000	0.0000	0.0000	0.0000	0.0000	0.0000	0.0000	0.0000	0.0000	0.0000
0.8229	1.2835	0.8788	0.7712	0.7952	0.0000	0.0000	0.0000	0.0000	0.0000	0.0000	0.0000	0.0000	0.0000	0.0000	0.0000	0.0000
0.8282	1.2832	0.8713	0.7749	0.8042	1.5285	0.0000	0.0000	0.0000	0.0000	0.0000	0.0000	0.0000	0.0000	0.0000	0.0000	0.0000
0.8284	1.2944	0.8757	0.7707	0.8014	1.5125	0.7837	0.0000	0.0000	0.0000	0.0000	0.0000	0.0000	0.0000	0.0000	0.0000	0.0000
0.8249	1.2922	0.8702	0.7737	0.8043	1.5186	0.7794	0.8406	0.0000	0.0000	0.0000	0.0000	0.0000	0.0000	0.0000	0.0000	0.0000
0.8215	1.2849	0.8804	0.7731	0.7943	1.5194	0.7878	0.8304	0.8207	0.0000	0.0000	0.0000	0.0000	0.0000	0.0000	0.0000	0.0000
0.8151	1.2998	0.8702	0.7724	0.8212	1.4998	0.7916	0.8362	0.8270	1.0925	0.0000	0.0000	0.0000	0.0000	0.0000	0.0000	0.0000
0.8224	1.3067	0.8698	0.7636	0.8128	1.5175	0.7845	0.8386	0.8228	1.0901	0.7843	0.0000	0.0000	0.0000	0.0000	0.0000	0.0000
0.8271	1.3082	0.8809	0.7650	0.7937	1.4935	0.7944	0.8343	0.8147	1.0825	0.7744	0.7610	0.0000	0.0000	0.0000	0.0000	0.0000
0.8080	1.2869	0.8567	0.7748	0.8087	1.5038	0.7940	0.8413	0.8174	1.0854	0.7817	0.7744	0.5770	0.0000	0.0000	0.0000	0.0000
0.8135	1.2988	0.8606	0.7665	0.7980	1.5271	0.7986	0.8453	0.8243	1.0933	0.7837	0.7597	0.5768	0.7092	0.0000	0.0000	0.0000
0.8221	1.2905	0.8545	0.7621	0.8036	1.4891	0.7987	0.8445	0.8192	1.0993	0.7854	0.7616	0.5765	0.7038	0.8031	0.0000	0.0000
0.8109	1.3031	0.8650	0.7584	0.8020	1.4986	0.7956	0.8359	0.8140	1.0846	0.7883	0.7659	0.5760	0.7063	0.8101	0.7844	0.0000
0.8149	1.2895	0.8685	0.7676	0.7970	1.5147	0.7989	0.8448	0.8222	1.0983	0.7769	0.7675	0.5769	0.7045	0.7984	0.7961	0.7945
