1.2237	2.1478	2.0421	2.5251	2.0595	2.3031	1.8490	2.1116	2.2643	2.2995	2.2600	2.3630	2.3186	2.0819	2.1432	2.0640	2.1081
1.2196	0.5051	2.1293	2.4900	1.9627	2.3218	2.0042	2.2851	2.3398	2.2032	2.2019	2.2061	2.2665	2.0301	1.9553	2.0238	1.9813
1.3183	0.4821	0.2957	2.4390	1.9319	2.3848	2.0309	2.2840	2.3783	2.1512	2.2075	2.1586	2.2045	2.0664	1.8566	2.0939	1.9834
1.3878	0.5136	0.3344	0.4981	1.9812	2.3476	2.0321	2.3480	2.3394	2.1872	2.2443	2.4133	2.2130	2.1450	1.9735	1.9617	2.0685
1.4069	0.5344	0.3346	0.5015	0.5686	2.1383	2.0769	2.2496	2.2829	2.1407	2.2661	2.3687	2.2980	2.0792	2.0331	1.9937	2.0814
1.4451	0.6475	0.3877	0.5499	0.6625	0.4938	2.1249	2.3360	2.2084	2.1422	2.2629	2.4219	2.4635	1.9159	1.9104	2.2878	2.1405
1.4649	0.6085	0.4436	0.5584	0.6619	0.5140	0.6839	2.1476	2.2147	2.1229	2.2830	2.4779	2.4232	1.9081	1.8524	2.1691	2.1950
1.5363	0.7186	0.4802	0.6568	0.6267	0.5281	0.6960	0.6424	2.2133	2.1034	2.2529	2.4958	2.4347	1.8928	1.8383	2.1510	2.1406
1.4676	0.6809	0.4182	0.6434	0.6109	0.5435	0.7262	0.6857	0.6201	2.1244	2.1442	2.3746	2.3590	1.8531	1.9416	1.9798	2.1044
1.2347	0.6513	0.4761	0.6736	0.6035	0.5883	0.7646	0.7154	0.6598	0.8205	2.0907	2.3718	2.2432	1.9315	1.9265	2.0468	1.9768
1.2421	0.6454	0.4764	0.6191	0.6083	0.5499	0.6916	0.6850	0.6105	0.8815	0.6464	2.2363	2.3905	2.0656	1.8853	2.2571	1.8124
1.2324	0.6402	0.4435	0.6020	0.6231	0.5284	0.7104	0.6961	0.6239	0.8773	0.6102	0.6432	2.3934	1.9711	1.9129	2.1803	1.8029
1.1971	0.6269	0.3652	0.5862	0.6129	0.5298	0.7176	0.7055	0.6331	0.8755	0.6040	0.6336	0.2693	1.9527	1.9078	2.1595	1.8224
1.2312	0.6711	0.3665	0.6830	0.6148	0.6017	0.7507	0.7415	0.6481	0.8531	0.6796	0.6581	0.2657	0.7012	2.0026	2.1175	1.8627
1.2415	0.6691	0.3592	0.6485	0.6083	0.6307	0.8303	0.7806	0.6774	0.8717	0.7150	0.6936	0.2828	0.7627	1.0982	2.1409	1.8593
1.2762	0.6346	0.3558	0.6472	0.6304	0.5891	0.8178	0.7719	0.6907	0.8567	0.7563	0.7367	0.2615	0.7630	1.0902	0.6662	1.9290
1.3457	0.6195	0.3477	0.6415	0.6127	0.5178	0.7718	0.7698	0.6256	0.9013	0.7279	0.7406	0.2571	0.7303	1.0958	0.6959	0.5756
