0.3540	0.0483	0.0999	0.0029	0.0568	0.0259	0.1141	0.0415	0.0085	0.0494	0.0494	0.0350	0.0147	0.0544	0.0656	0.0568	0.1290
0.4089	0.8238	0.1106	0.0082	0.0372	0.0262	0.0630	0.0071	0.0093	0.0503	0.0249	0.0433	0.0230	0.0689	0.1153	0.0598	0.0745
0.4447	0.8150	0.8886	0.0134	0.0362	0.0089	0.0417	0.0057	0.0055	0.0688	0.0172	0.0411	0.0333	0.0447	0.2240	0.0082	0.0649
0.5011	0.7989	0.8809	0.8197	0.0406	0.0055	0.0554	0.0019	0.0018	0.0554	0.0143	0.0131	0.0251	0.0171	0.0894	0.0975	0.0525
0.3963	0.7933	0.8869	0.8078	0.7140	0.0382	0.0402	0.0133	0.0127	0.0719	0.0132	0.0076	0.0112	0.0295	0.0859	0.0891	0.0536
0.3687	0.7588	0.8727	0.7828	0.6818	0.8104	0.0441	0.0065	0.0131	0.0585	0.0507	0.0072	0.0200	0.1171	0.1075	0.0016	0.0468
0.4921	0.7659	0.8653	0.7996	0.6784	0.8186	0.7011	0.0367	0.0184	0.0570	0.0301	0.0160	0.0198	0.0797	0.1727	0.0136	0.0492
0.3599	0.7449	0.8505	0.7629	0.6960	0.8047	0.7119	0.7419	0.0191	0.0595	0.0274	0.0042	0.0090	0.1562	0.1761	0.0189	0.0553
0.3576	0.7570	0.8830	0.7657	0.7026	0.8128	0.7075	0.7149	0.7390	0.0610	0.0429	0.0284	0.0147	0.1231	0.1422	0.1106	0.0369
0.3601	0.7900	0.8582	0.7473	0.7107	0.8027	0.7117	0.7121	0.7316	0.7056	0.0571	0.0171	0.0334	0.0555	0.1706	0.0586	0.0727
0.3868	0.7659	0.8585	0.7571	0.7066	0.7707	0.6995	0.7313	0.7361	0.6885	0.7521	0.0467	0.0167	0.0363	0.1847	0.0093	0.1212
0.3738	0.7696	0.8627	0.7652	0.6964	0.8067	0.7018	0.7385	0.7507	0.6813	0.7570	0.7292	0.0160	0.0804	0.1144	0.0200	0.1288
0.3882	0.7765	0.8783	0.7679	0.7047	0.8047	0.6999	0.7407	0.7443	0.6858	0.7541	0.7401	0.8638	0.1363	0.1394	0.0252	0.0972
0.3137	0.7646	0.8684	0.7411	0.7051	0.7561	0.7087	0.7283	0.7467	0.6906	0.7557	0.7340	0.8683	0.4613	0.1044	0.0310	0.1232
0.3558	0.7704	0.8792	0.7458	0.7063	0.7691	0.7092	0.6868	0.7292	0.6900	0.7611	0.7339	0.8541	0.5159	0.3041	0.0616	0.1002
0.3121	0.7719	0.8807	0.7555	0.6961	0.7870	0.6939	0.7298	0.7397	0.6889	0.7405	0.7422	0.8692	0.4613	0.3231	0.7009	0.0996
0.3044	0.7667	0.8864	0.7546	0.7029	0.8099	0.6927	0.7204	0.7714	0.6825	0.7299	0.7333	0.8909	0.4997	0.3556	0.7497	0.7499
