0.4828	0.0825	0.1950	0.0025	0.1042	0.0175	0.3775	0.0825	0.0100	0.1545	0.1325	0.0800	0.0200	0.1649	0.1200	0.0625	0.2400
0.5000	0.8300	0.2200	0.0075	0.0721	0.0375	0.1800	0.0075	0.0150	0.2182	0.0475	0.0725	0.0300	0.1546	0.4000	0.0425	0.1925
0.5345	0.8225	0.8950	0.0150	0.0839	0.0100	0.1000	0.0075	0.0075	0.2136	0.0375	0.0875	0.0620	0.0619	0.4100	0.0050	0.1725
0.5000	0.8025	0.8900	0.8300	0.0729	0.0075	0.2525	0.0025	0.0025	0.1841	0.0175	0.0200	0.0440	0.0515	0.2700	0.2775	0.1700
0.4828	0.7975	0.8950	0.8175	0.7143	0.0700	0.1250	0.0200	0.0175	0.2023	0.0150	0.0125	0.0200	0.0619	0.2600	0.2775	0.1625
0.4483	0.7650	0.8800	0.7900	0.6893	0.8200	0.1475	0.0075	0.0250	0.2159	0.0775	0.0100	0.0380	0.3196	0.3300	0.0025	0.1475
0.4828	0.7725	0.8725	0.8075	0.6868	0.8275	0.7200	0.0700	0.0375	0.2182	0.0475	0.0200	0.0380	0.2062	0.3900	0.0225	0.1450
0.4310	0.7525	0.8575	0.7725	0.6990	0.8150	0.7200	0.7500	0.0250	0.2205	0.0400	0.0050	0.0160	0.2990	0.3400	0.0275	0.1450
0.4310	0.7675	0.8900	0.7750	0.7041	0.8275	0.7200	0.7300	0.7600	0.2295	0.0725	0.0400	0.0240	0.3505	0.3300	0.2700	0.0950
0.5172	0.7975	0.8650	0.7575	0.7107	0.8150	0.7250	0.7225	0.7475	0.7045	0.1075	0.0225	0.0520	0.1753	0.3400	0.1375	0.1525
0.5345	0.7750	0.8650	0.7675	0.7068	0.7925	0.7125	0.7500	0.7550	0.6795	0.7625	0.0600	0.0220	0.0515	0.2600	0.0100	0.2425
0.5000	0.7775	0.8700	0.7750	0.6984	0.8225	0.7150	0.7525	0.7700	0.6727	0.7650	0.7325	0.0240	0.2371	0.2800	0.0300	0.2700
0.5345	0.7850	0.8850	0.7775	0.7055	0.8225	0.7150	0.7575	0.7650	0.6773	0.7625	0.7450	0.9000	0.3196	0.3100	0.0375	0.2300
0.4655	0.7725	0.8750	0.7525	0.7061	0.7675	0.7225	0.7425	0.7700	0.6886	0.7650	0.7375	0.8980	0.7216	0.2100	0.0550	0.3150
0.5000	0.7775	0.8850	0.7575	0.7065	0.7825	0.7250	0.7000	0.7550	0.6864	0.7700	0.7425	0.8940	0.7423	0.4300	0.0950	0.2950
0.4655	0.7800	0.8875	0.7675	0.6987	0.8000	0.7125	0.7375	0.7650	0.6886	0.7475	0.7475	0.8980	0.7216	0.4400	0.7225	0.3075
0.4483	0.7750	0.8925	0.7625	0.7032	0.8225	0.7050	0.7250	0.7900	0.6818	0.7375	0.7375	0.9120	0.7320	0.4500	0.7575	0.7650
