1.5425	2.4123	2.3550	2.4896	2.6091	2.4049	2.3337	2.6546	2.5581	2.5754	2.7161	2.4639	2.8021	2.8807	2.5051	2.5933	2.5502
1.8011	1.0868	2.3283	2.4296	2.4497	2.5078	2.3261	2.4573	2.5041	2.4884	2.5353	2.4129	2.5057	2.6722	2.4363	2.5348	2.4658
1.7986	1.0938	1.0872	2.4443	2.5350	2.6530	2.3010	2.5700	2.5927	2.6761	2.5558	2.2529	2.6021	3.0748	2.3939	2.8178	2.6008
1.8112	1.1131	1.1116	1.0947	2.5299	2.6524	2.2573	2.6365	2.6364	2.6846	2.4316	2.2917	2.6614	2.9736	2.4196	2.9836	2.7058
1.8559	1.4877	1.5109	1.5986	0.6932	2.4144	2.3726	2.6896	2.6433	2.5791	2.4812	2.3755	2.5908	2.6245	2.3944	2.6983	2.6158
1.5488	1.1170	1.1528	1.2392	0.6934	1.0992	2.3598	2.7048	2.6649	2.6811	2.6863	2.5900	2.6883	2.8122	2.3526	2.8035	2.7569
1.5373	1.0939	1.1364	1.1989	0.6933	1.0965	1.1039	2.5848	2.6883	2.7434	2.7255	2.6721	2.6737	2.9258	2.3524	2.8669	2.6966
1.5504	1.1154	1.1936	1.2678	0.6932	1.1273	1.1377	1.0999	2.6077	2.8100	2.7625	2.6075	2.7166	2.8502	2.3029	2.7582	2.6093
1.6428	1.1550	1.2433	1.3523	0.6934	1.1411	1.1789	1.1070	1.1019	2.7890	2.7462	2.4087	2.4943	2.8358	2.4510	2.7980	2.5846
1.8196	1.4347	1.5861	1.6839	0.6943	1.3166	1.3612	1.1991	1.1992	1.6003	2.4110	2.4702	2.4474	2.7707	2.5200	2.4822	2.4265
1.8640	1.2442	1.2167	1.1897	0.6932	1.1213	1.1121	1.1001	1.1003	1.5940	1.1024	2.2496	2.6354	2.8605	2.7254	2.7346	2.6558
1.8686	1.2650	1.2374	1.1996	0.6932	1.1226	1.1174	1.1029	1.1064	1.5923	1.1099	1.1000	2.2492	2.4568	2.7396	2.3489	3.0165
1.8530	1.4006	1.4122	1.3896	0.6932	1.1934	1.1959	1.1516	1.1531	1.5907	1.1779	1.1230	1.0803	2.3416	2.7558	2.2792	2.9509
1.8390	1.2390	1.2329	1.2112	0.6932	1.1187	1.1075	1.0965	1.0942	1.5952	1.0987	1.0887	1.1735	0.8671	2.7623	2.4045	3.0464
nan	nan	nan	nan	nan	nan	nan	nan	nan	nan	nan	nan	nan	nan	nan	nan	nan
0.0000	0.0000	0.0000	0.0000	0.0000	0.0000	0.0000	0.0000	0.0000	0.0000	0.0000	0.0000	0.0000	0.0000	0.0000	0.0000	0.0000
0.0000	0.0000	0.0000	0.0000	0.0000	0.0000	0.0000	0.0000	0.0000	0.0000	0.0000	0.0000	0.0000	0.0000	0.0000	0.0000	0.0000
